0.00333333 0 2 67 563
0.01 0 2 73 540
0.0166667 0 2 59 535
0.0233333 0 2 85 517
0.03 1 1 79 509
0.0366667 0 1 87 497
0.0433333 0 1 98 504
0.05 0 3 92 537
0.0566667 1 4 92 566
0.0633333 0 4 111 566
0.07 1 3 133 561
0.0766667 1 2 92 609
0.0833333 0 3 122 601
0.09 1 4 103 583
0.0966667 0 1 117 587
0.103333 1 6 123 551
0.11 1 2 121 603
0.116667 0 2 130 616
0.123333 0 6 130 611
0.13 0 2 129 578
0.136667 0 2 130 577
0.143333 0 4 125 615
0.15 1 2 139 644
0.156667 0 2 136 675
0.163333 0 2 144 693
0.17 0 2 135 687
0.176667 0 5 122 689
0.183333 1 5 152 1116
0.19 0 7 199 1494
0.196667 0 1 194 1034
0.203333 1 2 141 812
0.21 0 3 153 674
0.216667 1 0 143 645
0.223333 0 4 132 528
0.23 1 2 154 554
0.236667 1 5 136 595
0.243333 0 5 147 562
0.25 0 1 125 517
0.256667 0 2 99 554
0.263333 0 4 118 553
0.27 0 4 106 547
0.276667 0 2 105 499
0.283333 0 1 111 557
0.29 0 1 99 488
0.296667 0 1 82 523
0.303333 0 2 104 508
0.31 0 2 117 487
0.316667 1 0 92 520
0.323333 2 0 99 511
0.33 0 1 93 504
0.336667 0 2 88 530
0.343333 2 2 78 529
0.35 0 0 74 529
0.356667 0 0 73 499
0.363333 0 1 75 492
0.37 0 1 86 509
0.376667 0 1 71 541
0.383333 0 0 78 488
0.39 0 2 66 519
0.396667 0 0 78 528
0.403333 0 4 76 583
0.41 1 0 74 540
0.416667 1 3 81 558
0.423333 0 2 63 546
0.43 0 0 75 538
0.436667 0 0 63 564
0.443333 1 0 81 561
0.45 0 4 77 598
0.456667 0 3 97 614
0.463333 0 1 91 660
0.47 1 2 91 711
0.476667 2 1 66 541
0.483333 1 1 28 218
0.49 0 1 26 207
0.496667 0 2 25 186
0.503333 0 2 23 173
0.51 1 2 19 161
0.516667 0 1 11 136
0.523333 0 1 21 132
0.53 1 0 11 137
0.536667 0 2 15 111
0.543333 0 1 15 104
0.55 0 1 12 102
0.556667 1 2 10 98
0.563333 0 0 13 105
0.57 1 1 16 93
0.576667 1 0 8 92
0.583333 0 0 9 87
0.59 1 0 9 87
0.596667 1 1 14 93
0.603333 0 0 8 77
0.61 0 0 11 76
0.616667 0 1 13 71
0.623333 0 0 10 79
0.63 1 1 14 105
0.636667 1 1 23 150
0.643333 0 0 6 55
0.65 0 0 9 56
0.656667 0 0 11 57
0.663333 3 16 4888 41454
0.67 0 0 0 0
0.676667 0 0 0 0
0.683333 0 0 0 0
0.69 0 0 0 0
0.696667 0 0 0 0
0.703333 0 0 0 0
0.71 0 0 0 0
0.716667 0 0 0 0
0.723333 0 0 0 0
0.73 0 0 0 0
0.736667 0 0 0 0
0.743333 0 0 0 0
0.75 0 0 0 0
0.756667 0 0 0 0
0.763333 0 0 0 0
0.77 0 0 0 0
0.776667 0 0 0 0
0.783333 0 0 0 0
0.79 0 0 0 0
0.796667 0 0 0 0
0.803333 0 0 0 0
0.81 0 0 0 0
0.816667 0 0 0 0
0.823333 0 0 0 0
0.83 0 0 0 0
0.836667 0 0 0 0
0.843333 0 0 0 0
0.85 0 0 0 0
0.856667 0 0 0 0
0.863333 0 0 0 0
0.87 0 0 0 0
0.876667 0 0 0 0
0.883333 0 0 0 0
0.89 0 0 0 0
0.896667 0 0 0 0
0.903333 0 0 0 0
0.91 0 0 0 0
0.916667 0 0 0 0
0.923333 0 0 0 0
0.93 0 0 0 0
0.936667 0 0 0 0
0.943333 0 0 0 0
0.95 0 0 0 0
0.956667 0 0 0 0
0.963333 0 0 0 0
0.97 0 0 0 0
0.976667 0 0 0 0
0.983333 0 0 0 0
0.99 0 0 0 0
0.996667 0 0 0 0
1.00333 0 0 0 0
1.01 0 0 0 0
1.01667 0 0 0 0
1.02333 0 0 0 0
1.03 0 0 0 0
1.03667 0 0 0 0
1.04333 0 0 0 0
1.05 0 0 0 0
1.05667 0 0 0 0
1.06333 0 0 0 0
1.07 0 0 0 0
1.07667 0 0 0 0
1.08333 0 0 0 0
1.09 0 0 0 0
1.09667 0 0 0 0
1.10333 0 0 0 0
1.11 0 0 0 0
1.11667 0 0 0 0
1.12333 0 0 0 0
1.13 0 0 0 0
1.13667 0 0 0 0
1.14333 0 0 0 0
1.15 0 0 0 0
1.15667 0 0 0 0
1.16333 0 0 0 0
1.17 0 0 0 0
1.17667 0 0 0 0
1.18333 0 0 0 0
1.19 0 0 0 0
1.19667 0 0 0 0
1.20333 0 0 0 0
1.21 0 0 0 0
1.21667 0 0 0 0
1.22333 0 0 0 0
1.23 0 0 0 0
1.23667 0 0 0 0
1.24333 0 0 0 0
1.25 0 0 0 0
1.25667 0 0 0 0
1.26333 0 0 0 0
1.27 0 0 0 0
1.27667 0 0 0 0
1.28333 0 0 0 0
1.29 0 0 0 0
1.29667 0 0 0 0
1.30333 0 0 0 0
1.31 0 0 0 0
1.31667 0 0 0 0
1.32333 0 0 0 0
1.33 0 0 0 0
1.33667 0 0 0 0
1.34333 0 0 0 0
1.35 0 0 0 0
1.35667 0 0 0 0
1.36333 0 0 0 0
1.37 0 0 0 0
1.37667 0 0 0 0
1.38333 0 0 0 0
1.39 0 0 0 0
1.39667 0 0 0 0
1.40333 0 0 0 0
1.41 0 0 0 0
1.41667 0 0 0 0
1.42333 0 0 0 0
1.43 0 0 0 0
1.43667 0 0 0 0
1.44333 0 0 0 0
1.45 0 0 0 0
1.45667 0 0 0 0
1.46333 0 0 0 0
1.47 0 0 0 0
1.47667 0 0 0 0
1.48333 0 0 0 0
1.49 0 0 0 0
1.49667 0 0 0 0
1.50333 0 0 0 0
1.51 0 0 0 0
1.51667 0 0 0 0
1.52333 0 0 0 0
1.53 0 0 0 0
1.53667 0 0 0 0
1.54333 0 0 0 0
1.55 0 0 0 0
1.55667 0 0 0 0
1.56333 0 0 0 0
1.57 0 0 0 0
1.57667 0 0 0 0
1.58333 0 0 0 0
1.59 0 0 0 0
1.59667 0 0 0 0
1.60333 0 0 0 0
1.61 0 0 0 0
1.61667 0 0 0 0
1.62333 0 0 0 0
1.63 0 0 0 0
1.63667 0 0 0 0
1.64333 0 0 0 0
1.65 0 0 0 0
1.65667 0 0 0 0
1.66333 0 0 0 0
1.67 0 0 0 0
1.67667 0 0 0 0
1.68333 0 0 0 0
1.69 0 0 0 0
1.69667 0 0 0 0
1.70333 0 0 0 0
1.71 0 0 0 0
1.71667 0 0 0 0
1.72333 0 0 0 0
1.73 0 0 0 0
1.73667 0 0 0 0
1.74333 0 0 0 0
1.75 0 0 0 0
1.75667 0 0 0 0
1.76333 0 0 0 0
1.77 0 0 0 0
1.77667 0 0 0 0
1.78333 0 0 0 0
1.79 0 0 0 0
1.79667 0 0 0 0
1.80333 0 0 0 0
1.81 0 0 0 0
1.81667 0 0 0 0
1.82333 0 0 0 0
1.83 0 0 0 0
1.83667 0 0 0 0
1.84333 0 0 0 0
1.85 0 0 0 0
1.85667 0 0 0 0
1.86333 0 0 0 0
1.87 0 0 0 0
1.87667 0 0 0 0
1.88333 0 0 0 0
1.89 0 0 0 0
1.89667 0 0 0 0
1.90333 0 0 0 0
1.91 0 0 0 0
1.91667 0 0 0 0
1.92333 0 0 0 0
1.93 0 0 0 0
1.93667 0 0 0 0
1.94333 0 0 0 0
1.95 0 0 0 0
1.95667 0 0 0 0
1.96333 0 0 0 0
1.97 0 0 0 0
1.97667 0 0 0 0
1.98333 0 0 0 0
1.99 0 0 0 0
1.99667 0 0 0 0
