0.00333333 38 53 4 1
0.01 44 84 5 2
0.0166667 49 79 5 1
0.0233333 37 84 8 0
0.03 47 93 4 3
0.0366667 52 125 14 0
0.0433333 80 138 14 2
0.05 116 205 15 2
0.0566667 106 221 12 3
0.0633333 130 237 19 1
0.07 145 255 20 3
0.0766667 145 281 28 2
0.0833333 152 265 22 1
0.09 152 277 20 4
0.0966667 151 263 24 3
0.103333 141 227 17 3
0.11 151 272 21 1
0.116667 147 281 23 0
0.123333 118 287 29 5
0.13 113 266 20 3
0.136667 142 234 15 3
0.143333 123 235 12 1
0.15 117 231 21 2
0.156667 95 242 15 0
0.163333 115 210 24 3
0.17 83 199 14 2
0.176667 106 221 18 2
0.183333 90 228 12 0
0.19 109 240 19 4
0.196667 118 223 15 2
0.203333 118 207 16 1
0.21 99 191 14 2
0.216667 85 196 16 2
0.223333 88 228 10 2
0.23 82 147 10 3
0.236667 76 156 15 4
0.243333 81 138 5 2
0.25 77 156 8 5
0.256667 70 126 7 3
0.263333 55 129 8 1
0.27 71 122 8 3
0.276667 89 112 10 1
0.283333 68 143 5 3
0.29 61 128 12 0
0.296667 56 126 10 1
0.303333 63 119 9 1
0.31 60 125 13 2
0.316667 59 101 8 1
0.323333 53 107 8 1
0.33 44 108 10 1
0.336667 53 110 7 2
0.343333 52 104 9 0
0.35 47 78 7 0
0.356667 37 81 4 1
0.363333 48 94 8 3
0.37 46 95 8 2
0.376667 55 98 8 0
0.383333 48 76 7 0
0.39 36 84 11 1
0.396667 68 87 6 1
0.403333 48 78 7 4
0.41 39 71 7 2
0.416667 35 71 9 2
0.423333 38 73 10 0
0.43 37 77 7 1
0.436667 44 77 10 1
0.443333 33 68 4 0
0.45 39 61 10 0
0.456667 44 77 9 1
0.463333 38 62 8 0
0.47 34 77 10 3
0.476667 36 80 4 1
0.483333 20 55 7 0
0.49 33 39 6 2
0.496667 23 48 5 0
0.503333 18 48 4 1
0.51 25 38 1 1
0.516667 25 54 4 2
0.523333 27 42 7 0
0.53 22 37 5 3
0.536667 22 41 3 1
0.543333 16 42 5 1
0.55 18 29 5 2
0.556667 21 53 1 0
0.563333 20 34 4 0
0.57 18 35 6 2
0.576667 15 21 4 0
0.583333 19 37 2 2
0.59 18 42 4 2
0.596667 17 37 1 0
0.603333 17 30 4 2
0.61 17 35 1 1
0.616667 20 45 3 0
0.623333 19 20 7 0
0.63 18 33 4 2
0.636667 16 39 1 0
0.643333 31 36 4 2
0.65 12 43 4 0
0.656667 14 40 4 1
0.663333 889 2299 104 22
0.67 0 0 0 0
0.676667 0 0 0 0
0.683333 0 0 0 0
0.69 0 0 0 0
0.696667 0 0 0 0
0.703333 0 0 0 0
0.71 0 0 0 0
0.716667 0 0 0 0
0.723333 0 0 0 0
0.73 0 0 0 0
0.736667 0 0 0 0
0.743333 0 0 0 0
0.75 0 0 0 0
0.756667 0 0 0 0
0.763333 0 0 0 0
0.77 0 0 0 0
0.776667 0 0 0 0
0.783333 0 0 0 0
0.79 0 0 0 0
0.796667 0 0 0 0
0.803333 0 0 0 0
0.81 0 0 0 0
0.816667 0 0 0 0
0.823333 0 0 0 0
0.83 0 0 0 0
0.836667 0 0 0 0
0.843333 0 0 0 0
0.85 0 0 0 0
0.856667 0 0 0 0
0.863333 0 0 0 0
0.87 0 0 0 0
0.876667 0 0 0 0
0.883333 0 0 0 0
0.89 0 0 0 0
0.896667 0 0 0 0
0.903333 0 0 0 0
0.91 0 0 0 0
0.916667 0 0 0 0
0.923333 0 0 0 0
0.93 0 0 0 0
0.936667 0 0 0 0
0.943333 0 0 0 0
0.95 0 0 0 0
0.956667 0 0 0 0
0.963333 0 0 0 0
0.97 0 0 0 0
0.976667 0 0 0 0
0.983333 0 0 0 0
0.99 0 0 0 0
0.996667 0 0 0 0
1.00333 0 0 0 0
1.01 0 0 0 0
1.01667 0 0 0 0
1.02333 0 0 0 0
1.03 0 0 0 0
1.03667 0 0 0 0
1.04333 0 0 0 0
1.05 0 0 0 0
1.05667 0 0 0 0
1.06333 0 0 0 0
1.07 0 0 0 0
1.07667 0 0 0 0
1.08333 0 0 0 0
1.09 0 0 0 0
1.09667 0 0 0 0
1.10333 0 0 0 0
1.11 0 0 0 0
1.11667 0 0 0 0
1.12333 0 0 0 0
1.13 0 0 0 0
1.13667 0 0 0 0
1.14333 0 0 0 0
1.15 0 0 0 0
1.15667 0 0 0 0
1.16333 0 0 0 0
1.17 0 0 0 0
1.17667 0 0 0 0
1.18333 0 0 0 0
1.19 0 0 0 0
1.19667 0 0 0 0
1.20333 0 0 0 0
1.21 0 0 0 0
1.21667 0 0 0 0
1.22333 0 0 0 0
1.23 0 0 0 0
1.23667 0 0 0 0
1.24333 0 0 0 0
1.25 0 0 0 0
1.25667 0 0 0 0
1.26333 0 0 0 0
1.27 0 0 0 0
1.27667 0 0 0 0
1.28333 0 0 0 0
1.29 0 0 0 0
1.29667 0 0 0 0
1.30333 0 0 0 0
1.31 0 0 0 0
1.31667 0 0 0 0
1.32333 0 0 0 0
1.33 0 0 0 0
1.33667 0 0 0 0
1.34333 0 0 0 0
1.35 0 0 0 0
1.35667 0 0 0 0
1.36333 0 0 0 0
1.37 0 0 0 0
1.37667 0 0 0 0
1.38333 0 0 0 0
1.39 0 0 0 0
1.39667 0 0 0 0
1.40333 0 0 0 0
1.41 0 0 0 0
1.41667 0 0 0 0
1.42333 0 0 0 0
1.43 0 0 0 0
1.43667 0 0 0 0
1.44333 0 0 0 0
1.45 0 0 0 0
1.45667 0 0 0 0
1.46333 0 0 0 0
1.47 0 0 0 0
1.47667 0 0 0 0
1.48333 0 0 0 0
1.49 0 0 0 0
1.49667 0 0 0 0
1.50333 0 0 0 0
1.51 0 0 0 0
1.51667 0 0 0 0
1.52333 0 0 0 0
1.53 0 0 0 0
1.53667 0 0 0 0
1.54333 0 0 0 0
1.55 0 0 0 0
1.55667 0 0 0 0
1.56333 0 0 0 0
1.57 0 0 0 0
1.57667 0 0 0 0
1.58333 0 0 0 0
1.59 0 0 0 0
1.59667 0 0 0 0
1.60333 0 0 0 0
1.61 0 0 0 0
1.61667 0 0 0 0
1.62333 0 0 0 0
1.63 0 0 0 0
1.63667 0 0 0 0
1.64333 0 0 0 0
1.65 0 0 0 0
1.65667 0 0 0 0
1.66333 0 0 0 0
1.67 0 0 0 0
1.67667 0 0 0 0
1.68333 0 0 0 0
1.69 0 0 0 0
1.69667 0 0 0 0
1.70333 0 0 0 0
1.71 0 0 0 0
1.71667 0 0 0 0
1.72333 0 0 0 0
1.73 0 0 0 0
1.73667 0 0 0 0
1.74333 0 0 0 0
1.75 0 0 0 0
1.75667 0 0 0 0
1.76333 0 0 0 0
1.77 0 0 0 0
1.77667 0 0 0 0
1.78333 0 0 0 0
1.79 0 0 0 0
1.79667 0 0 0 0
1.80333 0 0 0 0
1.81 0 0 0 0
1.81667 0 0 0 0
1.82333 0 0 0 0
1.83 0 0 0 0
1.83667 0 0 0 0
1.84333 0 0 0 0
1.85 0 0 0 0
1.85667 0 0 0 0
1.86333 0 0 0 0
1.87 0 0 0 0
1.87667 0 0 0 0
1.88333 0 0 0 0
1.89 0 0 0 0
1.89667 0 0 0 0
1.90333 0 0 0 0
1.91 0 0 0 0
1.91667 0 0 0 0
1.92333 0 0 0 0
1.93 0 0 0 0
1.93667 0 0 0 0
1.94333 0 0 0 0
1.95 0 0 0 0
1.95667 0 0 0 0
1.96333 0 0 0 0
1.97 0 0 0 0
1.97667 0 0 0 0
1.98333 0 0 0 0
1.99 0 0 0 0
1.99667 0 0 0 0
