0.00333333 0 8 67 16
0.01 4 12 71 13
0.0166667 5 8 67 13
0.0233333 2 10 70 16
0.03 1 15 81 26
0.0366667 7 32 110 20
0.0433333 8 35 112 24
0.05 15 42 126 22
0.0566667 8 46 150 25
0.0633333 10 47 165 35
0.07 10 53 180 42
0.0766667 10 53 185 37
0.0833333 14 44 188 49
0.09 18 50 202 45
0.0966667 7 54 211 44
0.103333 15 54 199 54
0.11 13 48 185 41
0.116667 6 46 207 47
0.123333 19 42 207 41
0.13 9 30 186 34
0.136667 7 40 176 39
0.143333 11 32 195 45
0.15 3 36 175 37
0.156667 5 29 183 44
0.163333 3 42 180 34
0.17 11 33 179 29
0.176667 6 36 185 43
0.183333 8 35 231 36
0.19 7 29 237 40
0.196667 7 28 227 43
0.203333 2 21 203 34
0.21 9 31 206 27
0.216667 4 24 185 37
0.223333 11 23 173 40
0.23 7 23 157 28
0.236667 5 24 176 27
0.243333 3 26 152 31
0.25 4 20 144 31
0.256667 5 17 141 22
0.263333 5 25 113 30
0.27 5 13 130 20
0.276667 4 18 144 29
0.283333 5 16 93 25
0.29 4 20 104 18
0.296667 5 13 101 13
0.303333 6 16 104 29
0.31 8 18 103 27
0.316667 3 19 100 17
0.323333 4 23 113 29
0.33 4 18 85 19
0.336667 7 23 87 27
0.343333 4 14 103 21
0.35 3 15 87 18
0.356667 3 20 74 17
0.363333 3 24 77 24
0.37 2 23 83 22
0.376667 6 19 93 24
0.383333 7 14 76 26
0.39 4 13 69 15
0.396667 1 15 74 19
0.403333 7 7 79 23
0.41 3 10 89 16
0.416667 4 14 81 21
0.423333 5 13 90 12
0.43 3 7 86 23
0.436667 2 11 83 26
0.443333 2 11 76 19
0.45 2 9 65 25
0.456667 5 15 87 21
0.463333 0 11 70 24
0.47 5 15 92 13
0.476667 4 8 60 13
0.483333 3 14 39 13
0.49 1 17 43 15
0.496667 2 4 44 6
0.503333 2 11 32 12
0.51 1 9 52 14
0.516667 2 8 34 9
0.523333 5 10 34 4
0.53 3 5 25 14
0.536667 3 6 23 14
0.543333 3 6 31 17
0.55 1 6 34 14
0.556667 2 6 30 10
0.563333 4 6 28 10
0.57 2 7 27 10
0.576667 4 7 18 11
0.583333 2 5 25 12
0.59 1 3 29 13
0.596667 3 10 32 11
0.603333 1 4 23 8
0.61 2 5 26 5
0.616667 2 2 26 19
0.623333 0 6 15 8
0.63 4 5 32 17
0.636667 3 7 29 10
0.643333 1 8 22 9
0.65 1 6 16 8
0.656667 0 15 25 9
0.663333 44 188 3143 652
0.67 0 0 0 0
0.676667 0 0 0 0
0.683333 0 0 0 0
0.69 0 0 0 0
0.696667 0 0 0 0
0.703333 0 0 0 0
0.71 0 0 0 0
0.716667 0 0 0 0
0.723333 0 0 0 0
0.73 0 0 0 0
0.736667 0 0 0 0
0.743333 0 0 0 0
0.75 0 0 0 0
0.756667 0 0 0 0
0.763333 0 0 0 0
0.77 0 0 0 0
0.776667 0 0 0 0
0.783333 0 0 0 0
0.79 0 0 0 0
0.796667 0 0 0 0
0.803333 0 0 0 0
0.81 0 0 0 0
0.816667 0 0 0 0
0.823333 0 0 0 0
0.83 0 0 0 0
0.836667 0 0 0 0
0.843333 0 0 0 0
0.85 0 0 0 0
0.856667 0 0 0 0
0.863333 0 0 0 0
0.87 0 0 0 0
0.876667 0 0 0 0
0.883333 0 0 0 0
0.89 0 0 0 0
0.896667 0 0 0 0
0.903333 0 0 0 0
0.91 0 0 0 0
0.916667 0 0 0 0
0.923333 0 0 0 0
0.93 0 0 0 0
0.936667 0 0 0 0
0.943333 0 0 0 0
0.95 0 0 0 0
0.956667 0 0 0 0
0.963333 0 0 0 0
0.97 0 0 0 0
0.976667 0 0 0 0
0.983333 0 0 0 0
0.99 0 0 0 0
0.996667 0 0 0 0
1.00333 0 0 0 0
1.01 0 0 0 0
1.01667 0 0 0 0
1.02333 0 0 0 0
1.03 0 0 0 0
1.03667 0 0 0 0
1.04333 0 0 0 0
1.05 0 0 0 0
1.05667 0 0 0 0
1.06333 0 0 0 0
1.07 0 0 0 0
1.07667 0 0 0 0
1.08333 0 0 0 0
1.09 0 0 0 0
1.09667 0 0 0 0
1.10333 0 0 0 0
1.11 0 0 0 0
1.11667 0 0 0 0
1.12333 0 0 0 0
1.13 0 0 0 0
1.13667 0 0 0 0
1.14333 0 0 0 0
1.15 0 0 0 0
1.15667 0 0 0 0
1.16333 0 0 0 0
1.17 0 0 0 0
1.17667 0 0 0 0
1.18333 0 0 0 0
1.19 0 0 0 0
1.19667 0 0 0 0
1.20333 0 0 0 0
1.21 0 0 0 0
1.21667 0 0 0 0
1.22333 0 0 0 0
1.23 0 0 0 0
1.23667 0 0 0 0
1.24333 0 0 0 0
1.25 0 0 0 0
1.25667 0 0 0 0
1.26333 0 0 0 0
1.27 0 0 0 0
1.27667 0 0 0 0
1.28333 0 0 0 0
1.29 0 0 0 0
1.29667 0 0 0 0
1.30333 0 0 0 0
1.31 0 0 0 0
1.31667 0 0 0 0
1.32333 0 0 0 0
1.33 0 0 0 0
1.33667 0 0 0 0
1.34333 0 0 0 0
1.35 0 0 0 0
1.35667 0 0 0 0
1.36333 0 0 0 0
1.37 0 0 0 0
1.37667 0 0 0 0
1.38333 0 0 0 0
1.39 0 0 0 0
1.39667 0 0 0 0
1.40333 0 0 0 0
1.41 0 0 0 0
1.41667 0 0 0 0
1.42333 0 0 0 0
1.43 0 0 0 0
1.43667 0 0 0 0
1.44333 0 0 0 0
1.45 0 0 0 0
1.45667 0 0 0 0
1.46333 0 0 0 0
1.47 0 0 0 0
1.47667 0 0 0 0
1.48333 0 0 0 0
1.49 0 0 0 0
1.49667 0 0 0 0
1.50333 0 0 0 0
1.51 0 0 0 0
1.51667 0 0 0 0
1.52333 0 0 0 0
1.53 0 0 0 0
1.53667 0 0 0 0
1.54333 0 0 0 0
1.55 0 0 0 0
1.55667 0 0 0 0
1.56333 0 0 0 0
1.57 0 0 0 0
1.57667 0 0 0 0
1.58333 0 0 0 0
1.59 0 0 0 0
1.59667 0 0 0 0
1.60333 0 0 0 0
1.61 0 0 0 0
1.61667 0 0 0 0
1.62333 0 0 0 0
1.63 0 0 0 0
1.63667 0 0 0 0
1.64333 0 0 0 0
1.65 0 0 0 0
1.65667 0 0 0 0
1.66333 0 0 0 0
1.67 0 0 0 0
1.67667 0 0 0 0
1.68333 0 0 0 0
1.69 0 0 0 0
1.69667 0 0 0 0
1.70333 0 0 0 0
1.71 0 0 0 0
1.71667 0 0 0 0
1.72333 0 0 0 0
1.73 0 0 0 0
1.73667 0 0 0 0
1.74333 0 0 0 0
1.75 0 0 0 0
1.75667 0 0 0 0
1.76333 0 0 0 0
1.77 0 0 0 0
1.77667 0 0 0 0
1.78333 0 0 0 0
1.79 0 0 0 0
1.79667 0 0 0 0
1.80333 0 0 0 0
1.81 0 0 0 0
1.81667 0 0 0 0
1.82333 0 0 0 0
1.83 0 0 0 0
1.83667 0 0 0 0
1.84333 0 0 0 0
1.85 0 0 0 0
1.85667 0 0 0 0
1.86333 0 0 0 0
1.87 0 0 0 0
1.87667 0 0 0 0
1.88333 0 0 0 0
1.89 0 0 0 0
1.89667 0 0 0 0
1.90333 0 0 0 0
1.91 0 0 0 0
1.91667 0 0 0 0
1.92333 0 0 0 0
1.93 0 0 0 0
1.93667 0 0 0 0
1.94333 0 0 0 0
1.95 0 0 0 0
1.95667 0 0 0 0
1.96333 0 0 0 0
1.97 0 0 0 0
1.97667 0 0 0 0
1.98333 0 0 0 0
1.99 0 0 0 0
1.99667 0 0 0 0
