0.00333333 0 7 48 20
0.01 2 10 46 28
0.0166667 2 10 58 26
0.0233333 4 10 52 22
0.03 1 10 80 31
0.0366667 3 9 85 36
0.0433333 2 18 118 55
0.05 7 22 152 58
0.0566667 5 28 194 67
0.0633333 8 30 184 69
0.07 4 33 202 95
0.0766667 7 40 193 75
0.0833333 3 29 192 84
0.09 6 28 191 96
0.0966667 6 36 222 84
0.103333 7 37 198 111
0.11 11 29 202 86
0.116667 5 25 204 80
0.123333 3 20 199 86
0.13 5 28 201 79
0.136667 3 26 200 72
0.143333 8 22 184 80
0.15 5 21 153 55
0.156667 4 25 169 56
0.163333 3 29 163 68
0.17 2 23 157 68
0.176667 7 24 157 72
0.183333 4 27 171 58
0.19 4 25 182 69
0.196667 7 23 133 44
0.203333 7 34 144 58
0.21 3 18 118 45
0.216667 6 14 129 54
0.223333 5 22 111 59
0.23 1 16 121 36
0.236667 4 11 117 54
0.243333 6 15 114 37
0.25 4 15 108 58
0.256667 6 12 105 45
0.263333 2 12 105 47
0.27 4 20 93 51
0.276667 6 13 102 45
0.283333 2 12 90 39
0.29 3 11 113 42
0.296667 1 9 89 35
0.303333 4 9 79 48
0.31 3 17 90 35
0.316667 3 15 79 30
0.323333 6 12 81 37
0.33 4 10 63 27
0.336667 2 9 70 29
0.343333 1 10 80 27
0.35 2 11 82 32
0.356667 2 9 69 33
0.363333 0 7 77 22
0.37 2 8 54 29
0.376667 2 8 67 30
0.383333 4 9 59 22
0.39 1 18 52 26
0.396667 2 15 66 17
0.403333 4 6 58 27
0.41 3 16 59 27
0.416667 6 11 47 22
0.423333 1 11 65 24
0.43 1 9 62 28
0.436667 1 10 54 14
0.443333 4 4 59 16
0.45 1 10 60 20
0.456667 2 9 56 29
0.463333 3 7 55 20
0.47 3 14 52 16
0.476667 2 11 43 20
0.483333 1 9 45 16
0.49 1 8 41 21
0.496667 2 12 31 16
0.503333 1 8 34 22
0.51 2 5 23 15
0.516667 0 6 35 12
0.523333 2 6 40 12
0.53 3 7 36 15
0.536667 3 8 25 21
0.543333 0 6 29 13
0.55 2 7 34 11
0.556667 1 2 27 12
0.563333 1 8 23 12
0.57 3 6 29 9
0.576667 4 4 27 13
0.583333 4 4 26 12
0.59 2 3 23 8
0.596667 2 8 29 19
0.603333 0 8 23 11
0.61 0 4 33 12
0.616667 1 8 13 11
0.623333 3 8 24 14
0.63 1 5 28 7
0.636667 1 4 21 15
0.643333 1 4 28 12
0.65 1 7 28 9
0.656667 3 5 23 13
0.663333 43 176 1476 480
0.67 0 0 0 0
0.676667 0 0 0 0
0.683333 0 0 0 0
0.69 0 0 0 0
0.696667 0 0 0 0
0.703333 0 0 0 0
0.71 0 0 0 0
0.716667 0 0 0 0
0.723333 0 0 0 0
0.73 0 0 0 0
0.736667 0 0 0 0
0.743333 0 0 0 0
0.75 0 0 0 0
0.756667 0 0 0 0
0.763333 0 0 0 0
0.77 0 0 0 0
0.776667 0 0 0 0
0.783333 0 0 0 0
0.79 0 0 0 0
0.796667 0 0 0 0
0.803333 0 0 0 0
0.81 0 0 0 0
0.816667 0 0 0 0
0.823333 0 0 0 0
0.83 0 0 0 0
0.836667 0 0 0 0
0.843333 0 0 0 0
0.85 0 0 0 0
0.856667 0 0 0 0
0.863333 0 0 0 0
0.87 0 0 0 0
0.876667 0 0 0 0
0.883333 0 0 0 0
0.89 0 0 0 0
0.896667 0 0 0 0
0.903333 0 0 0 0
0.91 0 0 0 0
0.916667 0 0 0 0
0.923333 0 0 0 0
0.93 0 0 0 0
0.936667 0 0 0 0
0.943333 0 0 0 0
0.95 0 0 0 0
0.956667 0 0 0 0
0.963333 0 0 0 0
0.97 0 0 0 0
0.976667 0 0 0 0
0.983333 0 0 0 0
0.99 0 0 0 0
0.996667 0 0 0 0
1.00333 0 0 0 0
1.01 0 0 0 0
1.01667 0 0 0 0
1.02333 0 0 0 0
1.03 0 0 0 0
1.03667 0 0 0 0
1.04333 0 0 0 0
1.05 0 0 0 0
1.05667 0 0 0 0
1.06333 0 0 0 0
1.07 0 0 0 0
1.07667 0 0 0 0
1.08333 0 0 0 0
1.09 0 0 0 0
1.09667 0 0 0 0
1.10333 0 0 0 0
1.11 0 0 0 0
1.11667 0 0 0 0
1.12333 0 0 0 0
1.13 0 0 0 0
1.13667 0 0 0 0
1.14333 0 0 0 0
1.15 0 0 0 0
1.15667 0 0 0 0
1.16333 0 0 0 0
1.17 0 0 0 0
1.17667 0 0 0 0
1.18333 0 0 0 0
1.19 0 0 0 0
1.19667 0 0 0 0
1.20333 0 0 0 0
1.21 0 0 0 0
1.21667 0 0 0 0
1.22333 0 0 0 0
1.23 0 0 0 0
1.23667 0 0 0 0
1.24333 0 0 0 0
1.25 0 0 0 0
1.25667 0 0 0 0
1.26333 0 0 0 0
1.27 0 0 0 0
1.27667 0 0 0 0
1.28333 0 0 0 0
1.29 0 0 0 0
1.29667 0 0 0 0
1.30333 0 0 0 0
1.31 0 0 0 0
1.31667 0 0 0 0
1.32333 0 0 0 0
1.33 0 0 0 0
1.33667 0 0 0 0
1.34333 0 0 0 0
1.35 0 0 0 0
1.35667 0 0 0 0
1.36333 0 0 0 0
1.37 0 0 0 0
1.37667 0 0 0 0
1.38333 0 0 0 0
1.39 0 0 0 0
1.39667 0 0 0 0
1.40333 0 0 0 0
1.41 0 0 0 0
1.41667 0 0 0 0
1.42333 0 0 0 0
1.43 0 0 0 0
1.43667 0 0 0 0
1.44333 0 0 0 0
1.45 0 0 0 0
1.45667 0 0 0 0
1.46333 0 0 0 0
1.47 0 0 0 0
1.47667 0 0 0 0
1.48333 0 0 0 0
1.49 0 0 0 0
1.49667 0 0 0 0
1.50333 0 0 0 0
1.51 0 0 0 0
1.51667 0 0 0 0
1.52333 0 0 0 0
1.53 0 0 0 0
1.53667 0 0 0 0
1.54333 0 0 0 0
1.55 0 0 0 0
1.55667 0 0 0 0
1.56333 0 0 0 0
1.57 0 0 0 0
1.57667 0 0 0 0
1.58333 0 0 0 0
1.59 0 0 0 0
1.59667 0 0 0 0
1.60333 0 0 0 0
1.61 0 0 0 0
1.61667 0 0 0 0
1.62333 0 0 0 0
1.63 0 0 0 0
1.63667 0 0 0 0
1.64333 0 0 0 0
1.65 0 0 0 0
1.65667 0 0 0 0
1.66333 0 0 0 0
1.67 0 0 0 0
1.67667 0 0 0 0
1.68333 0 0 0 0
1.69 0 0 0 0
1.69667 0 0 0 0
1.70333 0 0 0 0
1.71 0 0 0 0
1.71667 0 0 0 0
1.72333 0 0 0 0
1.73 0 0 0 0
1.73667 0 0 0 0
1.74333 0 0 0 0
1.75 0 0 0 0
1.75667 0 0 0 0
1.76333 0 0 0 0
1.77 0 0 0 0
1.77667 0 0 0 0
1.78333 0 0 0 0
1.79 0 0 0 0
1.79667 0 0 0 0
1.80333 0 0 0 0
1.81 0 0 0 0
1.81667 0 0 0 0
1.82333 0 0 0 0
1.83 0 0 0 0
1.83667 0 0 0 0
1.84333 0 0 0 0
1.85 0 0 0 0
1.85667 0 0 0 0
1.86333 0 0 0 0
1.87 0 0 0 0
1.87667 0 0 0 0
1.88333 0 0 0 0
1.89 0 0 0 0
1.89667 0 0 0 0
1.90333 0 0 0 0
1.91 0 0 0 0
1.91667 0 0 0 0
1.92333 0 0 0 0
1.93 0 0 0 0
1.93667 0 0 0 0
1.94333 0 0 0 0
1.95 0 0 0 0
1.95667 0 0 0 0
1.96333 0 0 0 0
1.97 0 0 0 0
1.97667 0 0 0 0
1.98333 0 0 0 0
1.99 0 0 0 0
1.99667 0 0 0 0
