0.00333333 0 1 62 116
0.01 0 1 76 142
0.0166667 0 3 60 139
0.0233333 0 1 62 140
0.03 1 2 82 136
0.0366667 0 1 84 146
0.0433333 0 0 123 172
0.05 1 6 130 212
0.0566667 0 3 165 258
0.0633333 0 1 169 329
0.07 0 5 184 318
0.0766667 2 5 178 313
0.0833333 1 10 194 350
0.09 2 8 220 364
0.0966667 2 4 188 360
0.103333 1 5 194 391
0.11 1 9 213 374
0.116667 2 4 228 403
0.123333 1 0 184 418
0.13 1 4 178 384
0.136667 0 7 179 424
0.143333 2 6 201 359
0.15 0 4 156 364
0.156667 0 3 171 364
0.163333 0 2 194 371
0.17 0 3 159 323
0.176667 1 4 191 343
0.183333 0 5 192 384
0.19 1 1 188 449
0.196667 1 6 206 387
0.203333 2 4 167 392
0.21 0 5 212 387
0.216667 1 2 175 376
0.223333 0 6 158 356
0.23 1 2 154 319
0.236667 0 1 143 264
0.243333 0 4 146 290
0.25 1 6 131 276
0.256667 0 3 128 249
0.263333 0 6 122 224
0.27 0 1 112 242
0.276667 0 0 117 235
0.283333 0 2 119 211
0.29 1 1 112 200
0.296667 0 2 96 203
0.303333 0 2 93 195
0.31 0 6 105 180
0.316667 0 2 87 189
0.323333 0 0 117 171
0.33 0 0 90 138
0.336667 1 2 87 167
0.343333 1 5 82 177
0.35 0 3 86 167
0.356667 0 0 79 145
0.363333 0 2 79 146
0.37 0 0 63 145
0.376667 1 2 79 174
0.383333 0 2 85 141
0.39 0 3 56 120
0.396667 0 2 64 140
0.403333 0 3 71 143
0.41 1 4 71 131
0.416667 0 2 82 132
0.423333 0 3 71 144
0.43 0 3 76 120
0.436667 1 2 65 150
0.443333 0 1 62 136
0.45 0 1 80 135
0.456667 0 2 60 146
0.463333 1 1 63 136
0.47 0 3 71 141
0.476667 0 1 62 119
0.483333 0 2 38 67
0.49 0 1 37 68
0.496667 0 0 35 68
0.503333 0 0 40 57
0.51 0 2 37 55
0.516667 0 2 34 62
0.523333 0 1 33 71
0.53 0 1 33 65
0.536667 0 0 28 63
0.543333 0 0 34 65
0.55 0 1 27 63
0.556667 0 0 28 67
0.563333 0 3 27 55
0.57 1 3 35 60
0.576667 1 6 36 55
0.583333 0 0 24 53
0.59 1 0 24 54
0.596667 0 1 18 40
0.603333 0 0 34 51
0.61 0 1 27 40
0.616667 0 2 27 43
0.623333 1 0 23 44
0.63 0 0 31 41
0.636667 0 0 28 69
0.643333 0 0 34 53
0.65 2 2 29 36
0.656667 0 0 29 40
0.663333 4 19 2420 5818
0.67 0 0 0 0
0.676667 0 0 0 0
0.683333 0 0 0 0
0.69 0 0 0 0
0.696667 0 0 0 0
0.703333 0 0 0 0
0.71 0 0 0 0
0.716667 0 0 0 0
0.723333 0 0 0 0
0.73 0 0 0 0
0.736667 0 0 0 0
0.743333 0 0 0 0
0.75 0 0 0 0
0.756667 0 0 0 0
0.763333 0 0 0 0
0.77 0 0 0 0
0.776667 0 0 0 0
0.783333 0 0 0 0
0.79 0 0 0 0
0.796667 0 0 0 0
0.803333 0 0 0 0
0.81 0 0 0 0
0.816667 0 0 0 0
0.823333 0 0 0 0
0.83 0 0 0 0
0.836667 0 0 0 0
0.843333 0 0 0 0
0.85 0 0 0 0
0.856667 0 0 0 0
0.863333 0 0 0 0
0.87 0 0 0 0
0.876667 0 0 0 0
0.883333 0 0 0 0
0.89 0 0 0 0
0.896667 0 0 0 0
0.903333 0 0 0 0
0.91 0 0 0 0
0.916667 0 0 0 0
0.923333 0 0 0 0
0.93 0 0 0 0
0.936667 0 0 0 0
0.943333 0 0 0 0
0.95 0 0 0 0
0.956667 0 0 0 0
0.963333 0 0 0 0
0.97 0 0 0 0
0.976667 0 0 0 0
0.983333 0 0 0 0
0.99 0 0 0 0
0.996667 0 0 0 0
1.00333 0 0 0 0
1.01 0 0 0 0
1.01667 0 0 0 0
1.02333 0 0 0 0
1.03 0 0 0 0
1.03667 0 0 0 0
1.04333 0 0 0 0
1.05 0 0 0 0
1.05667 0 0 0 0
1.06333 0 0 0 0
1.07 0 0 0 0
1.07667 0 0 0 0
1.08333 0 0 0 0
1.09 0 0 0 0
1.09667 0 0 0 0
1.10333 0 0 0 0
1.11 0 0 0 0
1.11667 0 0 0 0
1.12333 0 0 0 0
1.13 0 0 0 0
1.13667 0 0 0 0
1.14333 0 0 0 0
1.15 0 0 0 0
1.15667 0 0 0 0
1.16333 0 0 0 0
1.17 0 0 0 0
1.17667 0 0 0 0
1.18333 0 0 0 0
1.19 0 0 0 0
1.19667 0 0 0 0
1.20333 0 0 0 0
1.21 0 0 0 0
1.21667 0 0 0 0
1.22333 0 0 0 0
1.23 0 0 0 0
1.23667 0 0 0 0
1.24333 0 0 0 0
1.25 0 0 0 0
1.25667 0 0 0 0
1.26333 0 0 0 0
1.27 0 0 0 0
1.27667 0 0 0 0
1.28333 0 0 0 0
1.29 0 0 0 0
1.29667 0 0 0 0
1.30333 0 0 0 0
1.31 0 0 0 0
1.31667 0 0 0 0
1.32333 0 0 0 0
1.33 0 0 0 0
1.33667 0 0 0 0
1.34333 0 0 0 0
1.35 0 0 0 0
1.35667 0 0 0 0
1.36333 0 0 0 0
1.37 0 0 0 0
1.37667 0 0 0 0
1.38333 0 0 0 0
1.39 0 0 0 0
1.39667 0 0 0 0
1.40333 0 0 0 0
1.41 0 0 0 0
1.41667 0 0 0 0
1.42333 0 0 0 0
1.43 0 0 0 0
1.43667 0 0 0 0
1.44333 0 0 0 0
1.45 0 0 0 0
1.45667 0 0 0 0
1.46333 0 0 0 0
1.47 0 0 0 0
1.47667 0 0 0 0
1.48333 0 0 0 0
1.49 0 0 0 0
1.49667 0 0 0 0
1.50333 0 0 0 0
1.51 0 0 0 0
1.51667 0 0 0 0
1.52333 0 0 0 0
1.53 0 0 0 0
1.53667 0 0 0 0
1.54333 0 0 0 0
1.55 0 0 0 0
1.55667 0 0 0 0
1.56333 0 0 0 0
1.57 0 0 0 0
1.57667 0 0 0 0
1.58333 0 0 0 0
1.59 0 0 0 0
1.59667 0 0 0 0
1.60333 0 0 0 0
1.61 0 0 0 0
1.61667 0 0 0 0
1.62333 0 0 0 0
1.63 0 0 0 0
1.63667 0 0 0 0
1.64333 0 0 0 0
1.65 0 0 0 0
1.65667 0 0 0 0
1.66333 0 0 0 0
1.67 0 0 0 0
1.67667 0 0 0 0
1.68333 0 0 0 0
1.69 0 0 0 0
1.69667 0 0 0 0
1.70333 0 0 0 0
1.71 0 0 0 0
1.71667 0 0 0 0
1.72333 0 0 0 0
1.73 0 0 0 0
1.73667 0 0 0 0
1.74333 0 0 0 0
1.75 0 0 0 0
1.75667 0 0 0 0
1.76333 0 0 0 0
1.77 0 0 0 0
1.77667 0 0 0 0
1.78333 0 0 0 0
1.79 0 0 0 0
1.79667 0 0 0 0
1.80333 0 0 0 0
1.81 0 0 0 0
1.81667 0 0 0 0
1.82333 0 0 0 0
1.83 0 0 0 0
1.83667 0 0 0 0
1.84333 0 0 0 0
1.85 0 0 0 0
1.85667 0 0 0 0
1.86333 0 0 0 0
1.87 0 0 0 0
1.87667 0 0 0 0
1.88333 0 0 0 0
1.89 0 0 0 0
1.89667 0 0 0 0
1.90333 0 0 0 0
1.91 0 0 0 0
1.91667 0 0 0 0
1.92333 0 0 0 0
1.93 0 0 0 0
1.93667 0 0 0 0
1.94333 0 0 0 0
1.95 0 0 0 0
1.95667 0 0 0 0
1.96333 0 0 0 0
1.97 0 0 0 0
1.97667 0 0 0 0
1.98333 0 0 0 0
1.99 0 0 0 0
1.99667 0 0 0 0
