0.00333333 2 12 51 15
0.01 2 13 53 22
0.0166667 2 22 65 19
0.0233333 3 18 67 24
0.03 4 19 88 30
0.0366667 3 27 106 23
0.0433333 5 27 111 37
0.05 5 37 163 60
0.0566667 14 52 204 54
0.0633333 13 43 229 49
0.07 6 49 239 70
0.0766667 11 36 245 78
0.0833333 11 45 206 64
0.09 4 59 227 74
0.0966667 8 47 245 65
0.103333 11 46 232 80
0.11 11 42 236 81
0.116667 5 45 249 85
0.123333 6 39 208 64
0.13 15 45 203 68
0.136667 7 48 189 55
0.143333 10 44 172 52
0.15 9 41 187 65
0.156667 13 33 214 54
0.163333 7 31 180 54
0.17 8 39 168 50
0.176667 8 38 175 58
0.183333 5 33 146 50
0.19 7 27 162 55
0.196667 8 36 176 58
0.203333 4 32 167 42
0.21 5 37 160 44
0.216667 8 23 143 35
0.223333 6 32 114 35
0.23 5 18 150 35
0.236667 3 27 114 40
0.243333 6 23 121 47
0.25 6 31 134 29
0.256667 4 23 107 32
0.263333 4 16 94 33
0.27 3 24 115 35
0.276667 8 24 116 26
0.283333 7 23 103 31
0.29 2 15 100 25
0.296667 6 15 92 22
0.303333 8 20 82 23
0.31 3 25 82 30
0.316667 1 25 78 19
0.323333 8 21 100 25
0.33 3 18 65 27
0.336667 7 11 94 21
0.343333 3 8 60 19
0.35 4 18 57 32
0.356667 2 18 87 23
0.363333 3 22 67 20
0.37 4 7 59 17
0.376667 4 12 74 21
0.383333 2 18 65 25
0.39 1 12 65 18
0.396667 4 18 45 16
0.403333 4 10 68 31
0.41 1 18 64 18
0.416667 4 19 70 19
0.423333 2 15 58 16
0.43 3 12 64 19
0.436667 3 21 60 17
0.443333 4 12 60 26
0.45 5 18 56 17
0.456667 2 11 58 20
0.463333 3 17 51 19
0.47 1 10 56 14
0.476667 2 21 61 19
0.483333 1 8 32 9
0.49 2 4 31 8
0.496667 3 8 27 14
0.503333 2 11 31 12
0.51 0 8 40 15
0.516667 4 11 38 9
0.523333 2 7 32 7
0.53 0 9 29 10
0.536667 1 8 26 10
0.543333 4 5 34 15
0.55 2 5 33 11
0.556667 1 6 38 9
0.563333 0 11 25 10
0.57 2 3 30 8
0.576667 6 5 34 12
0.583333 3 11 37 14
0.59 6 6 26 11
0.596667 0 7 24 19
0.603333 2 8 23 11
0.61 2 6 24 6
0.616667 2 4 20 6
0.623333 2 5 25 6
0.63 1 8 29 6
0.636667 0 10 32 5
0.643333 1 4 25 4
0.65 4 4 20 11
0.656667 1 4 27 11
0.663333 50 256 1500 381
0.67 0 0 0 0
0.676667 0 0 0 0
0.683333 0 0 0 0
0.69 0 0 0 0
0.696667 0 0 0 0
0.703333 0 0 0 0
0.71 0 0 0 0
0.716667 0 0 0 0
0.723333 0 0 0 0
0.73 0 0 0 0
0.736667 0 0 0 0
0.743333 0 0 0 0
0.75 0 0 0 0
0.756667 0 0 0 0
0.763333 0 0 0 0
0.77 0 0 0 0
0.776667 0 0 0 0
0.783333 0 0 0 0
0.79 0 0 0 0
0.796667 0 0 0 0
0.803333 0 0 0 0
0.81 0 0 0 0
0.816667 0 0 0 0
0.823333 0 0 0 0
0.83 0 0 0 0
0.836667 0 0 0 0
0.843333 0 0 0 0
0.85 0 0 0 0
0.856667 0 0 0 0
0.863333 0 0 0 0
0.87 0 0 0 0
0.876667 0 0 0 0
0.883333 0 0 0 0
0.89 0 0 0 0
0.896667 0 0 0 0
0.903333 0 0 0 0
0.91 0 0 0 0
0.916667 0 0 0 0
0.923333 0 0 0 0
0.93 0 0 0 0
0.936667 0 0 0 0
0.943333 0 0 0 0
0.95 0 0 0 0
0.956667 0 0 0 0
0.963333 0 0 0 0
0.97 0 0 0 0
0.976667 0 0 0 0
0.983333 0 0 0 0
0.99 0 0 0 0
0.996667 0 0 0 0
1.00333 0 0 0 0
1.01 0 0 0 0
1.01667 0 0 0 0
1.02333 0 0 0 0
1.03 0 0 0 0
1.03667 0 0 0 0
1.04333 0 0 0 0
1.05 0 0 0 0
1.05667 0 0 0 0
1.06333 0 0 0 0
1.07 0 0 0 0
1.07667 0 0 0 0
1.08333 0 0 0 0
1.09 0 0 0 0
1.09667 0 0 0 0
1.10333 0 0 0 0
1.11 0 0 0 0
1.11667 0 0 0 0
1.12333 0 0 0 0
1.13 0 0 0 0
1.13667 0 0 0 0
1.14333 0 0 0 0
1.15 0 0 0 0
1.15667 0 0 0 0
1.16333 0 0 0 0
1.17 0 0 0 0
1.17667 0 0 0 0
1.18333 0 0 0 0
1.19 0 0 0 0
1.19667 0 0 0 0
1.20333 0 0 0 0
1.21 0 0 0 0
1.21667 0 0 0 0
1.22333 0 0 0 0
1.23 0 0 0 0
1.23667 0 0 0 0
1.24333 0 0 0 0
1.25 0 0 0 0
1.25667 0 0 0 0
1.26333 0 0 0 0
1.27 0 0 0 0
1.27667 0 0 0 0
1.28333 0 0 0 0
1.29 0 0 0 0
1.29667 0 0 0 0
1.30333 0 0 0 0
1.31 0 0 0 0
1.31667 0 0 0 0
1.32333 0 0 0 0
1.33 0 0 0 0
1.33667 0 0 0 0
1.34333 0 0 0 0
1.35 0 0 0 0
1.35667 0 0 0 0
1.36333 0 0 0 0
1.37 0 0 0 0
1.37667 0 0 0 0
1.38333 0 0 0 0
1.39 0 0 0 0
1.39667 0 0 0 0
1.40333 0 0 0 0
1.41 0 0 0 0
1.41667 0 0 0 0
1.42333 0 0 0 0
1.43 0 0 0 0
1.43667 0 0 0 0
1.44333 0 0 0 0
1.45 0 0 0 0
1.45667 0 0 0 0
1.46333 0 0 0 0
1.47 0 0 0 0
1.47667 0 0 0 0
1.48333 0 0 0 0
1.49 0 0 0 0
1.49667 0 0 0 0
1.50333 0 0 0 0
1.51 0 0 0 0
1.51667 0 0 0 0
1.52333 0 0 0 0
1.53 0 0 0 0
1.53667 0 0 0 0
1.54333 0 0 0 0
1.55 0 0 0 0
1.55667 0 0 0 0
1.56333 0 0 0 0
1.57 0 0 0 0
1.57667 0 0 0 0
1.58333 0 0 0 0
1.59 0 0 0 0
1.59667 0 0 0 0
1.60333 0 0 0 0
1.61 0 0 0 0
1.61667 0 0 0 0
1.62333 0 0 0 0
1.63 0 0 0 0
1.63667 0 0 0 0
1.64333 0 0 0 0
1.65 0 0 0 0
1.65667 0 0 0 0
1.66333 0 0 0 0
1.67 0 0 0 0
1.67667 0 0 0 0
1.68333 0 0 0 0
1.69 0 0 0 0
1.69667 0 0 0 0
1.70333 0 0 0 0
1.71 0 0 0 0
1.71667 0 0 0 0
1.72333 0 0 0 0
1.73 0 0 0 0
1.73667 0 0 0 0
1.74333 0 0 0 0
1.75 0 0 0 0
1.75667 0 0 0 0
1.76333 0 0 0 0
1.77 0 0 0 0
1.77667 0 0 0 0
1.78333 0 0 0 0
1.79 0 0 0 0
1.79667 0 0 0 0
1.80333 0 0 0 0
1.81 0 0 0 0
1.81667 0 0 0 0
1.82333 0 0 0 0
1.83 0 0 0 0
1.83667 0 0 0 0
1.84333 0 0 0 0
1.85 0 0 0 0
1.85667 0 0 0 0
1.86333 0 0 0 0
1.87 0 0 0 0
1.87667 0 0 0 0
1.88333 0 0 0 0
1.89 0 0 0 0
1.89667 0 0 0 0
1.90333 0 0 0 0
1.91 0 0 0 0
1.91667 0 0 0 0
1.92333 0 0 0 0
1.93 0 0 0 0
1.93667 0 0 0 0
1.94333 0 0 0 0
1.95 0 0 0 0
1.95667 0 0 0 0
1.96333 0 0 0 0
1.97 0 0 0 0
1.97667 0 0 0 0
1.98333 0 0 0 0
1.99 0 0 0 0
1.99667 0 0 0 0
