0.00333333 1 0 88 644
0.01 0 2 98 651
0.0166667 0 4 106 660
0.0233333 0 0 117 656
0.03 1 0 118 660
0.0366667 1 1 92 609
0.0433333 1 0 121 662
0.05 1 3 133 651
0.0566667 1 3 113 669
0.0633333 0 0 114 630
0.07 4 7 150 620
0.0766667 0 4 115 677
0.0833333 2 3 161 675
0.09 1 7 149 632
0.0966667 3 1 152 684
0.103333 2 4 133 644
0.11 1 6 155 617
0.116667 0 2 157 725
0.123333 1 5 159 679
0.13 1 2 161 655
0.136667 0 5 168 639
0.143333 1 4 147 641
0.15 1 3 146 683
0.156667 0 4 150 669
0.163333 0 3 175 751
0.17 1 2 180 725
0.176667 0 2 165 714
0.183333 0 5 202 855
0.19 2 1 260 1174
0.196667 1 2 271 874
0.203333 1 5 282 781
0.21 0 2 292 744
0.216667 1 2 269 723
0.223333 0 2 224 664
0.23 1 2 188 696
0.236667 0 1 165 699
0.243333 0 5 171 698
0.25 1 3 135 665
0.256667 0 3 132 705
0.263333 1 3 123 673
0.27 0 0 100 691
0.276667 0 2 124 670
0.283333 0 2 116 643
0.29 0 0 94 680
0.296667 0 3 109 689
0.303333 3 4 91 633
0.31 1 1 120 671
0.316667 1 1 103 635
0.323333 0 1 121 653
0.33 0 2 98 665
0.336667 2 0 120 628
0.343333 1 3 120 634
0.35 0 1 109 636
0.356667 0 0 106 689
0.363333 1 2 102 677
0.37 1 3 129 672
0.376667 0 2 97 657
0.383333 0 3 117 626
0.39 1 1 97 683
0.396667 0 0 113 730
0.403333 0 0 96 659
0.41 0 1 108 683
0.416667 0 1 119 649
0.423333 1 1 119 692
0.43 1 1 112 672
0.436667 1 0 120 728
0.443333 0 0 114 752
0.45 3 2 151 723
0.456667 2 2 127 731
0.463333 1 1 126 820
0.47 0 2 149 851
0.476667 0 4 114 721
0.483333 0 1 43 290
0.49 0 2 46 247
0.496667 0 2 35 243
0.503333 0 1 36 193
0.51 1 1 24 195
0.516667 0 0 37 163
0.523333 0 0 28 157
0.53 0 0 33 179
0.536667 0 2 17 139
0.543333 0 0 17 125
0.55 0 0 12 134
0.556667 0 4 12 120
0.563333 0 4 22 114
0.57 2 1 21 131
0.576667 0 2 21 131
0.583333 0 2 20 132
0.59 0 0 17 120
0.596667 0 2 18 135
0.603333 0 0 19 104
0.61 0 0 21 111
0.616667 0 0 23 86
0.623333 0 0 13 67
0.63 1 2 22 136
0.636667 1 1 30 219
0.643333 0 2 9 94
0.65 1 0 13 86
0.656667 0 1 15 85
0.663333 10 33 8756 53105
0.67 0 0 0 0
0.676667 0 0 0 0
0.683333 0 0 0 0
0.69 0 0 0 0
0.696667 0 0 0 0
0.703333 0 0 0 0
0.71 0 0 0 0
0.716667 0 0 0 0
0.723333 0 0 0 0
0.73 0 0 0 0
0.736667 0 0 0 0
0.743333 0 0 0 0
0.75 0 0 0 0
0.756667 0 0 0 0
0.763333 0 0 0 0
0.77 0 0 0 0
0.776667 0 0 0 0
0.783333 0 0 0 0
0.79 0 0 0 0
0.796667 0 0 0 0
0.803333 0 0 0 0
0.81 0 0 0 0
0.816667 0 0 0 0
0.823333 0 0 0 0
0.83 0 0 0 0
0.836667 0 0 0 0
0.843333 0 0 0 0
0.85 0 0 0 0
0.856667 0 0 0 0
0.863333 0 0 0 0
0.87 0 0 0 0
0.876667 0 0 0 0
0.883333 0 0 0 0
0.89 0 0 0 0
0.896667 0 0 0 0
0.903333 0 0 0 0
0.91 0 0 0 0
0.916667 0 0 0 0
0.923333 0 0 0 0
0.93 0 0 0 0
0.936667 0 0 0 0
0.943333 0 0 0 0
0.95 0 0 0 0
0.956667 0 0 0 0
0.963333 0 0 0 0
0.97 0 0 0 0
0.976667 0 0 0 0
0.983333 0 0 0 0
0.99 0 0 0 0
0.996667 0 0 0 0
1.00333 0 0 0 0
1.01 0 0 0 0
1.01667 0 0 0 0
1.02333 0 0 0 0
1.03 0 0 0 0
1.03667 0 0 0 0
1.04333 0 0 0 0
1.05 0 0 0 0
1.05667 0 0 0 0
1.06333 0 0 0 0
1.07 0 0 0 0
1.07667 0 0 0 0
1.08333 0 0 0 0
1.09 0 0 0 0
1.09667 0 0 0 0
1.10333 0 0 0 0
1.11 0 0 0 0
1.11667 0 0 0 0
1.12333 0 0 0 0
1.13 0 0 0 0
1.13667 0 0 0 0
1.14333 0 0 0 0
1.15 0 0 0 0
1.15667 0 0 0 0
1.16333 0 0 0 0
1.17 0 0 0 0
1.17667 0 0 0 0
1.18333 0 0 0 0
1.19 0 0 0 0
1.19667 0 0 0 0
1.20333 0 0 0 0
1.21 0 0 0 0
1.21667 0 0 0 0
1.22333 0 0 0 0
1.23 0 0 0 0
1.23667 0 0 0 0
1.24333 0 0 0 0
1.25 0 0 0 0
1.25667 0 0 0 0
1.26333 0 0 0 0
1.27 0 0 0 0
1.27667 0 0 0 0
1.28333 0 0 0 0
1.29 0 0 0 0
1.29667 0 0 0 0
1.30333 0 0 0 0
1.31 0 0 0 0
1.31667 0 0 0 0
1.32333 0 0 0 0
1.33 0 0 0 0
1.33667 0 0 0 0
1.34333 0 0 0 0
1.35 0 0 0 0
1.35667 0 0 0 0
1.36333 0 0 0 0
1.37 0 0 0 0
1.37667 0 0 0 0
1.38333 0 0 0 0
1.39 0 0 0 0
1.39667 0 0 0 0
1.40333 0 0 0 0
1.41 0 0 0 0
1.41667 0 0 0 0
1.42333 0 0 0 0
1.43 0 0 0 0
1.43667 0 0 0 0
1.44333 0 0 0 0
1.45 0 0 0 0
1.45667 0 0 0 0
1.46333 0 0 0 0
1.47 0 0 0 0
1.47667 0 0 0 0
1.48333 0 0 0 0
1.49 0 0 0 0
1.49667 0 0 0 0
1.50333 0 0 0 0
1.51 0 0 0 0
1.51667 0 0 0 0
1.52333 0 0 0 0
1.53 0 0 0 0
1.53667 0 0 0 0
1.54333 0 0 0 0
1.55 0 0 0 0
1.55667 0 0 0 0
1.56333 0 0 0 0
1.57 0 0 0 0
1.57667 0 0 0 0
1.58333 0 0 0 0
1.59 0 0 0 0
1.59667 0 0 0 0
1.60333 0 0 0 0
1.61 0 0 0 0
1.61667 0 0 0 0
1.62333 0 0 0 0
1.63 0 0 0 0
1.63667 0 0 0 0
1.64333 0 0 0 0
1.65 0 0 0 0
1.65667 0 0 0 0
1.66333 0 0 0 0
1.67 0 0 0 0
1.67667 0 0 0 0
1.68333 0 0 0 0
1.69 0 0 0 0
1.69667 0 0 0 0
1.70333 0 0 0 0
1.71 0 0 0 0
1.71667 0 0 0 0
1.72333 0 0 0 0
1.73 0 0 0 0
1.73667 0 0 0 0
1.74333 0 0 0 0
1.75 0 0 0 0
1.75667 0 0 0 0
1.76333 0 0 0 0
1.77 0 0 0 0
1.77667 0 0 0 0
1.78333 0 0 0 0
1.79 0 0 0 0
1.79667 0 0 0 0
1.80333 0 0 0 0
1.81 0 0 0 0
1.81667 0 0 0 0
1.82333 0 0 0 0
1.83 0 0 0 0
1.83667 0 0 0 0
1.84333 0 0 0 0
1.85 0 0 0 0
1.85667 0 0 0 0
1.86333 0 0 0 0
1.87 0 0 0 0
1.87667 0 0 0 0
1.88333 0 0 0 0
1.89 0 0 0 0
1.89667 0 0 0 0
1.90333 0 0 0 0
1.91 0 0 0 0
1.91667 0 0 0 0
1.92333 0 0 0 0
1.93 0 0 0 0
1.93667 0 0 0 0
1.94333 0 0 0 0
1.95 0 0 0 0
1.95667 0 0 0 0
1.96333 0 0 0 0
1.97 0 0 0 0
1.97667 0 0 0 0
1.98333 0 0 0 0
1.99 0 0 0 0
1.99667 0 0 0 0
