0.00333333 0 1 116 469
0.01 1 2 114 499
0.0166667 1 3 124 458
0.0233333 0 0 153 458
0.03 0 1 126 484
0.0366667 1 0 109 450
0.0433333 0 3 137 502
0.05 1 5 148 478
0.0566667 2 4 130 504
0.0633333 0 1 120 494
0.07 2 9 161 472
0.0766667 0 3 132 533
0.0833333 2 3 189 556
0.09 2 6 171 511
0.0966667 1 3 174 496
0.103333 2 4 147 474
0.11 0 6 165 488
0.116667 0 4 181 526
0.123333 1 4 162 522
0.13 2 5 169 527
0.136667 0 4 179 514
0.143333 2 4 160 501
0.15 1 3 194 533
0.156667 1 6 169 545
0.163333 0 4 196 596
0.17 1 3 200 564
0.176667 2 2 197 554
0.183333 1 4 231 687
0.19 3 2 299 972
0.196667 0 1 330 796
0.203333 0 4 304 662
0.21 1 4 322 603
0.216667 1 1 248 546
0.223333 0 3 232 532
0.23 1 4 190 525
0.236667 0 2 178 530
0.243333 1 4 193 515
0.25 1 1 135 506
0.256667 0 3 145 540
0.263333 1 3 144 504
0.27 3 0 128 514
0.276667 1 1 116 502
0.283333 0 4 132 482
0.29 1 1 125 489
0.296667 0 3 127 529
0.303333 3 3 111 483
0.31 0 1 131 501
0.316667 2 1 119 489
0.323333 0 0 142 500
0.33 0 2 113 487
0.336667 3 1 125 458
0.343333 1 3 118 468
0.35 0 1 127 451
0.356667 0 1 111 529
0.363333 0 1 108 544
0.37 0 4 150 517
0.376667 0 1 128 530
0.383333 0 2 138 494
0.39 1 0 115 515
0.396667 0 0 116 551
0.403333 0 1 127 475
0.41 0 2 105 527
0.416667 0 3 131 506
0.423333 1 1 144 556
0.43 2 1 125 499
0.436667 1 0 123 567
0.443333 0 1 149 581
0.45 1 2 139 564
0.456667 3 1 161 554
0.463333 1 1 155 653
0.47 0 1 161 642
0.476667 0 3 120 510
0.483333 0 1 45 221
0.49 0 1 55 211
0.496667 0 2 34 206
0.503333 1 1 46 135
0.51 1 1 30 130
0.516667 0 0 45 124
0.523333 0 1 44 128
0.53 0 0 26 124
0.536667 0 2 23 116
0.543333 0 1 19 109
0.55 0 0 18 101
0.556667 0 3 19 115
0.563333 0 3 25 100
0.57 1 1 24 86
0.576667 0 2 29 106
0.583333 0 1 29 105
0.59 0 0 20 94
0.596667 0 2 25 79
0.603333 0 0 20 71
0.61 0 0 23 78
0.616667 1 0 18 59
0.623333 0 0 16 63
0.63 1 2 27 118
0.636667 1 1 46 161
0.643333 0 3 13 68
0.65 1 0 15 62
0.656667 0 1 11 52
0.663333 7 32 9856 39779
0.67 0 0 0 0
0.676667 0 0 0 0
0.683333 0 0 0 0
0.69 0 0 0 0
0.696667 0 0 0 0
0.703333 0 0 0 0
0.71 0 0 0 0
0.716667 0 0 0 0
0.723333 0 0 0 0
0.73 0 0 0 0
0.736667 0 0 0 0
0.743333 0 0 0 0
0.75 0 0 0 0
0.756667 0 0 0 0
0.763333 0 0 0 0
0.77 0 0 0 0
0.776667 0 0 0 0
0.783333 0 0 0 0
0.79 0 0 0 0
0.796667 0 0 0 0
0.803333 0 0 0 0
0.81 0 0 0 0
0.816667 0 0 0 0
0.823333 0 0 0 0
0.83 0 0 0 0
0.836667 0 0 0 0
0.843333 0 0 0 0
0.85 0 0 0 0
0.856667 0 0 0 0
0.863333 0 0 0 0
0.87 0 0 0 0
0.876667 0 0 0 0
0.883333 0 0 0 0
0.89 0 0 0 0
0.896667 0 0 0 0
0.903333 0 0 0 0
0.91 0 0 0 0
0.916667 0 0 0 0
0.923333 0 0 0 0
0.93 0 0 0 0
0.936667 0 0 0 0
0.943333 0 0 0 0
0.95 0 0 0 0
0.956667 0 0 0 0
0.963333 0 0 0 0
0.97 0 0 0 0
0.976667 0 0 0 0
0.983333 0 0 0 0
0.99 0 0 0 0
0.996667 0 0 0 0
1.00333 0 0 0 0
1.01 0 0 0 0
1.01667 0 0 0 0
1.02333 0 0 0 0
1.03 0 0 0 0
1.03667 0 0 0 0
1.04333 0 0 0 0
1.05 0 0 0 0
1.05667 0 0 0 0
1.06333 0 0 0 0
1.07 0 0 0 0
1.07667 0 0 0 0
1.08333 0 0 0 0
1.09 0 0 0 0
1.09667 0 0 0 0
1.10333 0 0 0 0
1.11 0 0 0 0
1.11667 0 0 0 0
1.12333 0 0 0 0
1.13 0 0 0 0
1.13667 0 0 0 0
1.14333 0 0 0 0
1.15 0 0 0 0
1.15667 0 0 0 0
1.16333 0 0 0 0
1.17 0 0 0 0
1.17667 0 0 0 0
1.18333 0 0 0 0
1.19 0 0 0 0
1.19667 0 0 0 0
1.20333 0 0 0 0
1.21 0 0 0 0
1.21667 0 0 0 0
1.22333 0 0 0 0
1.23 0 0 0 0
1.23667 0 0 0 0
1.24333 0 0 0 0
1.25 0 0 0 0
1.25667 0 0 0 0
1.26333 0 0 0 0
1.27 0 0 0 0
1.27667 0 0 0 0
1.28333 0 0 0 0
1.29 0 0 0 0
1.29667 0 0 0 0
1.30333 0 0 0 0
1.31 0 0 0 0
1.31667 0 0 0 0
1.32333 0 0 0 0
1.33 0 0 0 0
1.33667 0 0 0 0
1.34333 0 0 0 0
1.35 0 0 0 0
1.35667 0 0 0 0
1.36333 0 0 0 0
1.37 0 0 0 0
1.37667 0 0 0 0
1.38333 0 0 0 0
1.39 0 0 0 0
1.39667 0 0 0 0
1.40333 0 0 0 0
1.41 0 0 0 0
1.41667 0 0 0 0
1.42333 0 0 0 0
1.43 0 0 0 0
1.43667 0 0 0 0
1.44333 0 0 0 0
1.45 0 0 0 0
1.45667 0 0 0 0
1.46333 0 0 0 0
1.47 0 0 0 0
1.47667 0 0 0 0
1.48333 0 0 0 0
1.49 0 0 0 0
1.49667 0 0 0 0
1.50333 0 0 0 0
1.51 0 0 0 0
1.51667 0 0 0 0
1.52333 0 0 0 0
1.53 0 0 0 0
1.53667 0 0 0 0
1.54333 0 0 0 0
1.55 0 0 0 0
1.55667 0 0 0 0
1.56333 0 0 0 0
1.57 0 0 0 0
1.57667 0 0 0 0
1.58333 0 0 0 0
1.59 0 0 0 0
1.59667 0 0 0 0
1.60333 0 0 0 0
1.61 0 0 0 0
1.61667 0 0 0 0
1.62333 0 0 0 0
1.63 0 0 0 0
1.63667 0 0 0 0
1.64333 0 0 0 0
1.65 0 0 0 0
1.65667 0 0 0 0
1.66333 0 0 0 0
1.67 0 0 0 0
1.67667 0 0 0 0
1.68333 0 0 0 0
1.69 0 0 0 0
1.69667 0 0 0 0
1.70333 0 0 0 0
1.71 0 0 0 0
1.71667 0 0 0 0
1.72333 0 0 0 0
1.73 0 0 0 0
1.73667 0 0 0 0
1.74333 0 0 0 0
1.75 0 0 0 0
1.75667 0 0 0 0
1.76333 0 0 0 0
1.77 0 0 0 0
1.77667 0 0 0 0
1.78333 0 0 0 0
1.79 0 0 0 0
1.79667 0 0 0 0
1.80333 0 0 0 0
1.81 0 0 0 0
1.81667 0 0 0 0
1.82333 0 0 0 0
1.83 0 0 0 0
1.83667 0 0 0 0
1.84333 0 0 0 0
1.85 0 0 0 0
1.85667 0 0 0 0
1.86333 0 0 0 0
1.87 0 0 0 0
1.87667 0 0 0 0
1.88333 0 0 0 0
1.89 0 0 0 0
1.89667 0 0 0 0
1.90333 0 0 0 0
1.91 0 0 0 0
1.91667 0 0 0 0
1.92333 0 0 0 0
1.93 0 0 0 0
1.93667 0 0 0 0
1.94333 0 0 0 0
1.95 0 0 0 0
1.95667 0 0 0 0
1.96333 0 0 0 0
1.97 0 0 0 0
1.97667 0 0 0 0
1.98333 0 0 0 0
1.99 0 0 0 0
1.99667 0 0 0 0
