0.00333333 2 4 76 33
0.01 0 3 74 37
0.0166667 1 4 93 38
0.0233333 0 3 100 43
0.03 0 6 88 47
0.0366667 0 6 103 38
0.0433333 2 8 109 63
0.05 4 5 129 64
0.0566667 2 11 127 64
0.0633333 3 7 139 72
0.07 1 8 128 71
0.0766667 0 9 143 65
0.0833333 2 10 175 76
0.09 3 5 144 69
0.0966667 0 9 156 65
0.103333 1 10 143 62
0.11 0 8 147 69
0.116667 1 13 154 64
0.123333 5 5 169 76
0.13 2 10 185 70
0.136667 0 6 180 62
0.143333 1 4 144 58
0.15 1 11 165 82
0.156667 3 11 138 62
0.163333 2 2 162 70
0.17 3 8 156 80
0.176667 2 8 152 77
0.183333 1 5 147 52
0.19 0 11 127 85
0.196667 1 7 153 72
0.203333 1 4 170 82
0.21 3 9 179 77
0.216667 0 8 171 85
0.223333 0 8 180 67
0.23 2 5 191 71
0.236667 3 3 167 75
0.243333 2 10 164 82
0.25 2 8 161 74
0.256667 2 7 145 65
0.263333 1 8 140 66
0.27 1 3 143 58
0.276667 3 1 129 51
0.283333 0 2 110 82
0.29 1 5 135 47
0.296667 0 4 120 49
0.303333 2 5 117 59
0.31 1 5 124 48
0.316667 2 6 119 65
0.323333 1 3 120 48
0.33 2 6 122 56
0.336667 2 6 124 54
0.343333 2 6 110 40
0.35 0 2 106 45
0.356667 2 5 99 50
0.363333 2 3 77 50
0.37 1 2 93 49
0.376667 2 5 119 47
0.383333 5 2 100 51
0.39 0 8 108 54
0.396667 4 3 94 44
0.403333 2 3 88 42
0.41 0 8 100 57
0.416667 4 4 87 49
0.423333 2 2 94 41
0.43 1 4 88 56
0.436667 0 0 101 53
0.443333 2 3 111 57
0.45 0 4 82 40
0.456667 1 1 93 47
0.463333 0 2 88 52
0.47 0 4 83 40
0.476667 1 2 86 35
0.483333 1 4 53 19
0.49 0 6 40 26
0.496667 0 1 46 26
0.503333 1 3 30 20
0.51 2 7 35 18
0.516667 1 1 46 17
0.523333 0 0 35 21
0.53 2 5 38 23
0.536667 1 4 39 15
0.543333 0 2 35 17
0.55 0 2 28 11
0.556667 0 4 35 10
0.563333 0 2 30 25
0.57 2 7 33 15
0.576667 3 2 34 20
0.583333 2 2 39 18
0.59 2 3 39 12
0.596667 2 1 32 22
0.603333 1 2 27 18
0.61 1 4 27 12
0.616667 0 4 24 16
0.623333 3 3 22 10
0.63 1 3 29 25
0.636667 0 2 48 15
0.643333 1 2 19 16
0.65 1 4 18 21
0.656667 1 2 16 16
0.663333 19 87 5207 2167
0.67 0 0 0 0
0.676667 0 0 0 0
0.683333 0 0 0 0
0.69 0 0 0 0
0.696667 0 0 0 0
0.703333 0 0 0 0
0.71 0 0 0 0
0.716667 0 0 0 0
0.723333 0 0 0 0
0.73 0 0 0 0
0.736667 0 0 0 0
0.743333 0 0 0 0
0.75 0 0 0 0
0.756667 0 0 0 0
0.763333 0 0 0 0
0.77 0 0 0 0
0.776667 0 0 0 0
0.783333 0 0 0 0
0.79 0 0 0 0
0.796667 0 0 0 0
0.803333 0 0 0 0
0.81 0 0 0 0
0.816667 0 0 0 0
0.823333 0 0 0 0
0.83 0 0 0 0
0.836667 0 0 0 0
0.843333 0 0 0 0
0.85 0 0 0 0
0.856667 0 0 0 0
0.863333 0 0 0 0
0.87 0 0 0 0
0.876667 0 0 0 0
0.883333 0 0 0 0
0.89 0 0 0 0
0.896667 0 0 0 0
0.903333 0 0 0 0
0.91 0 0 0 0
0.916667 0 0 0 0
0.923333 0 0 0 0
0.93 0 0 0 0
0.936667 0 0 0 0
0.943333 0 0 0 0
0.95 0 0 0 0
0.956667 0 0 0 0
0.963333 0 0 0 0
0.97 0 0 0 0
0.976667 0 0 0 0
0.983333 0 0 0 0
0.99 0 0 0 0
0.996667 0 0 0 0
1.00333 0 0 0 0
1.01 0 0 0 0
1.01667 0 0 0 0
1.02333 0 0 0 0
1.03 0 0 0 0
1.03667 0 0 0 0
1.04333 0 0 0 0
1.05 0 0 0 0
1.05667 0 0 0 0
1.06333 0 0 0 0
1.07 0 0 0 0
1.07667 0 0 0 0
1.08333 0 0 0 0
1.09 0 0 0 0
1.09667 0 0 0 0
1.10333 0 0 0 0
1.11 0 0 0 0
1.11667 0 0 0 0
1.12333 0 0 0 0
1.13 0 0 0 0
1.13667 0 0 0 0
1.14333 0 0 0 0
1.15 0 0 0 0
1.15667 0 0 0 0
1.16333 0 0 0 0
1.17 0 0 0 0
1.17667 0 0 0 0
1.18333 0 0 0 0
1.19 0 0 0 0
1.19667 0 0 0 0
1.20333 0 0 0 0
1.21 0 0 0 0
1.21667 0 0 0 0
1.22333 0 0 0 0
1.23 0 0 0 0
1.23667 0 0 0 0
1.24333 0 0 0 0
1.25 0 0 0 0
1.25667 0 0 0 0
1.26333 0 0 0 0
1.27 0 0 0 0
1.27667 0 0 0 0
1.28333 0 0 0 0
1.29 0 0 0 0
1.29667 0 0 0 0
1.30333 0 0 0 0
1.31 0 0 0 0
1.31667 0 0 0 0
1.32333 0 0 0 0
1.33 0 0 0 0
1.33667 0 0 0 0
1.34333 0 0 0 0
1.35 0 0 0 0
1.35667 0 0 0 0
1.36333 0 0 0 0
1.37 0 0 0 0
1.37667 0 0 0 0
1.38333 0 0 0 0
1.39 0 0 0 0
1.39667 0 0 0 0
1.40333 0 0 0 0
1.41 0 0 0 0
1.41667 0 0 0 0
1.42333 0 0 0 0
1.43 0 0 0 0
1.43667 0 0 0 0
1.44333 0 0 0 0
1.45 0 0 0 0
1.45667 0 0 0 0
1.46333 0 0 0 0
1.47 0 0 0 0
1.47667 0 0 0 0
1.48333 0 0 0 0
1.49 0 0 0 0
1.49667 0 0 0 0
1.50333 0 0 0 0
1.51 0 0 0 0
1.51667 0 0 0 0
1.52333 0 0 0 0
1.53 0 0 0 0
1.53667 0 0 0 0
1.54333 0 0 0 0
1.55 0 0 0 0
1.55667 0 0 0 0
1.56333 0 0 0 0
1.57 0 0 0 0
1.57667 0 0 0 0
1.58333 0 0 0 0
1.59 0 0 0 0
1.59667 0 0 0 0
1.60333 0 0 0 0
1.61 0 0 0 0
1.61667 0 0 0 0
1.62333 0 0 0 0
1.63 0 0 0 0
1.63667 0 0 0 0
1.64333 0 0 0 0
1.65 0 0 0 0
1.65667 0 0 0 0
1.66333 0 0 0 0
1.67 0 0 0 0
1.67667 0 0 0 0
1.68333 0 0 0 0
1.69 0 0 0 0
1.69667 0 0 0 0
1.70333 0 0 0 0
1.71 0 0 0 0
1.71667 0 0 0 0
1.72333 0 0 0 0
1.73 0 0 0 0
1.73667 0 0 0 0
1.74333 0 0 0 0
1.75 0 0 0 0
1.75667 0 0 0 0
1.76333 0 0 0 0
1.77 0 0 0 0
1.77667 0 0 0 0
1.78333 0 0 0 0
1.79 0 0 0 0
1.79667 0 0 0 0
1.80333 0 0 0 0
1.81 0 0 0 0
1.81667 0 0 0 0
1.82333 0 0 0 0
1.83 0 0 0 0
1.83667 0 0 0 0
1.84333 0 0 0 0
1.85 0 0 0 0
1.85667 0 0 0 0
1.86333 0 0 0 0
1.87 0 0 0 0
1.87667 0 0 0 0
1.88333 0 0 0 0
1.89 0 0 0 0
1.89667 0 0 0 0
1.90333 0 0 0 0
1.91 0 0 0 0
1.91667 0 0 0 0
1.92333 0 0 0 0
1.93 0 0 0 0
1.93667 0 0 0 0
1.94333 0 0 0 0
1.95 0 0 0 0
1.95667 0 0 0 0
1.96333 0 0 0 0
1.97 0 0 0 0
1.97667 0 0 0 0
1.98333 0 0 0 0
1.99 0 0 0 0
1.99667 0 0 0 0
