0.00333333 13 44 16 4
0.01 26 47 9 1
0.0166667 23 56 11 3
0.0233333 24 69 13 4
0.03 15 73 15 3
0.0366667 28 83 20 3
0.0433333 49 102 31 6
0.05 56 172 24 2
0.0566667 72 187 40 5
0.0633333 92 183 31 4
0.07 87 185 40 8
0.0766667 71 167 55 8
0.0833333 76 186 50 8
0.09 72 206 40 12
0.0966667 86 187 53 7
0.103333 76 197 47 5
0.11 69 187 49 10
0.116667 73 207 46 3
0.123333 57 181 35 6
0.13 53 165 37 11
0.136667 62 190 31 4
0.143333 57 149 38 5
0.15 50 146 40 2
0.156667 52 143 30 3
0.163333 43 144 44 5
0.17 46 139 44 2
0.176667 66 128 36 10
0.183333 52 134 47 7
0.19 39 134 47 1
0.196667 44 149 38 5
0.203333 58 117 30 4
0.21 46 149 21 7
0.216667 24 99 20 3
0.223333 40 98 29 4
0.23 33 110 31 5
0.236667 37 105 27 8
0.243333 37 93 28 6
0.25 38 106 22 7
0.256667 28 97 24 4
0.263333 34 76 22 2
0.27 26 94 15 1
0.276667 24 73 20 1
0.283333 27 74 18 4
0.29 25 75 19 5
0.296667 20 76 20 2
0.303333 27 71 15 4
0.31 39 59 21 2
0.316667 30 61 17 4
0.323333 21 65 13 2
0.33 26 67 17 3
0.336667 24 66 16 3
0.343333 25 57 13 1
0.35 17 60 18 5
0.356667 22 55 12 4
0.363333 21 58 17 4
0.37 22 49 20 4
0.376667 17 44 17 4
0.383333 21 62 13 2
0.39 17 51 11 4
0.396667 20 60 12 6
0.403333 21 48 16 3
0.41 23 45 12 3
0.416667 13 51 14 1
0.423333 11 44 15 3
0.43 18 42 16 3
0.436667 22 59 9 2
0.443333 16 52 9 4
0.45 28 56 16 2
0.456667 17 44 18 3
0.463333 19 43 13 0
0.47 22 44 11 2
0.476667 24 45 11 1
0.483333 14 35 6 3
0.49 13 41 10 2
0.496667 6 32 7 1
0.503333 18 30 12 3
0.51 16 24 7 2
0.516667 12 31 14 0
0.523333 8 30 4 2
0.53 16 23 4 2
0.536667 12 23 9 2
0.543333 8 27 12 2
0.55 10 22 12 3
0.556667 7 28 9 2
0.563333 10 21 6 1
0.57 10 28 10 1
0.576667 9 25 18 2
0.583333 15 22 12 1
0.59 9 23 4 3
0.596667 11 27 7 1
0.603333 3 20 11 0
0.61 10 20 4 1
0.616667 8 22 13 1
0.623333 9 31 10 2
0.63 11 25 5 3
0.636667 9 28 10 1
0.643333 10 22 7 2
0.65 5 22 8 3
0.656667 8 19 8 1
0.663333 346 1145 307 56
0.67 0 0 0 0
0.676667 0 0 0 0
0.683333 0 0 0 0
0.69 0 0 0 0
0.696667 0 0 0 0
0.703333 0 0 0 0
0.71 0 0 0 0
0.716667 0 0 0 0
0.723333 0 0 0 0
0.73 0 0 0 0
0.736667 0 0 0 0
0.743333 0 0 0 0
0.75 0 0 0 0
0.756667 0 0 0 0
0.763333 0 0 0 0
0.77 0 0 0 0
0.776667 0 0 0 0
0.783333 0 0 0 0
0.79 0 0 0 0
0.796667 0 0 0 0
0.803333 0 0 0 0
0.81 0 0 0 0
0.816667 0 0 0 0
0.823333 0 0 0 0
0.83 0 0 0 0
0.836667 0 0 0 0
0.843333 0 0 0 0
0.85 0 0 0 0
0.856667 0 0 0 0
0.863333 0 0 0 0
0.87 0 0 0 0
0.876667 0 0 0 0
0.883333 0 0 0 0
0.89 0 0 0 0
0.896667 0 0 0 0
0.903333 0 0 0 0
0.91 0 0 0 0
0.916667 0 0 0 0
0.923333 0 0 0 0
0.93 0 0 0 0
0.936667 0 0 0 0
0.943333 0 0 0 0
0.95 0 0 0 0
0.956667 0 0 0 0
0.963333 0 0 0 0
0.97 0 0 0 0
0.976667 0 0 0 0
0.983333 0 0 0 0
0.99 0 0 0 0
0.996667 0 0 0 0
1.00333 0 0 0 0
1.01 0 0 0 0
1.01667 0 0 0 0
1.02333 0 0 0 0
1.03 0 0 0 0
1.03667 0 0 0 0
1.04333 0 0 0 0
1.05 0 0 0 0
1.05667 0 0 0 0
1.06333 0 0 0 0
1.07 0 0 0 0
1.07667 0 0 0 0
1.08333 0 0 0 0
1.09 0 0 0 0
1.09667 0 0 0 0
1.10333 0 0 0 0
1.11 0 0 0 0
1.11667 0 0 0 0
1.12333 0 0 0 0
1.13 0 0 0 0
1.13667 0 0 0 0
1.14333 0 0 0 0
1.15 0 0 0 0
1.15667 0 0 0 0
1.16333 0 0 0 0
1.17 0 0 0 0
1.17667 0 0 0 0
1.18333 0 0 0 0
1.19 0 0 0 0
1.19667 0 0 0 0
1.20333 0 0 0 0
1.21 0 0 0 0
1.21667 0 0 0 0
1.22333 0 0 0 0
1.23 0 0 0 0
1.23667 0 0 0 0
1.24333 0 0 0 0
1.25 0 0 0 0
1.25667 0 0 0 0
1.26333 0 0 0 0
1.27 0 0 0 0
1.27667 0 0 0 0
1.28333 0 0 0 0
1.29 0 0 0 0
1.29667 0 0 0 0
1.30333 0 0 0 0
1.31 0 0 0 0
1.31667 0 0 0 0
1.32333 0 0 0 0
1.33 0 0 0 0
1.33667 0 0 0 0
1.34333 0 0 0 0
1.35 0 0 0 0
1.35667 0 0 0 0
1.36333 0 0 0 0
1.37 0 0 0 0
1.37667 0 0 0 0
1.38333 0 0 0 0
1.39 0 0 0 0
1.39667 0 0 0 0
1.40333 0 0 0 0
1.41 0 0 0 0
1.41667 0 0 0 0
1.42333 0 0 0 0
1.43 0 0 0 0
1.43667 0 0 0 0
1.44333 0 0 0 0
1.45 0 0 0 0
1.45667 0 0 0 0
1.46333 0 0 0 0
1.47 0 0 0 0
1.47667 0 0 0 0
1.48333 0 0 0 0
1.49 0 0 0 0
1.49667 0 0 0 0
1.50333 0 0 0 0
1.51 0 0 0 0
1.51667 0 0 0 0
1.52333 0 0 0 0
1.53 0 0 0 0
1.53667 0 0 0 0
1.54333 0 0 0 0
1.55 0 0 0 0
1.55667 0 0 0 0
1.56333 0 0 0 0
1.57 0 0 0 0
1.57667 0 0 0 0
1.58333 0 0 0 0
1.59 0 0 0 0
1.59667 0 0 0 0
1.60333 0 0 0 0
1.61 0 0 0 0
1.61667 0 0 0 0
1.62333 0 0 0 0
1.63 0 0 0 0
1.63667 0 0 0 0
1.64333 0 0 0 0
1.65 0 0 0 0
1.65667 0 0 0 0
1.66333 0 0 0 0
1.67 0 0 0 0
1.67667 0 0 0 0
1.68333 0 0 0 0
1.69 0 0 0 0
1.69667 0 0 0 0
1.70333 0 0 0 0
1.71 0 0 0 0
1.71667 0 0 0 0
1.72333 0 0 0 0
1.73 0 0 0 0
1.73667 0 0 0 0
1.74333 0 0 0 0
1.75 0 0 0 0
1.75667 0 0 0 0
1.76333 0 0 0 0
1.77 0 0 0 0
1.77667 0 0 0 0
1.78333 0 0 0 0
1.79 0 0 0 0
1.79667 0 0 0 0
1.80333 0 0 0 0
1.81 0 0 0 0
1.81667 0 0 0 0
1.82333 0 0 0 0
1.83 0 0 0 0
1.83667 0 0 0 0
1.84333 0 0 0 0
1.85 0 0 0 0
1.85667 0 0 0 0
1.86333 0 0 0 0
1.87 0 0 0 0
1.87667 0 0 0 0
1.88333 0 0 0 0
1.89 0 0 0 0
1.89667 0 0 0 0
1.90333 0 0 0 0
1.91 0 0 0 0
1.91667 0 0 0 0
1.92333 0 0 0 0
1.93 0 0 0 0
1.93667 0 0 0 0
1.94333 0 0 0 0
1.95 0 0 0 0
1.95667 0 0 0 0
1.96333 0 0 0 0
1.97 0 0 0 0
1.97667 0 0 0 0
1.98333 0 0 0 0
1.99 0 0 0 0
1.99667 0 0 0 0
