0.00333333 2 2 95 25
0.01 2 8 98 21
0.0166667 1 5 86 28
0.0233333 2 3 106 23
0.03 4 6 104 20
0.0366667 2 6 72 27
0.0433333 1 12 90 27
0.05 1 8 119 32
0.0566667 2 19 113 26
0.0633333 4 9 126 31
0.07 3 11 117 33
0.0766667 3 10 145 43
0.0833333 7 14 134 27
0.09 3 8 103 31
0.0966667 4 4 115 27
0.103333 2 14 109 49
0.11 7 11 116 38
0.116667 1 9 130 41
0.123333 2 9 115 60
0.13 4 10 135 47
0.136667 1 11 119 29
0.143333 4 8 119 38
0.15 0 8 151 43
0.156667 2 16 125 40
0.163333 1 8 116 42
0.17 4 14 122 33
0.176667 2 8 148 38
0.183333 3 8 141 39
0.19 1 5 147 45
0.196667 3 7 215 41
0.203333 3 15 216 42
0.21 2 3 185 47
0.216667 5 8 181 42
0.223333 2 9 153 47
0.23 2 10 172 45
0.236667 4 9 165 44
0.243333 3 4 163 43
0.25 1 9 122 31
0.256667 2 6 130 48
0.263333 2 9 112 40
0.27 2 11 136 37
0.276667 2 7 110 45
0.283333 1 6 136 35
0.29 0 5 96 39
0.296667 0 6 108 29
0.303333 2 4 93 32
0.31 2 5 105 48
0.316667 2 7 84 35
0.323333 2 9 87 30
0.33 0 7 86 26
0.336667 2 4 108 28
0.343333 1 6 89 30
0.35 2 7 108 36
0.356667 1 2 87 25
0.363333 1 5 97 41
0.37 0 4 108 27
0.376667 1 9 87 29
0.383333 2 6 88 25
0.39 2 6 103 28
0.396667 0 3 93 19
0.403333 2 6 76 38
0.41 2 5 84 33
0.416667 1 5 88 27
0.423333 0 6 105 36
0.43 2 7 106 29
0.436667 2 4 116 26
0.443333 2 2 92 21
0.45 0 3 94 36
0.456667 2 3 105 41
0.463333 2 5 137 37
0.47 3 6 136 32
0.476667 0 3 73 21
0.483333 0 5 36 15
0.49 1 3 40 12
0.496667 2 3 34 9
0.503333 5 6 28 9
0.51 0 3 21 14
0.516667 0 4 21 12
0.523333 0 2 27 9
0.53 1 2 30 13
0.536667 1 4 16 5
0.543333 2 0 19 4
0.55 0 4 23 8
0.556667 0 2 17 7
0.563333 5 4 20 9
0.57 1 2 21 4
0.576667 0 3 12 3
0.583333 0 3 20 3
0.59 3 3 19 3
0.596667 0 4 19 3
0.603333 0 6 21 3
0.61 1 5 19 8
0.616667 1 2 12 3
0.623333 2 2 14 6
0.63 2 4 23 5
0.636667 2 3 38 5
0.643333 0 3 19 3
0.65 1 1 15 4
0.656667 3 6 10 3
0.663333 32 73 7591 1878
0.67 0 0 0 0
0.676667 0 0 0 0
0.683333 0 0 0 0
0.69 0 0 0 0
0.696667 0 0 0 0
0.703333 0 0 0 0
0.71 0 0 0 0
0.716667 0 0 0 0
0.723333 0 0 0 0
0.73 0 0 0 0
0.736667 0 0 0 0
0.743333 0 0 0 0
0.75 0 0 0 0
0.756667 0 0 0 0
0.763333 0 0 0 0
0.77 0 0 0 0
0.776667 0 0 0 0
0.783333 0 0 0 0
0.79 0 0 0 0
0.796667 0 0 0 0
0.803333 0 0 0 0
0.81 0 0 0 0
0.816667 0 0 0 0
0.823333 0 0 0 0
0.83 0 0 0 0
0.836667 0 0 0 0
0.843333 0 0 0 0
0.85 0 0 0 0
0.856667 0 0 0 0
0.863333 0 0 0 0
0.87 0 0 0 0
0.876667 0 0 0 0
0.883333 0 0 0 0
0.89 0 0 0 0
0.896667 0 0 0 0
0.903333 0 0 0 0
0.91 0 0 0 0
0.916667 0 0 0 0
0.923333 0 0 0 0
0.93 0 0 0 0
0.936667 0 0 0 0
0.943333 0 0 0 0
0.95 0 0 0 0
0.956667 0 0 0 0
0.963333 0 0 0 0
0.97 0 0 0 0
0.976667 0 0 0 0
0.983333 0 0 0 0
0.99 0 0 0 0
0.996667 0 0 0 0
1.00333 0 0 0 0
1.01 0 0 0 0
1.01667 0 0 0 0
1.02333 0 0 0 0
1.03 0 0 0 0
1.03667 0 0 0 0
1.04333 0 0 0 0
1.05 0 0 0 0
1.05667 0 0 0 0
1.06333 0 0 0 0
1.07 0 0 0 0
1.07667 0 0 0 0
1.08333 0 0 0 0
1.09 0 0 0 0
1.09667 0 0 0 0
1.10333 0 0 0 0
1.11 0 0 0 0
1.11667 0 0 0 0
1.12333 0 0 0 0
1.13 0 0 0 0
1.13667 0 0 0 0
1.14333 0 0 0 0
1.15 0 0 0 0
1.15667 0 0 0 0
1.16333 0 0 0 0
1.17 0 0 0 0
1.17667 0 0 0 0
1.18333 0 0 0 0
1.19 0 0 0 0
1.19667 0 0 0 0
1.20333 0 0 0 0
1.21 0 0 0 0
1.21667 0 0 0 0
1.22333 0 0 0 0
1.23 0 0 0 0
1.23667 0 0 0 0
1.24333 0 0 0 0
1.25 0 0 0 0
1.25667 0 0 0 0
1.26333 0 0 0 0
1.27 0 0 0 0
1.27667 0 0 0 0
1.28333 0 0 0 0
1.29 0 0 0 0
1.29667 0 0 0 0
1.30333 0 0 0 0
1.31 0 0 0 0
1.31667 0 0 0 0
1.32333 0 0 0 0
1.33 0 0 0 0
1.33667 0 0 0 0
1.34333 0 0 0 0
1.35 0 0 0 0
1.35667 0 0 0 0
1.36333 0 0 0 0
1.37 0 0 0 0
1.37667 0 0 0 0
1.38333 0 0 0 0
1.39 0 0 0 0
1.39667 0 0 0 0
1.40333 0 0 0 0
1.41 0 0 0 0
1.41667 0 0 0 0
1.42333 0 0 0 0
1.43 0 0 0 0
1.43667 0 0 0 0
1.44333 0 0 0 0
1.45 0 0 0 0
1.45667 0 0 0 0
1.46333 0 0 0 0
1.47 0 0 0 0
1.47667 0 0 0 0
1.48333 0 0 0 0
1.49 0 0 0 0
1.49667 0 0 0 0
1.50333 0 0 0 0
1.51 0 0 0 0
1.51667 0 0 0 0
1.52333 0 0 0 0
1.53 0 0 0 0
1.53667 0 0 0 0
1.54333 0 0 0 0
1.55 0 0 0 0
1.55667 0 0 0 0
1.56333 0 0 0 0
1.57 0 0 0 0
1.57667 0 0 0 0
1.58333 0 0 0 0
1.59 0 0 0 0
1.59667 0 0 0 0
1.60333 0 0 0 0
1.61 0 0 0 0
1.61667 0 0 0 0
1.62333 0 0 0 0
1.63 0 0 0 0
1.63667 0 0 0 0
1.64333 0 0 0 0
1.65 0 0 0 0
1.65667 0 0 0 0
1.66333 0 0 0 0
1.67 0 0 0 0
1.67667 0 0 0 0
1.68333 0 0 0 0
1.69 0 0 0 0
1.69667 0 0 0 0
1.70333 0 0 0 0
1.71 0 0 0 0
1.71667 0 0 0 0
1.72333 0 0 0 0
1.73 0 0 0 0
1.73667 0 0 0 0
1.74333 0 0 0 0
1.75 0 0 0 0
1.75667 0 0 0 0
1.76333 0 0 0 0
1.77 0 0 0 0
1.77667 0 0 0 0
1.78333 0 0 0 0
1.79 0 0 0 0
1.79667 0 0 0 0
1.80333 0 0 0 0
1.81 0 0 0 0
1.81667 0 0 0 0
1.82333 0 0 0 0
1.83 0 0 0 0
1.83667 0 0 0 0
1.84333 0 0 0 0
1.85 0 0 0 0
1.85667 0 0 0 0
1.86333 0 0 0 0
1.87 0 0 0 0
1.87667 0 0 0 0
1.88333 0 0 0 0
1.89 0 0 0 0
1.89667 0 0 0 0
1.90333 0 0 0 0
1.91 0 0 0 0
1.91667 0 0 0 0
1.92333 0 0 0 0
1.93 0 0 0 0
1.93667 0 0 0 0
1.94333 0 0 0 0
1.95 0 0 0 0
1.95667 0 0 0 0
1.96333 0 0 0 0
1.97 0 0 0 0
1.97667 0 0 0 0
1.98333 0 0 0 0
1.99 0 0 0 0
1.99667 0 0 0 0
