0.00333333 0 7 69 19
0.01 4 4 56 13
0.0166667 3 6 83 21
0.0233333 1 6 77 20
0.03 2 5 101 21
0.0366667 3 10 80 26
0.0433333 1 24 88 35
0.05 3 14 108 27
0.0566667 3 21 119 29
0.0633333 2 24 110 35
0.07 4 16 117 40
0.0766667 5 23 133 25
0.0833333 4 16 106 30
0.09 7 19 125 34
0.0966667 4 21 115 30
0.103333 5 24 112 39
0.11 11 14 110 35
0.116667 5 12 137 50
0.123333 5 18 131 38
0.13 5 10 127 39
0.136667 6 15 135 38
0.143333 5 18 126 35
0.15 2 21 128 38
0.156667 3 10 116 24
0.163333 3 15 141 26
0.17 1 21 131 23
0.176667 1 11 132 30
0.183333 1 12 141 21
0.19 5 5 221 36
0.196667 3 10 189 33
0.203333 2 15 180 42
0.21 2 8 170 38
0.216667 3 14 163 28
0.223333 4 13 151 24
0.23 1 15 146 24
0.236667 5 11 166 32
0.243333 4 12 139 29
0.25 3 3 114 35
0.256667 3 7 114 28
0.263333 3 14 129 20
0.27 1 14 159 36
0.276667 3 6 111 28
0.283333 4 6 123 28
0.29 0 6 104 24
0.296667 5 6 100 38
0.303333 2 8 95 16
0.31 6 6 89 21
0.316667 1 6 105 24
0.323333 3 12 87 27
0.33 4 14 85 23
0.336667 3 9 74 23
0.343333 2 5 94 34
0.35 2 11 71 31
0.356667 4 4 71 31
0.363333 6 12 89 27
0.37 0 4 81 26
0.376667 1 9 91 21
0.383333 2 5 74 19
0.39 1 12 85 26
0.396667 3 7 92 19
0.403333 4 8 75 29
0.41 5 6 83 24
0.416667 3 9 78 21
0.423333 1 6 95 26
0.43 3 8 82 30
0.436667 1 2 80 25
0.443333 4 4 83 29
0.45 4 5 72 17
0.456667 2 8 87 28
0.463333 4 11 90 26
0.47 3 5 91 26
0.476667 1 11 69 15
0.483333 0 9 32 11
0.49 2 2 25 18
0.496667 3 2 29 5
0.503333 2 7 25 10
0.51 0 5 24 10
0.516667 1 4 18 5
0.523333 1 3 19 9
0.53 0 7 15 7
0.536667 1 7 20 9
0.543333 1 3 21 5
0.55 0 3 13 4
0.556667 5 4 19 2
0.563333 3 6 15 8
0.57 0 4 16 3
0.576667 0 5 20 8
0.583333 2 2 18 4
0.59 1 7 13 5
0.596667 4 6 14 6
0.603333 1 6 13 4
0.61 0 6 11 3
0.616667 1 4 7 4
0.623333 1 4 7 3
0.63 2 6 14 4
0.636667 2 2 20 7
0.643333 2 1 18 10
0.65 2 1 14 2
0.656667 0 5 11 2
0.663333 32 110 5595 1309
0.67 0 0 0 0
0.676667 0 0 0 0
0.683333 0 0 0 0
0.69 0 0 0 0
0.696667 0 0 0 0
0.703333 0 0 0 0
0.71 0 0 0 0
0.716667 0 0 0 0
0.723333 0 0 0 0
0.73 0 0 0 0
0.736667 0 0 0 0
0.743333 0 0 0 0
0.75 0 0 0 0
0.756667 0 0 0 0
0.763333 0 0 0 0
0.77 0 0 0 0
0.776667 0 0 0 0
0.783333 0 0 0 0
0.79 0 0 0 0
0.796667 0 0 0 0
0.803333 0 0 0 0
0.81 0 0 0 0
0.816667 0 0 0 0
0.823333 0 0 0 0
0.83 0 0 0 0
0.836667 0 0 0 0
0.843333 0 0 0 0
0.85 0 0 0 0
0.856667 0 0 0 0
0.863333 0 0 0 0
0.87 0 0 0 0
0.876667 0 0 0 0
0.883333 0 0 0 0
0.89 0 0 0 0
0.896667 0 0 0 0
0.903333 0 0 0 0
0.91 0 0 0 0
0.916667 0 0 0 0
0.923333 0 0 0 0
0.93 0 0 0 0
0.936667 0 0 0 0
0.943333 0 0 0 0
0.95 0 0 0 0
0.956667 0 0 0 0
0.963333 0 0 0 0
0.97 0 0 0 0
0.976667 0 0 0 0
0.983333 0 0 0 0
0.99 0 0 0 0
0.996667 0 0 0 0
1.00333 0 0 0 0
1.01 0 0 0 0
1.01667 0 0 0 0
1.02333 0 0 0 0
1.03 0 0 0 0
1.03667 0 0 0 0
1.04333 0 0 0 0
1.05 0 0 0 0
1.05667 0 0 0 0
1.06333 0 0 0 0
1.07 0 0 0 0
1.07667 0 0 0 0
1.08333 0 0 0 0
1.09 0 0 0 0
1.09667 0 0 0 0
1.10333 0 0 0 0
1.11 0 0 0 0
1.11667 0 0 0 0
1.12333 0 0 0 0
1.13 0 0 0 0
1.13667 0 0 0 0
1.14333 0 0 0 0
1.15 0 0 0 0
1.15667 0 0 0 0
1.16333 0 0 0 0
1.17 0 0 0 0
1.17667 0 0 0 0
1.18333 0 0 0 0
1.19 0 0 0 0
1.19667 0 0 0 0
1.20333 0 0 0 0
1.21 0 0 0 0
1.21667 0 0 0 0
1.22333 0 0 0 0
1.23 0 0 0 0
1.23667 0 0 0 0
1.24333 0 0 0 0
1.25 0 0 0 0
1.25667 0 0 0 0
1.26333 0 0 0 0
1.27 0 0 0 0
1.27667 0 0 0 0
1.28333 0 0 0 0
1.29 0 0 0 0
1.29667 0 0 0 0
1.30333 0 0 0 0
1.31 0 0 0 0
1.31667 0 0 0 0
1.32333 0 0 0 0
1.33 0 0 0 0
1.33667 0 0 0 0
1.34333 0 0 0 0
1.35 0 0 0 0
1.35667 0 0 0 0
1.36333 0 0 0 0
1.37 0 0 0 0
1.37667 0 0 0 0
1.38333 0 0 0 0
1.39 0 0 0 0
1.39667 0 0 0 0
1.40333 0 0 0 0
1.41 0 0 0 0
1.41667 0 0 0 0
1.42333 0 0 0 0
1.43 0 0 0 0
1.43667 0 0 0 0
1.44333 0 0 0 0
1.45 0 0 0 0
1.45667 0 0 0 0
1.46333 0 0 0 0
1.47 0 0 0 0
1.47667 0 0 0 0
1.48333 0 0 0 0
1.49 0 0 0 0
1.49667 0 0 0 0
1.50333 0 0 0 0
1.51 0 0 0 0
1.51667 0 0 0 0
1.52333 0 0 0 0
1.53 0 0 0 0
1.53667 0 0 0 0
1.54333 0 0 0 0
1.55 0 0 0 0
1.55667 0 0 0 0
1.56333 0 0 0 0
1.57 0 0 0 0
1.57667 0 0 0 0
1.58333 0 0 0 0
1.59 0 0 0 0
1.59667 0 0 0 0
1.60333 0 0 0 0
1.61 0 0 0 0
1.61667 0 0 0 0
1.62333 0 0 0 0
1.63 0 0 0 0
1.63667 0 0 0 0
1.64333 0 0 0 0
1.65 0 0 0 0
1.65667 0 0 0 0
1.66333 0 0 0 0
1.67 0 0 0 0
1.67667 0 0 0 0
1.68333 0 0 0 0
1.69 0 0 0 0
1.69667 0 0 0 0
1.70333 0 0 0 0
1.71 0 0 0 0
1.71667 0 0 0 0
1.72333 0 0 0 0
1.73 0 0 0 0
1.73667 0 0 0 0
1.74333 0 0 0 0
1.75 0 0 0 0
1.75667 0 0 0 0
1.76333 0 0 0 0
1.77 0 0 0 0
1.77667 0 0 0 0
1.78333 0 0 0 0
1.79 0 0 0 0
1.79667 0 0 0 0
1.80333 0 0 0 0
1.81 0 0 0 0
1.81667 0 0 0 0
1.82333 0 0 0 0
1.83 0 0 0 0
1.83667 0 0 0 0
1.84333 0 0 0 0
1.85 0 0 0 0
1.85667 0 0 0 0
1.86333 0 0 0 0
1.87 0 0 0 0
1.87667 0 0 0 0
1.88333 0 0 0 0
1.89 0 0 0 0
1.89667 0 0 0 0
1.90333 0 0 0 0
1.91 0 0 0 0
1.91667 0 0 0 0
1.92333 0 0 0 0
1.93 0 0 0 0
1.93667 0 0 0 0
1.94333 0 0 0 0
1.95 0 0 0 0
1.95667 0 0 0 0
1.96333 0 0 0 0
1.97 0 0 0 0
1.97667 0 0 0 0
1.98333 0 0 0 0
1.99 0 0 0 0
1.99667 0 0 0 0
