0.00333333 1 4 140 32
0.01 2 7 116 40
0.0166667 1 5 117 39
0.0233333 2 6 118 35
0.03 1 6 133 46
0.0366667 1 11 142 43
0.0433333 0 8 149 53
0.05 2 4 177 63
0.0566667 1 11 210 67
0.0633333 1 10 190 71
0.07 4 10 218 84
0.0766667 3 16 238 77
0.0833333 5 14 224 71
0.09 0 11 279 69
0.0966667 0 9 240 82
0.103333 1 13 263 92
0.11 1 16 280 85
0.116667 0 11 306 85
0.123333 3 18 301 71
0.13 3 8 255 81
0.136667 2 5 273 82
0.143333 2 8 280 74
0.15 1 9 261 70
0.156667 4 10 268 77
0.163333 1 9 260 72
0.17 1 10 279 86
0.176667 1 8 246 78
0.183333 1 9 287 78
0.19 3 8 339 118
0.196667 2 11 331 78
0.203333 0 9 323 97
0.21 3 11 282 83
0.216667 3 12 295 83
0.223333 3 8 310 80
0.23 1 10 278 65
0.236667 1 10 279 55
0.243333 4 10 248 82
0.25 1 10 229 78
0.256667 2 6 219 67
0.263333 0 3 217 62
0.27 1 7 214 58
0.276667 2 4 219 53
0.283333 0 10 222 61
0.29 1 6 180 53
0.296667 2 5 192 60
0.303333 1 5 164 56
0.31 1 8 174 60
0.316667 0 7 157 53
0.323333 0 11 192 47
0.33 2 7 166 47
0.336667 0 3 163 47
0.343333 1 6 170 53
0.35 2 8 165 37
0.356667 2 7 158 54
0.363333 3 4 132 54
0.37 3 3 162 34
0.376667 2 6 156 50
0.383333 2 1 139 50
0.39 2 4 149 54
0.396667 1 4 158 52
0.403333 0 5 140 39
0.41 1 9 140 44
0.416667 2 7 150 38
0.423333 2 5 132 42
0.43 4 4 129 41
0.436667 0 2 141 36
0.443333 1 1 126 54
0.45 0 8 154 33
0.456667 0 3 132 42
0.463333 1 5 141 40
0.47 1 2 128 44
0.476667 1 2 122 41
0.483333 2 1 73 20
0.49 1 2 73 19
0.496667 0 3 53 24
0.503333 2 3 64 24
0.51 0 6 64 20
0.516667 0 1 48 22
0.523333 2 1 50 21
0.53 2 1 47 19
0.536667 1 2 55 19
0.543333 0 1 46 21
0.55 0 4 44 18
0.556667 1 2 34 16
0.563333 2 2 50 17
0.57 1 1 62 20
0.576667 3 3 42 17
0.583333 0 3 52 26
0.59 0 2 47 15
0.596667 2 2 42 17
0.603333 0 0 34 6
0.61 2 1 42 16
0.616667 1 2 32 7
0.623333 1 5 33 12
0.63 2 8 36 14
0.636667 1 2 50 15
0.643333 2 2 31 15
0.65 2 2 39 8
0.656667 0 3 40 13
0.663333 10 72 6708 1697
0.67 0 0 0 0
0.676667 0 0 0 0
0.683333 0 0 0 0
0.69 0 0 0 0
0.696667 0 0 0 0
0.703333 0 0 0 0
0.71 0 0 0 0
0.716667 0 0 0 0
0.723333 0 0 0 0
0.73 0 0 0 0
0.736667 0 0 0 0
0.743333 0 0 0 0
0.75 0 0 0 0
0.756667 0 0 0 0
0.763333 0 0 0 0
0.77 0 0 0 0
0.776667 0 0 0 0
0.783333 0 0 0 0
0.79 0 0 0 0
0.796667 0 0 0 0
0.803333 0 0 0 0
0.81 0 0 0 0
0.816667 0 0 0 0
0.823333 0 0 0 0
0.83 0 0 0 0
0.836667 0 0 0 0
0.843333 0 0 0 0
0.85 0 0 0 0
0.856667 0 0 0 0
0.863333 0 0 0 0
0.87 0 0 0 0
0.876667 0 0 0 0
0.883333 0 0 0 0
0.89 0 0 0 0
0.896667 0 0 0 0
0.903333 0 0 0 0
0.91 0 0 0 0
0.916667 0 0 0 0
0.923333 0 0 0 0
0.93 0 0 0 0
0.936667 0 0 0 0
0.943333 0 0 0 0
0.95 0 0 0 0
0.956667 0 0 0 0
0.963333 0 0 0 0
0.97 0 0 0 0
0.976667 0 0 0 0
0.983333 0 0 0 0
0.99 0 0 0 0
0.996667 0 0 0 0
1.00333 0 0 0 0
1.01 0 0 0 0
1.01667 0 0 0 0
1.02333 0 0 0 0
1.03 0 0 0 0
1.03667 0 0 0 0
1.04333 0 0 0 0
1.05 0 0 0 0
1.05667 0 0 0 0
1.06333 0 0 0 0
1.07 0 0 0 0
1.07667 0 0 0 0
1.08333 0 0 0 0
1.09 0 0 0 0
1.09667 0 0 0 0
1.10333 0 0 0 0
1.11 0 0 0 0
1.11667 0 0 0 0
1.12333 0 0 0 0
1.13 0 0 0 0
1.13667 0 0 0 0
1.14333 0 0 0 0
1.15 0 0 0 0
1.15667 0 0 0 0
1.16333 0 0 0 0
1.17 0 0 0 0
1.17667 0 0 0 0
1.18333 0 0 0 0
1.19 0 0 0 0
1.19667 0 0 0 0
1.20333 0 0 0 0
1.21 0 0 0 0
1.21667 0 0 0 0
1.22333 0 0 0 0
1.23 0 0 0 0
1.23667 0 0 0 0
1.24333 0 0 0 0
1.25 0 0 0 0
1.25667 0 0 0 0
1.26333 0 0 0 0
1.27 0 0 0 0
1.27667 0 0 0 0
1.28333 0 0 0 0
1.29 0 0 0 0
1.29667 0 0 0 0
1.30333 0 0 0 0
1.31 0 0 0 0
1.31667 0 0 0 0
1.32333 0 0 0 0
1.33 0 0 0 0
1.33667 0 0 0 0
1.34333 0 0 0 0
1.35 0 0 0 0
1.35667 0 0 0 0
1.36333 0 0 0 0
1.37 0 0 0 0
1.37667 0 0 0 0
1.38333 0 0 0 0
1.39 0 0 0 0
1.39667 0 0 0 0
1.40333 0 0 0 0
1.41 0 0 0 0
1.41667 0 0 0 0
1.42333 0 0 0 0
1.43 0 0 0 0
1.43667 0 0 0 0
1.44333 0 0 0 0
1.45 0 0 0 0
1.45667 0 0 0 0
1.46333 0 0 0 0
1.47 0 0 0 0
1.47667 0 0 0 0
1.48333 0 0 0 0
1.49 0 0 0 0
1.49667 0 0 0 0
1.50333 0 0 0 0
1.51 0 0 0 0
1.51667 0 0 0 0
1.52333 0 0 0 0
1.53 0 0 0 0
1.53667 0 0 0 0
1.54333 0 0 0 0
1.55 0 0 0 0
1.55667 0 0 0 0
1.56333 0 0 0 0
1.57 0 0 0 0
1.57667 0 0 0 0
1.58333 0 0 0 0
1.59 0 0 0 0
1.59667 0 0 0 0
1.60333 0 0 0 0
1.61 0 0 0 0
1.61667 0 0 0 0
1.62333 0 0 0 0
1.63 0 0 0 0
1.63667 0 0 0 0
1.64333 0 0 0 0
1.65 0 0 0 0
1.65667 0 0 0 0
1.66333 0 0 0 0
1.67 0 0 0 0
1.67667 0 0 0 0
1.68333 0 0 0 0
1.69 0 0 0 0
1.69667 0 0 0 0
1.70333 0 0 0 0
1.71 0 0 0 0
1.71667 0 0 0 0
1.72333 0 0 0 0
1.73 0 0 0 0
1.73667 0 0 0 0
1.74333 0 0 0 0
1.75 0 0 0 0
1.75667 0 0 0 0
1.76333 0 0 0 0
1.77 0 0 0 0
1.77667 0 0 0 0
1.78333 0 0 0 0
1.79 0 0 0 0
1.79667 0 0 0 0
1.80333 0 0 0 0
1.81 0 0 0 0
1.81667 0 0 0 0
1.82333 0 0 0 0
1.83 0 0 0 0
1.83667 0 0 0 0
1.84333 0 0 0 0
1.85 0 0 0 0
1.85667 0 0 0 0
1.86333 0 0 0 0
1.87 0 0 0 0
1.87667 0 0 0 0
1.88333 0 0 0 0
1.89 0 0 0 0
1.89667 0 0 0 0
1.90333 0 0 0 0
1.91 0 0 0 0
1.91667 0 0 0 0
1.92333 0 0 0 0
1.93 0 0 0 0
1.93667 0 0 0 0
1.94333 0 0 0 0
1.95 0 0 0 0
1.95667 0 0 0 0
1.96333 0 0 0 0
1.97 0 0 0 0
1.97667 0 0 0 0
1.98333 0 0 0 0
1.99 0 0 0 0
1.99667 0 0 0 0
