0.00333333 0 3 275 51
0.01 0 4 252 64
0.0166667 1 3 276 56
0.0233333 1 4 290 67
0.03 1 1 276 62
0.0366667 0 3 300 68
0.0433333 1 6 279 77
0.05 4 6 305 69
0.0566667 0 5 343 80
0.0633333 0 6 323 99
0.07 2 5 319 80
0.0766667 0 8 329 86
0.0833333 1 9 344 89
0.09 0 15 346 108
0.0966667 0 5 336 100
0.103333 0 9 327 101
0.11 3 11 348 86
0.116667 2 6 375 109
0.123333 1 7 363 112
0.13 0 8 339 107
0.136667 2 7 350 114
0.143333 1 9 354 108
0.15 0 7 370 93
0.156667 0 4 382 95
0.163333 2 3 421 78
0.17 1 7 385 103
0.176667 1 4 383 111
0.183333 1 6 489 113
0.19 3 4 790 143
0.196667 0 5 793 133
0.203333 1 5 610 145
0.21 1 5 513 130
0.216667 1 6 460 148
0.223333 1 5 386 148
0.23 0 0 394 119
0.236667 1 5 322 119
0.243333 4 9 374 118
0.25 2 4 351 114
0.256667 1 2 323 94
0.263333 0 3 353 100
0.27 3 2 297 100
0.276667 4 5 284 93
0.283333 1 1 328 101
0.29 2 3 293 90
0.296667 0 4 300 88
0.303333 1 5 307 96
0.31 2 3 291 85
0.316667 2 2 323 77
0.323333 1 3 301 77
0.33 2 3 291 62
0.336667 1 5 299 75
0.343333 0 4 328 71
0.35 0 4 311 78
0.356667 1 5 283 73
0.363333 0 4 320 68
0.37 0 1 284 57
0.376667 0 5 321 75
0.383333 1 2 309 63
0.39 1 2 315 57
0.396667 0 1 312 59
0.403333 0 5 341 63
0.41 1 8 337 59
0.416667 1 2 333 67
0.423333 1 2 323 52
0.43 1 2 302 58
0.436667 0 1 326 75
0.443333 0 4 336 76
0.45 0 3 340 54
0.456667 1 4 333 60
0.463333 1 4 329 69
0.47 2 4 345 63
0.476667 1 1 270 53
0.483333 2 0 123 25
0.49 0 2 127 16
0.496667 1 5 103 25
0.503333 2 1 107 15
0.51 0 0 93 15
0.516667 0 1 90 11
0.523333 0 1 79 17
0.53 0 2 70 17
0.536667 0 1 77 18
0.543333 0 1 87 10
0.55 0 3 72 9
0.556667 0 4 71 13
0.563333 0 4 57 15
0.57 0 3 56 7
0.576667 1 0 64 12
0.583333 3 0 71 8
0.59 0 1 73 11
0.596667 1 1 66 6
0.603333 0 0 71 13
0.61 1 2 56 13
0.616667 1 2 48 12
0.623333 0 2 63 8
0.63 0 1 68 15
0.636667 0 1 107 15
0.643333 0 2 61 15
0.65 0 2 50 9
0.656667 0 2 44 10
0.663333 12 43 22091 4432
0.67 0 0 0 0
0.676667 0 0 0 0
0.683333 0 0 0 0
0.69 0 0 0 0
0.696667 0 0 0 0
0.703333 0 0 0 0
0.71 0 0 0 0
0.716667 0 0 0 0
0.723333 0 0 0 0
0.73 0 0 0 0
0.736667 0 0 0 0
0.743333 0 0 0 0
0.75 0 0 0 0
0.756667 0 0 0 0
0.763333 0 0 0 0
0.77 0 0 0 0
0.776667 0 0 0 0
0.783333 0 0 0 0
0.79 0 0 0 0
0.796667 0 0 0 0
0.803333 0 0 0 0
0.81 0 0 0 0
0.816667 0 0 0 0
0.823333 0 0 0 0
0.83 0 0 0 0
0.836667 0 0 0 0
0.843333 0 0 0 0
0.85 0 0 0 0
0.856667 0 0 0 0
0.863333 0 0 0 0
0.87 0 0 0 0
0.876667 0 0 0 0
0.883333 0 0 0 0
0.89 0 0 0 0
0.896667 0 0 0 0
0.903333 0 0 0 0
0.91 0 0 0 0
0.916667 0 0 0 0
0.923333 0 0 0 0
0.93 0 0 0 0
0.936667 0 0 0 0
0.943333 0 0 0 0
0.95 0 0 0 0
0.956667 0 0 0 0
0.963333 0 0 0 0
0.97 0 0 0 0
0.976667 0 0 0 0
0.983333 0 0 0 0
0.99 0 0 0 0
0.996667 0 0 0 0
1.00333 0 0 0 0
1.01 0 0 0 0
1.01667 0 0 0 0
1.02333 0 0 0 0
1.03 0 0 0 0
1.03667 0 0 0 0
1.04333 0 0 0 0
1.05 0 0 0 0
1.05667 0 0 0 0
1.06333 0 0 0 0
1.07 0 0 0 0
1.07667 0 0 0 0
1.08333 0 0 0 0
1.09 0 0 0 0
1.09667 0 0 0 0
1.10333 0 0 0 0
1.11 0 0 0 0
1.11667 0 0 0 0
1.12333 0 0 0 0
1.13 0 0 0 0
1.13667 0 0 0 0
1.14333 0 0 0 0
1.15 0 0 0 0
1.15667 0 0 0 0
1.16333 0 0 0 0
1.17 0 0 0 0
1.17667 0 0 0 0
1.18333 0 0 0 0
1.19 0 0 0 0
1.19667 0 0 0 0
1.20333 0 0 0 0
1.21 0 0 0 0
1.21667 0 0 0 0
1.22333 0 0 0 0
1.23 0 0 0 0
1.23667 0 0 0 0
1.24333 0 0 0 0
1.25 0 0 0 0
1.25667 0 0 0 0
1.26333 0 0 0 0
1.27 0 0 0 0
1.27667 0 0 0 0
1.28333 0 0 0 0
1.29 0 0 0 0
1.29667 0 0 0 0
1.30333 0 0 0 0
1.31 0 0 0 0
1.31667 0 0 0 0
1.32333 0 0 0 0
1.33 0 0 0 0
1.33667 0 0 0 0
1.34333 0 0 0 0
1.35 0 0 0 0
1.35667 0 0 0 0
1.36333 0 0 0 0
1.37 0 0 0 0
1.37667 0 0 0 0
1.38333 0 0 0 0
1.39 0 0 0 0
1.39667 0 0 0 0
1.40333 0 0 0 0
1.41 0 0 0 0
1.41667 0 0 0 0
1.42333 0 0 0 0
1.43 0 0 0 0
1.43667 0 0 0 0
1.44333 0 0 0 0
1.45 0 0 0 0
1.45667 0 0 0 0
1.46333 0 0 0 0
1.47 0 0 0 0
1.47667 0 0 0 0
1.48333 0 0 0 0
1.49 0 0 0 0
1.49667 0 0 0 0
1.50333 0 0 0 0
1.51 0 0 0 0
1.51667 0 0 0 0
1.52333 0 0 0 0
1.53 0 0 0 0
1.53667 0 0 0 0
1.54333 0 0 0 0
1.55 0 0 0 0
1.55667 0 0 0 0
1.56333 0 0 0 0
1.57 0 0 0 0
1.57667 0 0 0 0
1.58333 0 0 0 0
1.59 0 0 0 0
1.59667 0 0 0 0
1.60333 0 0 0 0
1.61 0 0 0 0
1.61667 0 0 0 0
1.62333 0 0 0 0
1.63 0 0 0 0
1.63667 0 0 0 0
1.64333 0 0 0 0
1.65 0 0 0 0
1.65667 0 0 0 0
1.66333 0 0 0 0
1.67 0 0 0 0
1.67667 0 0 0 0
1.68333 0 0 0 0
1.69 0 0 0 0
1.69667 0 0 0 0
1.70333 0 0 0 0
1.71 0 0 0 0
1.71667 0 0 0 0
1.72333 0 0 0 0
1.73 0 0 0 0
1.73667 0 0 0 0
1.74333 0 0 0 0
1.75 0 0 0 0
1.75667 0 0 0 0
1.76333 0 0 0 0
1.77 0 0 0 0
1.77667 0 0 0 0
1.78333 0 0 0 0
1.79 0 0 0 0
1.79667 0 0 0 0
1.80333 0 0 0 0
1.81 0 0 0 0
1.81667 0 0 0 0
1.82333 0 0 0 0
1.83 0 0 0 0
1.83667 0 0 0 0
1.84333 0 0 0 0
1.85 0 0 0 0
1.85667 0 0 0 0
1.86333 0 0 0 0
1.87 0 0 0 0
1.87667 0 0 0 0
1.88333 0 0 0 0
1.89 0 0 0 0
1.89667 0 0 0 0
1.90333 0 0 0 0
1.91 0 0 0 0
1.91667 0 0 0 0
1.92333 0 0 0 0
1.93 0 0 0 0
1.93667 0 0 0 0
1.94333 0 0 0 0
1.95 0 0 0 0
1.95667 0 0 0 0
1.96333 0 0 0 0
1.97 0 0 0 0
1.97667 0 0 0 0
1.98333 0 0 0 0
1.99 0 0 0 0
1.99667 0 0 0 0
