0.00333333 0 0 187 76
0.01 0 3 191 72
0.0166667 1 3 210 86
0.0233333 0 5 213 99
0.03 1 3 204 87
0.0366667 1 3 218 105
0.0433333 0 3 234 99
0.05 1 4 292 115
0.0566667 1 9 290 133
0.0633333 1 2 285 148
0.07 4 7 309 161
0.0766667 4 6 301 148
0.0833333 1 9 380 189
0.09 1 12 368 182
0.0966667 0 4 335 187
0.103333 2 6 333 171
0.11 2 8 371 153
0.116667 5 7 353 173
0.123333 0 13 398 175
0.13 1 3 383 193
0.136667 0 3 392 192
0.143333 2 10 417 179
0.15 1 3 419 175
0.156667 2 3 435 185
0.163333 0 1 434 202
0.17 0 7 421 186
0.176667 1 6 408 195
0.183333 2 7 576 224
0.19 0 6 841 323
0.196667 1 4 796 300
0.203333 3 5 675 243
0.21 0 3 630 247
0.216667 2 2 500 216
0.223333 2 8 491 190
0.23 0 4 410 205
0.236667 1 6 401 189
0.243333 1 8 351 179
0.25 2 1 327 164
0.256667 2 1 312 161
0.263333 3 4 291 154
0.27 0 3 288 173
0.276667 0 8 270 143
0.283333 1 6 247 123
0.29 0 3 230 136
0.296667 1 7 223 101
0.303333 4 2 237 110
0.31 0 4 241 126
0.316667 0 1 220 115
0.323333 1 1 226 123
0.33 0 3 221 94
0.336667 1 1 207 94
0.343333 0 3 187 112
0.35 0 3 201 110
0.356667 0 3 222 128
0.363333 0 4 178 112
0.37 0 2 197 104
0.376667 0 3 204 113
0.383333 0 3 192 114
0.39 0 3 207 84
0.396667 1 1 207 108
0.403333 0 8 209 96
0.41 0 1 203 102
0.416667 1 2 206 97
0.423333 1 2 220 101
0.43 1 3 226 98
0.436667 1 2 205 99
0.443333 1 1 200 95
0.45 0 3 212 99
0.456667 0 2 228 105
0.463333 0 3 218 109
0.47 3 4 260 93
0.476667 1 2 194 74
0.483333 1 2 81 46
0.49 0 2 66 30
0.496667 1 3 72 47
0.503333 0 1 60 39
0.51 1 1 53 23
0.516667 0 1 35 19
0.523333 1 4 51 21
0.53 0 1 41 18
0.536667 0 4 42 21
0.543333 1 2 49 19
0.55 0 2 36 17
0.556667 0 2 29 18
0.563333 1 1 35 13
0.57 0 1 53 18
0.576667 1 0 47 25
0.583333 0 1 28 15
0.59 1 0 45 13
0.596667 0 3 38 12
0.603333 0 1 31 17
0.61 0 3 29 10
0.616667 0 1 23 13
0.623333 0 0 30 10
0.63 1 2 36 18
0.636667 2 2 64 28
0.643333 0 3 20 9
0.65 0 1 27 10
0.656667 0 1 28 10
0.663333 6 38 14871 5765
0.67 0 0 0 0
0.676667 0 0 0 0
0.683333 0 0 0 0
0.69 0 0 0 0
0.696667 0 0 0 0
0.703333 0 0 0 0
0.71 0 0 0 0
0.716667 0 0 0 0
0.723333 0 0 0 0
0.73 0 0 0 0
0.736667 0 0 0 0
0.743333 0 0 0 0
0.75 0 0 0 0
0.756667 0 0 0 0
0.763333 0 0 0 0
0.77 0 0 0 0
0.776667 0 0 0 0
0.783333 0 0 0 0
0.79 0 0 0 0
0.796667 0 0 0 0
0.803333 0 0 0 0
0.81 0 0 0 0
0.816667 0 0 0 0
0.823333 0 0 0 0
0.83 0 0 0 0
0.836667 0 0 0 0
0.843333 0 0 0 0
0.85 0 0 0 0
0.856667 0 0 0 0
0.863333 0 0 0 0
0.87 0 0 0 0
0.876667 0 0 0 0
0.883333 0 0 0 0
0.89 0 0 0 0
0.896667 0 0 0 0
0.903333 0 0 0 0
0.91 0 0 0 0
0.916667 0 0 0 0
0.923333 0 0 0 0
0.93 0 0 0 0
0.936667 0 0 0 0
0.943333 0 0 0 0
0.95 0 0 0 0
0.956667 0 0 0 0
0.963333 0 0 0 0
0.97 0 0 0 0
0.976667 0 0 0 0
0.983333 0 0 0 0
0.99 0 0 0 0
0.996667 0 0 0 0
1.00333 0 0 0 0
1.01 0 0 0 0
1.01667 0 0 0 0
1.02333 0 0 0 0
1.03 0 0 0 0
1.03667 0 0 0 0
1.04333 0 0 0 0
1.05 0 0 0 0
1.05667 0 0 0 0
1.06333 0 0 0 0
1.07 0 0 0 0
1.07667 0 0 0 0
1.08333 0 0 0 0
1.09 0 0 0 0
1.09667 0 0 0 0
1.10333 0 0 0 0
1.11 0 0 0 0
1.11667 0 0 0 0
1.12333 0 0 0 0
1.13 0 0 0 0
1.13667 0 0 0 0
1.14333 0 0 0 0
1.15 0 0 0 0
1.15667 0 0 0 0
1.16333 0 0 0 0
1.17 0 0 0 0
1.17667 0 0 0 0
1.18333 0 0 0 0
1.19 0 0 0 0
1.19667 0 0 0 0
1.20333 0 0 0 0
1.21 0 0 0 0
1.21667 0 0 0 0
1.22333 0 0 0 0
1.23 0 0 0 0
1.23667 0 0 0 0
1.24333 0 0 0 0
1.25 0 0 0 0
1.25667 0 0 0 0
1.26333 0 0 0 0
1.27 0 0 0 0
1.27667 0 0 0 0
1.28333 0 0 0 0
1.29 0 0 0 0
1.29667 0 0 0 0
1.30333 0 0 0 0
1.31 0 0 0 0
1.31667 0 0 0 0
1.32333 0 0 0 0
1.33 0 0 0 0
1.33667 0 0 0 0
1.34333 0 0 0 0
1.35 0 0 0 0
1.35667 0 0 0 0
1.36333 0 0 0 0
1.37 0 0 0 0
1.37667 0 0 0 0
1.38333 0 0 0 0
1.39 0 0 0 0
1.39667 0 0 0 0
1.40333 0 0 0 0
1.41 0 0 0 0
1.41667 0 0 0 0
1.42333 0 0 0 0
1.43 0 0 0 0
1.43667 0 0 0 0
1.44333 0 0 0 0
1.45 0 0 0 0
1.45667 0 0 0 0
1.46333 0 0 0 0
1.47 0 0 0 0
1.47667 0 0 0 0
1.48333 0 0 0 0
1.49 0 0 0 0
1.49667 0 0 0 0
1.50333 0 0 0 0
1.51 0 0 0 0
1.51667 0 0 0 0
1.52333 0 0 0 0
1.53 0 0 0 0
1.53667 0 0 0 0
1.54333 0 0 0 0
1.55 0 0 0 0
1.55667 0 0 0 0
1.56333 0 0 0 0
1.57 0 0 0 0
1.57667 0 0 0 0
1.58333 0 0 0 0
1.59 0 0 0 0
1.59667 0 0 0 0
1.60333 0 0 0 0
1.61 0 0 0 0
1.61667 0 0 0 0
1.62333 0 0 0 0
1.63 0 0 0 0
1.63667 0 0 0 0
1.64333 0 0 0 0
1.65 0 0 0 0
1.65667 0 0 0 0
1.66333 0 0 0 0
1.67 0 0 0 0
1.67667 0 0 0 0
1.68333 0 0 0 0
1.69 0 0 0 0
1.69667 0 0 0 0
1.70333 0 0 0 0
1.71 0 0 0 0
1.71667 0 0 0 0
1.72333 0 0 0 0
1.73 0 0 0 0
1.73667 0 0 0 0
1.74333 0 0 0 0
1.75 0 0 0 0
1.75667 0 0 0 0
1.76333 0 0 0 0
1.77 0 0 0 0
1.77667 0 0 0 0
1.78333 0 0 0 0
1.79 0 0 0 0
1.79667 0 0 0 0
1.80333 0 0 0 0
1.81 0 0 0 0
1.81667 0 0 0 0
1.82333 0 0 0 0
1.83 0 0 0 0
1.83667 0 0 0 0
1.84333 0 0 0 0
1.85 0 0 0 0
1.85667 0 0 0 0
1.86333 0 0 0 0
1.87 0 0 0 0
1.87667 0 0 0 0
1.88333 0 0 0 0
1.89 0 0 0 0
1.89667 0 0 0 0
1.90333 0 0 0 0
1.91 0 0 0 0
1.91667 0 0 0 0
1.92333 0 0 0 0
1.93 0 0 0 0
1.93667 0 0 0 0
1.94333 0 0 0 0
1.95 0 0 0 0
1.95667 0 0 0 0
1.96333 0 0 0 0
1.97 0 0 0 0
1.97667 0 0 0 0
1.98333 0 0 0 0
1.99 0 0 0 0
1.99667 0 0 0 0
