0.00333333 2 14 30 12
0.01 9 13 30 16
0.0166667 7 19 31 18
0.0233333 8 21 53 15
0.03 3 14 44 19
0.0366667 6 10 41 15
0.0433333 7 15 48 18
0.05 9 19 49 21
0.0566667 10 25 47 19
0.0633333 9 27 38 18
0.07 3 28 60 23
0.0766667 15 25 45 22
0.0833333 12 18 42 26
0.09 9 25 54 22
0.0966667 13 32 39 30
0.103333 11 30 48 19
0.11 14 41 57 18
0.116667 14 24 66 21
0.123333 10 31 55 25
0.13 12 27 68 12
0.136667 5 24 63 17
0.143333 8 23 51 16
0.15 7 28 58 15
0.156667 10 25 55 22
0.163333 12 23 61 21
0.17 10 26 41 27
0.176667 5 32 53 19
0.183333 10 23 49 13
0.19 9 18 51 22
0.196667 17 17 68 26
0.203333 9 25 66 15
0.21 9 30 71 18
0.216667 5 22 59 17
0.223333 5 20 56 21
0.23 7 25 63 19
0.236667 4 17 62 26
0.243333 4 24 53 19
0.25 12 12 48 26
0.256667 13 22 57 22
0.263333 9 18 46 21
0.27 14 15 45 18
0.276667 8 18 51 30
0.283333 7 23 56 18
0.29 9 28 43 18
0.296667 6 15 43 20
0.303333 5 21 43 16
0.31 9 19 39 20
0.316667 8 16 41 20
0.323333 6 19 43 22
0.33 6 19 46 16
0.336667 9 18 43 14
0.343333 3 22 40 17
0.35 10 22 34 21
0.356667 11 15 44 15
0.363333 10 18 43 14
0.37 4 16 41 18
0.376667 7 15 47 19
0.383333 7 10 49 15
0.39 16 18 37 17
0.396667 13 18 44 13
0.403333 9 6 43 16
0.41 10 12 43 23
0.416667 1 14 36 15
0.423333 4 21 22 17
0.43 10 12 48 20
0.436667 7 21 53 23
0.443333 7 16 36 26
0.45 9 12 39 14
0.456667 8 14 34 19
0.463333 4 23 48 31
0.47 6 11 37 14
0.476667 3 15 37 20
0.483333 8 10 18 9
0.49 7 7 18 8
0.496667 3 8 14 16
0.503333 5 3 12 6
0.51 2 7 16 9
0.516667 2 9 17 7
0.523333 2 7 11 5
0.53 4 7 14 6
0.536667 2 6 10 9
0.543333 4 9 6 5
0.55 3 9 10 6
0.556667 3 3 7 4
0.563333 4 7 12 3
0.57 1 6 4 7
0.576667 4 6 9 6
0.583333 3 5 4 5
0.59 1 9 6 4
0.596667 3 3 3 3
0.603333 3 6 3 4
0.61 2 5 12 2
0.616667 3 7 5 2
0.623333 4 3 7 2
0.63 3 7 10 4
0.636667 8 3 12 7
0.643333 2 4 8 3
0.65 5 2 6 3
0.656667 2 4 2 5
0.663333 298 690 2351 1058
0.67 0 0 0 0
0.676667 0 0 0 0
0.683333 0 0 0 0
0.69 0 0 0 0
0.696667 0 0 0 0
0.703333 0 0 0 0
0.71 0 0 0 0
0.716667 0 0 0 0
0.723333 0 0 0 0
0.73 0 0 0 0
0.736667 0 0 0 0
0.743333 0 0 0 0
0.75 0 0 0 0
0.756667 0 0 0 0
0.763333 0 0 0 0
0.77 0 0 0 0
0.776667 0 0 0 0
0.783333 0 0 0 0
0.79 0 0 0 0
0.796667 0 0 0 0
0.803333 0 0 0 0
0.81 0 0 0 0
0.816667 0 0 0 0
0.823333 0 0 0 0
0.83 0 0 0 0
0.836667 0 0 0 0
0.843333 0 0 0 0
0.85 0 0 0 0
0.856667 0 0 0 0
0.863333 0 0 0 0
0.87 0 0 0 0
0.876667 0 0 0 0
0.883333 0 0 0 0
0.89 0 0 0 0
0.896667 0 0 0 0
0.903333 0 0 0 0
0.91 0 0 0 0
0.916667 0 0 0 0
0.923333 0 0 0 0
0.93 0 0 0 0
0.936667 0 0 0 0
0.943333 0 0 0 0
0.95 0 0 0 0
0.956667 0 0 0 0
0.963333 0 0 0 0
0.97 0 0 0 0
0.976667 0 0 0 0
0.983333 0 0 0 0
0.99 0 0 0 0
0.996667 0 0 0 0
1.00333 0 0 0 0
1.01 0 0 0 0
1.01667 0 0 0 0
1.02333 0 0 0 0
1.03 0 0 0 0
1.03667 0 0 0 0
1.04333 0 0 0 0
1.05 0 0 0 0
1.05667 0 0 0 0
1.06333 0 0 0 0
1.07 0 0 0 0
1.07667 0 0 0 0
1.08333 0 0 0 0
1.09 0 0 0 0
1.09667 0 0 0 0
1.10333 0 0 0 0
1.11 0 0 0 0
1.11667 0 0 0 0
1.12333 0 0 0 0
1.13 0 0 0 0
1.13667 0 0 0 0
1.14333 0 0 0 0
1.15 0 0 0 0
1.15667 0 0 0 0
1.16333 0 0 0 0
1.17 0 0 0 0
1.17667 0 0 0 0
1.18333 0 0 0 0
1.19 0 0 0 0
1.19667 0 0 0 0
1.20333 0 0 0 0
1.21 0 0 0 0
1.21667 0 0 0 0
1.22333 0 0 0 0
1.23 0 0 0 0
1.23667 0 0 0 0
1.24333 0 0 0 0
1.25 0 0 0 0
1.25667 0 0 0 0
1.26333 0 0 0 0
1.27 0 0 0 0
1.27667 0 0 0 0
1.28333 0 0 0 0
1.29 0 0 0 0
1.29667 0 0 0 0
1.30333 0 0 0 0
1.31 0 0 0 0
1.31667 0 0 0 0
1.32333 0 0 0 0
1.33 0 0 0 0
1.33667 0 0 0 0
1.34333 0 0 0 0
1.35 0 0 0 0
1.35667 0 0 0 0
1.36333 0 0 0 0
1.37 0 0 0 0
1.37667 0 0 0 0
1.38333 0 0 0 0
1.39 0 0 0 0
1.39667 0 0 0 0
1.40333 0 0 0 0
1.41 0 0 0 0
1.41667 0 0 0 0
1.42333 0 0 0 0
1.43 0 0 0 0
1.43667 0 0 0 0
1.44333 0 0 0 0
1.45 0 0 0 0
1.45667 0 0 0 0
1.46333 0 0 0 0
1.47 0 0 0 0
1.47667 0 0 0 0
1.48333 0 0 0 0
1.49 0 0 0 0
1.49667 0 0 0 0
1.50333 0 0 0 0
1.51 0 0 0 0
1.51667 0 0 0 0
1.52333 0 0 0 0
1.53 0 0 0 0
1.53667 0 0 0 0
1.54333 0 0 0 0
1.55 0 0 0 0
1.55667 0 0 0 0
1.56333 0 0 0 0
1.57 0 0 0 0
1.57667 0 0 0 0
1.58333 0 0 0 0
1.59 0 0 0 0
1.59667 0 0 0 0
1.60333 0 0 0 0
1.61 0 0 0 0
1.61667 0 0 0 0
1.62333 0 0 0 0
1.63 0 0 0 0
1.63667 0 0 0 0
1.64333 0 0 0 0
1.65 0 0 0 0
1.65667 0 0 0 0
1.66333 0 0 0 0
1.67 0 0 0 0
1.67667 0 0 0 0
1.68333 0 0 0 0
1.69 0 0 0 0
1.69667 0 0 0 0
1.70333 0 0 0 0
1.71 0 0 0 0
1.71667 0 0 0 0
1.72333 0 0 0 0
1.73 0 0 0 0
1.73667 0 0 0 0
1.74333 0 0 0 0
1.75 0 0 0 0
1.75667 0 0 0 0
1.76333 0 0 0 0
1.77 0 0 0 0
1.77667 0 0 0 0
1.78333 0 0 0 0
1.79 0 0 0 0
1.79667 0 0 0 0
1.80333 0 0 0 0
1.81 0 0 0 0
1.81667 0 0 0 0
1.82333 0 0 0 0
1.83 0 0 0 0
1.83667 0 0 0 0
1.84333 0 0 0 0
1.85 0 0 0 0
1.85667 0 0 0 0
1.86333 0 0 0 0
1.87 0 0 0 0
1.87667 0 0 0 0
1.88333 0 0 0 0
1.89 0 0 0 0
1.89667 0 0 0 0
1.90333 0 0 0 0
1.91 0 0 0 0
1.91667 0 0 0 0
1.92333 0 0 0 0
1.93 0 0 0 0
1.93667 0 0 0 0
1.94333 0 0 0 0
1.95 0 0 0 0
1.95667 0 0 0 0
1.96333 0 0 0 0
1.97 0 0 0 0
1.97667 0 0 0 0
1.98333 0 0 0 0
1.99 0 0 0 0
1.99667 0 0 0 0
