0.00333333 4 28 15 6
0.01 9 36 23 1
0.0166667 15 54 17 7
0.0233333 21 45 26 4
0.03 17 61 24 3
0.0366667 30 69 24 4
0.0433333 34 78 48 6
0.05 24 136 51 3
0.0566667 40 141 57 6
0.0633333 49 165 62 9
0.07 56 170 53 14
0.0766667 42 173 79 12
0.0833333 50 163 67 12
0.09 50 164 64 17
0.0966667 51 166 69 8
0.103333 43 161 73 9
0.11 46 161 81 11
0.116667 44 174 70 13
0.123333 41 134 56 22
0.13 27 147 59 12
0.136667 39 125 41 10
0.143333 34 114 58 9
0.15 33 139 45 6
0.156667 40 111 61 3
0.163333 32 124 49 11
0.17 32 105 56 10
0.176667 43 114 59 10
0.183333 34 121 55 11
0.19 28 110 65 7
0.196667 33 139 50 11
0.203333 30 107 52 5
0.21 42 107 46 6
0.216667 26 96 37 4
0.223333 30 80 47 3
0.23 27 92 42 5
0.236667 26 79 50 9
0.243333 19 66 34 14
0.25 27 76 36 7
0.256667 25 65 44 13
0.263333 23 68 36 5
0.27 22 68 29 6
0.276667 19 79 28 4
0.283333 17 63 28 7
0.29 11 82 26 7
0.296667 14 57 27 4
0.303333 17 78 31 4
0.31 18 50 37 6
0.316667 28 50 23 12
0.323333 19 60 25 3
0.33 13 72 26 5
0.336667 15 48 31 5
0.343333 15 63 26 3
0.35 13 47 32 7
0.356667 15 53 20 6
0.363333 18 48 21 4
0.37 15 49 18 5
0.376667 16 43 27 2
0.383333 22 46 29 5
0.39 8 39 20 2
0.396667 17 38 15 7
0.403333 14 42 26 4
0.41 19 53 24 7
0.416667 14 41 21 5
0.423333 16 37 25 3
0.43 12 45 17 10
0.436667 11 39 28 5
0.443333 15 28 19 5
0.45 17 46 16 4
0.456667 13 44 17 5
0.463333 19 42 19 1
0.47 19 47 22 5
0.476667 12 35 18 5
0.483333 13 29 8 5
0.49 9 29 21 4
0.496667 11 36 9 1
0.503333 11 39 15 7
0.51 13 34 6 3
0.516667 9 29 14 3
0.523333 6 20 3 6
0.53 11 27 8 4
0.536667 8 24 13 5
0.543333 10 22 17 5
0.55 8 19 13 4
0.556667 5 17 8 5
0.563333 9 21 9 2
0.57 8 22 8 4
0.576667 8 17 18 3
0.583333 5 20 14 1
0.59 4 14 7 3
0.596667 2 19 11 1
0.603333 4 22 7 2
0.61 3 14 6 3
0.616667 7 19 14 2
0.623333 4 22 13 2
0.63 11 27 10 4
0.636667 6 22 9 2
0.643333 6 17 9 3
0.65 5 21 10 5
0.656667 3 17 9 3
0.663333 209 882 465 101
0.67 0 0 0 0
0.676667 0 0 0 0
0.683333 0 0 0 0
0.69 0 0 0 0
0.696667 0 0 0 0
0.703333 0 0 0 0
0.71 0 0 0 0
0.716667 0 0 0 0
0.723333 0 0 0 0
0.73 0 0 0 0
0.736667 0 0 0 0
0.743333 0 0 0 0
0.75 0 0 0 0
0.756667 0 0 0 0
0.763333 0 0 0 0
0.77 0 0 0 0
0.776667 0 0 0 0
0.783333 0 0 0 0
0.79 0 0 0 0
0.796667 0 0 0 0
0.803333 0 0 0 0
0.81 0 0 0 0
0.816667 0 0 0 0
0.823333 0 0 0 0
0.83 0 0 0 0
0.836667 0 0 0 0
0.843333 0 0 0 0
0.85 0 0 0 0
0.856667 0 0 0 0
0.863333 0 0 0 0
0.87 0 0 0 0
0.876667 0 0 0 0
0.883333 0 0 0 0
0.89 0 0 0 0
0.896667 0 0 0 0
0.903333 0 0 0 0
0.91 0 0 0 0
0.916667 0 0 0 0
0.923333 0 0 0 0
0.93 0 0 0 0
0.936667 0 0 0 0
0.943333 0 0 0 0
0.95 0 0 0 0
0.956667 0 0 0 0
0.963333 0 0 0 0
0.97 0 0 0 0
0.976667 0 0 0 0
0.983333 0 0 0 0
0.99 0 0 0 0
0.996667 0 0 0 0
1.00333 0 0 0 0
1.01 0 0 0 0
1.01667 0 0 0 0
1.02333 0 0 0 0
1.03 0 0 0 0
1.03667 0 0 0 0
1.04333 0 0 0 0
1.05 0 0 0 0
1.05667 0 0 0 0
1.06333 0 0 0 0
1.07 0 0 0 0
1.07667 0 0 0 0
1.08333 0 0 0 0
1.09 0 0 0 0
1.09667 0 0 0 0
1.10333 0 0 0 0
1.11 0 0 0 0
1.11667 0 0 0 0
1.12333 0 0 0 0
1.13 0 0 0 0
1.13667 0 0 0 0
1.14333 0 0 0 0
1.15 0 0 0 0
1.15667 0 0 0 0
1.16333 0 0 0 0
1.17 0 0 0 0
1.17667 0 0 0 0
1.18333 0 0 0 0
1.19 0 0 0 0
1.19667 0 0 0 0
1.20333 0 0 0 0
1.21 0 0 0 0
1.21667 0 0 0 0
1.22333 0 0 0 0
1.23 0 0 0 0
1.23667 0 0 0 0
1.24333 0 0 0 0
1.25 0 0 0 0
1.25667 0 0 0 0
1.26333 0 0 0 0
1.27 0 0 0 0
1.27667 0 0 0 0
1.28333 0 0 0 0
1.29 0 0 0 0
1.29667 0 0 0 0
1.30333 0 0 0 0
1.31 0 0 0 0
1.31667 0 0 0 0
1.32333 0 0 0 0
1.33 0 0 0 0
1.33667 0 0 0 0
1.34333 0 0 0 0
1.35 0 0 0 0
1.35667 0 0 0 0
1.36333 0 0 0 0
1.37 0 0 0 0
1.37667 0 0 0 0
1.38333 0 0 0 0
1.39 0 0 0 0
1.39667 0 0 0 0
1.40333 0 0 0 0
1.41 0 0 0 0
1.41667 0 0 0 0
1.42333 0 0 0 0
1.43 0 0 0 0
1.43667 0 0 0 0
1.44333 0 0 0 0
1.45 0 0 0 0
1.45667 0 0 0 0
1.46333 0 0 0 0
1.47 0 0 0 0
1.47667 0 0 0 0
1.48333 0 0 0 0
1.49 0 0 0 0
1.49667 0 0 0 0
1.50333 0 0 0 0
1.51 0 0 0 0
1.51667 0 0 0 0
1.52333 0 0 0 0
1.53 0 0 0 0
1.53667 0 0 0 0
1.54333 0 0 0 0
1.55 0 0 0 0
1.55667 0 0 0 0
1.56333 0 0 0 0
1.57 0 0 0 0
1.57667 0 0 0 0
1.58333 0 0 0 0
1.59 0 0 0 0
1.59667 0 0 0 0
1.60333 0 0 0 0
1.61 0 0 0 0
1.61667 0 0 0 0
1.62333 0 0 0 0
1.63 0 0 0 0
1.63667 0 0 0 0
1.64333 0 0 0 0
1.65 0 0 0 0
1.65667 0 0 0 0
1.66333 0 0 0 0
1.67 0 0 0 0
1.67667 0 0 0 0
1.68333 0 0 0 0
1.69 0 0 0 0
1.69667 0 0 0 0
1.70333 0 0 0 0
1.71 0 0 0 0
1.71667 0 0 0 0
1.72333 0 0 0 0
1.73 0 0 0 0
1.73667 0 0 0 0
1.74333 0 0 0 0
1.75 0 0 0 0
1.75667 0 0 0 0
1.76333 0 0 0 0
1.77 0 0 0 0
1.77667 0 0 0 0
1.78333 0 0 0 0
1.79 0 0 0 0
1.79667 0 0 0 0
1.80333 0 0 0 0
1.81 0 0 0 0
1.81667 0 0 0 0
1.82333 0 0 0 0
1.83 0 0 0 0
1.83667 0 0 0 0
1.84333 0 0 0 0
1.85 0 0 0 0
1.85667 0 0 0 0
1.86333 0 0 0 0
1.87 0 0 0 0
1.87667 0 0 0 0
1.88333 0 0 0 0
1.89 0 0 0 0
1.89667 0 0 0 0
1.90333 0 0 0 0
1.91 0 0 0 0
1.91667 0 0 0 0
1.92333 0 0 0 0
1.93 0 0 0 0
1.93667 0 0 0 0
1.94333 0 0 0 0
1.95 0 0 0 0
1.95667 0 0 0 0
1.96333 0 0 0 0
1.97 0 0 0 0
1.97667 0 0 0 0
1.98333 0 0 0 0
1.99 0 0 0 0
1.99667 0 0 0 0
