0.00333333 0 4 263 52
0.01 2 4 275 25
0.0166667 5 2 264 35
0.0233333 1 2 275 37
0.03 0 3 300 39
0.0366667 0 5 217 49
0.0433333 2 6 267 34
0.05 0 10 268 41
0.0566667 0 6 281 38
0.0633333 4 9 261 50
0.07 5 14 262 45
0.0766667 2 13 300 53
0.0833333 2 10 328 52
0.09 3 6 299 46
0.0966667 1 6 241 63
0.103333 3 10 271 70
0.11 3 11 292 59
0.116667 5 7 292 56
0.123333 4 9 320 74
0.13 2 4 305 71
0.136667 2 10 262 54
0.143333 2 10 289 52
0.15 2 1 319 55
0.156667 0 14 310 66
0.163333 3 9 355 62
0.17 3 5 328 58
0.176667 2 10 325 64
0.183333 2 9 387 53
0.19 1 1 545 76
0.196667 2 8 535 74
0.203333 0 4 432 63
0.21 1 3 386 65
0.216667 2 4 335 81
0.223333 3 3 285 79
0.23 3 5 309 88
0.236667 2 4 298 79
0.243333 5 7 318 65
0.25 4 3 266 76
0.256667 2 2 273 63
0.263333 1 5 258 48
0.27 2 7 271 53
0.276667 2 1 271 55
0.283333 1 2 281 65
0.29 1 4 268 43
0.296667 2 2 292 69
0.303333 0 6 265 48
0.31 0 7 251 47
0.316667 1 1 233 43
0.323333 2 5 232 44
0.33 2 5 254 43
0.336667 1 4 272 41
0.343333 1 5 255 43
0.35 2 6 278 38
0.356667 2 1 242 32
0.363333 4 5 283 55
0.37 1 3 258 35
0.376667 2 3 245 48
0.383333 2 2 248 42
0.39 1 5 278 47
0.396667 1 4 263 45
0.403333 1 8 274 39
0.41 3 10 274 36
0.416667 1 3 286 55
0.423333 0 3 314 63
0.43 4 5 305 48
0.436667 0 3 298 42
0.443333 1 2 284 55
0.45 1 3 325 46
0.456667 4 4 306 43
0.463333 2 6 355 50
0.47 2 5 359 45
0.476667 1 11 274 36
0.483333 1 3 119 13
0.49 0 2 108 17
0.496667 0 2 102 20
0.503333 0 1 97 17
0.51 0 1 79 18
0.516667 3 3 73 17
0.523333 1 1 70 12
0.53 0 1 66 10
0.536667 2 2 59 11
0.543333 0 1 55 10
0.55 0 0 47 11
0.556667 1 3 62 6
0.563333 0 4 54 5
0.57 0 1 47 6
0.576667 0 1 44 8
0.583333 1 0 61 10
0.59 0 4 44 13
0.596667 3 1 39 7
0.603333 1 3 38 5
0.61 0 2 50 7
0.616667 0 2 37 2
0.623333 1 1 33 3
0.63 1 3 53 10
0.636667 1 2 101 6
0.643333 2 1 37 10
0.65 0 0 23 3
0.656667 0 7 34 4
0.663333 23 53 21635 2943
0.67 0 0 0 0
0.676667 0 0 0 0
0.683333 0 0 0 0
0.69 0 0 0 0
0.696667 0 0 0 0
0.703333 0 0 0 0
0.71 0 0 0 0
0.716667 0 0 0 0
0.723333 0 0 0 0
0.73 0 0 0 0
0.736667 0 0 0 0
0.743333 0 0 0 0
0.75 0 0 0 0
0.756667 0 0 0 0
0.763333 0 0 0 0
0.77 0 0 0 0
0.776667 0 0 0 0
0.783333 0 0 0 0
0.79 0 0 0 0
0.796667 0 0 0 0
0.803333 0 0 0 0
0.81 0 0 0 0
0.816667 0 0 0 0
0.823333 0 0 0 0
0.83 0 0 0 0
0.836667 0 0 0 0
0.843333 0 0 0 0
0.85 0 0 0 0
0.856667 0 0 0 0
0.863333 0 0 0 0
0.87 0 0 0 0
0.876667 0 0 0 0
0.883333 0 0 0 0
0.89 0 0 0 0
0.896667 0 0 0 0
0.903333 0 0 0 0
0.91 0 0 0 0
0.916667 0 0 0 0
0.923333 0 0 0 0
0.93 0 0 0 0
0.936667 0 0 0 0
0.943333 0 0 0 0
0.95 0 0 0 0
0.956667 0 0 0 0
0.963333 0 0 0 0
0.97 0 0 0 0
0.976667 0 0 0 0
0.983333 0 0 0 0
0.99 0 0 0 0
0.996667 0 0 0 0
1.00333 0 0 0 0
1.01 0 0 0 0
1.01667 0 0 0 0
1.02333 0 0 0 0
1.03 0 0 0 0
1.03667 0 0 0 0
1.04333 0 0 0 0
1.05 0 0 0 0
1.05667 0 0 0 0
1.06333 0 0 0 0
1.07 0 0 0 0
1.07667 0 0 0 0
1.08333 0 0 0 0
1.09 0 0 0 0
1.09667 0 0 0 0
1.10333 0 0 0 0
1.11 0 0 0 0
1.11667 0 0 0 0
1.12333 0 0 0 0
1.13 0 0 0 0
1.13667 0 0 0 0
1.14333 0 0 0 0
1.15 0 0 0 0
1.15667 0 0 0 0
1.16333 0 0 0 0
1.17 0 0 0 0
1.17667 0 0 0 0
1.18333 0 0 0 0
1.19 0 0 0 0
1.19667 0 0 0 0
1.20333 0 0 0 0
1.21 0 0 0 0
1.21667 0 0 0 0
1.22333 0 0 0 0
1.23 0 0 0 0
1.23667 0 0 0 0
1.24333 0 0 0 0
1.25 0 0 0 0
1.25667 0 0 0 0
1.26333 0 0 0 0
1.27 0 0 0 0
1.27667 0 0 0 0
1.28333 0 0 0 0
1.29 0 0 0 0
1.29667 0 0 0 0
1.30333 0 0 0 0
1.31 0 0 0 0
1.31667 0 0 0 0
1.32333 0 0 0 0
1.33 0 0 0 0
1.33667 0 0 0 0
1.34333 0 0 0 0
1.35 0 0 0 0
1.35667 0 0 0 0
1.36333 0 0 0 0
1.37 0 0 0 0
1.37667 0 0 0 0
1.38333 0 0 0 0
1.39 0 0 0 0
1.39667 0 0 0 0
1.40333 0 0 0 0
1.41 0 0 0 0
1.41667 0 0 0 0
1.42333 0 0 0 0
1.43 0 0 0 0
1.43667 0 0 0 0
1.44333 0 0 0 0
1.45 0 0 0 0
1.45667 0 0 0 0
1.46333 0 0 0 0
1.47 0 0 0 0
1.47667 0 0 0 0
1.48333 0 0 0 0
1.49 0 0 0 0
1.49667 0 0 0 0
1.50333 0 0 0 0
1.51 0 0 0 0
1.51667 0 0 0 0
1.52333 0 0 0 0
1.53 0 0 0 0
1.53667 0 0 0 0
1.54333 0 0 0 0
1.55 0 0 0 0
1.55667 0 0 0 0
1.56333 0 0 0 0
1.57 0 0 0 0
1.57667 0 0 0 0
1.58333 0 0 0 0
1.59 0 0 0 0
1.59667 0 0 0 0
1.60333 0 0 0 0
1.61 0 0 0 0
1.61667 0 0 0 0
1.62333 0 0 0 0
1.63 0 0 0 0
1.63667 0 0 0 0
1.64333 0 0 0 0
1.65 0 0 0 0
1.65667 0 0 0 0
1.66333 0 0 0 0
1.67 0 0 0 0
1.67667 0 0 0 0
1.68333 0 0 0 0
1.69 0 0 0 0
1.69667 0 0 0 0
1.70333 0 0 0 0
1.71 0 0 0 0
1.71667 0 0 0 0
1.72333 0 0 0 0
1.73 0 0 0 0
1.73667 0 0 0 0
1.74333 0 0 0 0
1.75 0 0 0 0
1.75667 0 0 0 0
1.76333 0 0 0 0
1.77 0 0 0 0
1.77667 0 0 0 0
1.78333 0 0 0 0
1.79 0 0 0 0
1.79667 0 0 0 0
1.80333 0 0 0 0
1.81 0 0 0 0
1.81667 0 0 0 0
1.82333 0 0 0 0
1.83 0 0 0 0
1.83667 0 0 0 0
1.84333 0 0 0 0
1.85 0 0 0 0
1.85667 0 0 0 0
1.86333 0 0 0 0
1.87 0 0 0 0
1.87667 0 0 0 0
1.88333 0 0 0 0
1.89 0 0 0 0
1.89667 0 0 0 0
1.90333 0 0 0 0
1.91 0 0 0 0
1.91667 0 0 0 0
1.92333 0 0 0 0
1.93 0 0 0 0
1.93667 0 0 0 0
1.94333 0 0 0 0
1.95 0 0 0 0
1.95667 0 0 0 0
1.96333 0 0 0 0
1.97 0 0 0 0
1.97667 0 0 0 0
1.98333 0 0 0 0
1.99 0 0 0 0
1.99667 0 0 0 0
