0.00333333 2 13 41 9
0.01 2 15 55 13
0.0166667 5 33 60 19
0.0233333 2 16 67 25
0.03 3 41 58 22
0.0366667 5 39 91 22
0.0433333 7 40 117 29
0.05 6 41 139 51
0.0566667 16 56 178 50
0.0633333 15 65 204 39
0.07 9 71 224 53
0.0766667 15 50 202 59
0.0833333 16 55 204 54
0.09 7 69 191 65
0.0966667 10 66 210 55
0.103333 15 55 205 51
0.11 14 58 203 55
0.116667 11 63 199 73
0.123333 10 58 182 49
0.13 22 43 175 44
0.136667 10 57 182 41
0.143333 14 52 147 32
0.15 11 41 159 50
0.156667 14 50 175 29
0.163333 10 41 130 42
0.17 12 37 143 41
0.176667 9 46 155 47
0.183333 7 52 127 49
0.19 10 46 148 42
0.196667 10 46 156 44
0.203333 8 45 145 26
0.21 7 47 139 41
0.216667 9 34 132 31
0.223333 7 45 112 26
0.23 3 27 126 25
0.236667 7 35 113 36
0.243333 5 27 108 28
0.25 9 39 100 24
0.256667 9 31 78 20
0.263333 4 25 88 25
0.27 5 30 90 22
0.276667 5 31 87 30
0.283333 5 22 83 24
0.29 2 18 86 20
0.296667 6 21 89 26
0.303333 8 24 72 19
0.31 7 24 67 22
0.316667 3 25 78 13
0.323333 8 27 77 21
0.33 5 22 57 24
0.336667 8 12 64 17
0.343333 2 7 62 22
0.35 7 16 54 31
0.356667 2 27 61 20
0.363333 6 18 40 15
0.37 5 12 55 11
0.376667 6 19 66 18
0.383333 7 18 54 18
0.39 4 17 57 20
0.396667 7 21 61 13
0.403333 7 11 57 18
0.41 3 24 55 16
0.416667 6 18 68 16
0.423333 4 16 63 19
0.43 6 14 50 17
0.436667 1 22 54 13
0.443333 4 14 44 19
0.45 3 30 50 10
0.456667 4 17 47 21
0.463333 9 21 37 21
0.47 6 17 59 15
0.476667 3 25 44 9
0.483333 5 11 38 14
0.49 1 5 33 12
0.496667 5 6 32 12
0.503333 2 11 31 11
0.51 4 11 32 9
0.516667 3 10 31 8
0.523333 2 9 38 7
0.53 4 10 25 4
0.536667 1 8 25 5
0.543333 4 8 24 16
0.55 1 6 37 6
0.556667 1 8 31 10
0.563333 1 12 24 7
0.57 3 4 30 10
0.576667 6 10 40 7
0.583333 2 9 25 11
0.59 6 5 27 8
0.596667 0 8 27 14
0.603333 3 6 19 10
0.61 3 9 19 6
0.616667 3 5 25 2
0.623333 2 11 19 4
0.63 2 12 25 3
0.636667 0 9 25 5
0.643333 0 3 17 5
0.65 2 6 22 7
0.656667 3 3 20 11
0.663333 63 332 1289 293
0.67 0 0 0 0
0.676667 0 0 0 0
0.683333 0 0 0 0
0.69 0 0 0 0
0.696667 0 0 0 0
0.703333 0 0 0 0
0.71 0 0 0 0
0.716667 0 0 0 0
0.723333 0 0 0 0
0.73 0 0 0 0
0.736667 0 0 0 0
0.743333 0 0 0 0
0.75 0 0 0 0
0.756667 0 0 0 0
0.763333 0 0 0 0
0.77 0 0 0 0
0.776667 0 0 0 0
0.783333 0 0 0 0
0.79 0 0 0 0
0.796667 0 0 0 0
0.803333 0 0 0 0
0.81 0 0 0 0
0.816667 0 0 0 0
0.823333 0 0 0 0
0.83 0 0 0 0
0.836667 0 0 0 0
0.843333 0 0 0 0
0.85 0 0 0 0
0.856667 0 0 0 0
0.863333 0 0 0 0
0.87 0 0 0 0
0.876667 0 0 0 0
0.883333 0 0 0 0
0.89 0 0 0 0
0.896667 0 0 0 0
0.903333 0 0 0 0
0.91 0 0 0 0
0.916667 0 0 0 0
0.923333 0 0 0 0
0.93 0 0 0 0
0.936667 0 0 0 0
0.943333 0 0 0 0
0.95 0 0 0 0
0.956667 0 0 0 0
0.963333 0 0 0 0
0.97 0 0 0 0
0.976667 0 0 0 0
0.983333 0 0 0 0
0.99 0 0 0 0
0.996667 0 0 0 0
1.00333 0 0 0 0
1.01 0 0 0 0
1.01667 0 0 0 0
1.02333 0 0 0 0
1.03 0 0 0 0
1.03667 0 0 0 0
1.04333 0 0 0 0
1.05 0 0 0 0
1.05667 0 0 0 0
1.06333 0 0 0 0
1.07 0 0 0 0
1.07667 0 0 0 0
1.08333 0 0 0 0
1.09 0 0 0 0
1.09667 0 0 0 0
1.10333 0 0 0 0
1.11 0 0 0 0
1.11667 0 0 0 0
1.12333 0 0 0 0
1.13 0 0 0 0
1.13667 0 0 0 0
1.14333 0 0 0 0
1.15 0 0 0 0
1.15667 0 0 0 0
1.16333 0 0 0 0
1.17 0 0 0 0
1.17667 0 0 0 0
1.18333 0 0 0 0
1.19 0 0 0 0
1.19667 0 0 0 0
1.20333 0 0 0 0
1.21 0 0 0 0
1.21667 0 0 0 0
1.22333 0 0 0 0
1.23 0 0 0 0
1.23667 0 0 0 0
1.24333 0 0 0 0
1.25 0 0 0 0
1.25667 0 0 0 0
1.26333 0 0 0 0
1.27 0 0 0 0
1.27667 0 0 0 0
1.28333 0 0 0 0
1.29 0 0 0 0
1.29667 0 0 0 0
1.30333 0 0 0 0
1.31 0 0 0 0
1.31667 0 0 0 0
1.32333 0 0 0 0
1.33 0 0 0 0
1.33667 0 0 0 0
1.34333 0 0 0 0
1.35 0 0 0 0
1.35667 0 0 0 0
1.36333 0 0 0 0
1.37 0 0 0 0
1.37667 0 0 0 0
1.38333 0 0 0 0
1.39 0 0 0 0
1.39667 0 0 0 0
1.40333 0 0 0 0
1.41 0 0 0 0
1.41667 0 0 0 0
1.42333 0 0 0 0
1.43 0 0 0 0
1.43667 0 0 0 0
1.44333 0 0 0 0
1.45 0 0 0 0
1.45667 0 0 0 0
1.46333 0 0 0 0
1.47 0 0 0 0
1.47667 0 0 0 0
1.48333 0 0 0 0
1.49 0 0 0 0
1.49667 0 0 0 0
1.50333 0 0 0 0
1.51 0 0 0 0
1.51667 0 0 0 0
1.52333 0 0 0 0
1.53 0 0 0 0
1.53667 0 0 0 0
1.54333 0 0 0 0
1.55 0 0 0 0
1.55667 0 0 0 0
1.56333 0 0 0 0
1.57 0 0 0 0
1.57667 0 0 0 0
1.58333 0 0 0 0
1.59 0 0 0 0
1.59667 0 0 0 0
1.60333 0 0 0 0
1.61 0 0 0 0
1.61667 0 0 0 0
1.62333 0 0 0 0
1.63 0 0 0 0
1.63667 0 0 0 0
1.64333 0 0 0 0
1.65 0 0 0 0
1.65667 0 0 0 0
1.66333 0 0 0 0
1.67 0 0 0 0
1.67667 0 0 0 0
1.68333 0 0 0 0
1.69 0 0 0 0
1.69667 0 0 0 0
1.70333 0 0 0 0
1.71 0 0 0 0
1.71667 0 0 0 0
1.72333 0 0 0 0
1.73 0 0 0 0
1.73667 0 0 0 0
1.74333 0 0 0 0
1.75 0 0 0 0
1.75667 0 0 0 0
1.76333 0 0 0 0
1.77 0 0 0 0
1.77667 0 0 0 0
1.78333 0 0 0 0
1.79 0 0 0 0
1.79667 0 0 0 0
1.80333 0 0 0 0
1.81 0 0 0 0
1.81667 0 0 0 0
1.82333 0 0 0 0
1.83 0 0 0 0
1.83667 0 0 0 0
1.84333 0 0 0 0
1.85 0 0 0 0
1.85667 0 0 0 0
1.86333 0 0 0 0
1.87 0 0 0 0
1.87667 0 0 0 0
1.88333 0 0 0 0
1.89 0 0 0 0
1.89667 0 0 0 0
1.90333 0 0 0 0
1.91 0 0 0 0
1.91667 0 0 0 0
1.92333 0 0 0 0
1.93 0 0 0 0
1.93667 0 0 0 0
1.94333 0 0 0 0
1.95 0 0 0 0
1.95667 0 0 0 0
1.96333 0 0 0 0
1.97 0 0 0 0
1.97667 0 0 0 0
1.98333 0 0 0 0
1.99 0 0 0 0
1.99667 0 0 0 0
