0.00333333 1 3 160 27
0.01 1 5 144 27
0.0166667 3 2 160 28
0.0233333 0 1 172 32
0.03 1 3 158 32
0.0366667 0 9 129 38
0.0433333 1 8 152 34
0.05 0 9 166 40
0.0566667 0 6 172 36
0.0633333 2 12 166 46
0.07 5 11 200 51
0.0766667 1 8 191 47
0.0833333 2 10 207 48
0.09 1 15 177 40
0.0966667 0 11 170 50
0.103333 5 8 167 55
0.11 4 10 210 58
0.116667 1 10 213 51
0.123333 4 6 195 59
0.13 5 5 201 63
0.136667 2 10 197 32
0.143333 4 11 216 51
0.15 0 9 235 50
0.156667 0 7 193 48
0.163333 2 12 197 46
0.17 1 12 195 43
0.176667 0 7 220 48
0.183333 2 9 232 46
0.19 1 3 291 66
0.196667 3 9 387 67
0.203333 1 8 338 56
0.21 1 3 302 66
0.216667 1 8 294 62
0.223333 2 3 236 65
0.23 2 5 226 65
0.236667 2 6 224 68
0.243333 3 7 215 44
0.25 2 4 205 45
0.256667 4 5 168 40
0.263333 2 6 177 40
0.27 3 5 187 51
0.276667 2 2 166 52
0.283333 2 6 180 50
0.29 1 5 165 46
0.296667 3 3 150 49
0.303333 2 5 154 43
0.31 1 4 148 45
0.316667 0 1 142 45
0.323333 1 5 131 38
0.33 1 6 145 34
0.336667 2 6 155 41
0.343333 0 3 164 26
0.35 1 2 175 40
0.356667 1 3 150 33
0.363333 5 4 160 52
0.37 0 2 170 27
0.376667 1 6 155 42
0.383333 1 3 158 30
0.39 0 5 155 36
0.396667 0 4 169 36
0.403333 1 7 152 32
0.41 6 4 157 45
0.416667 1 4 154 48
0.423333 1 6 160 42
0.43 3 6 167 31
0.436667 1 1 169 36
0.443333 1 2 165 44
0.45 2 1 171 40
0.456667 1 4 179 32
0.463333 0 4 209 40
0.47 3 7 206 38
0.476667 1 7 147 25
0.483333 0 3 68 17
0.49 1 0 57 12
0.496667 2 4 58 12
0.503333 2 3 41 10
0.51 0 2 53 11
0.516667 2 1 37 12
0.523333 0 1 46 9
0.53 0 2 37 9
0.536667 2 3 44 4
0.543333 0 1 41 10
0.55 0 1 30 12
0.556667 2 1 33 6
0.563333 0 3 26 8
0.57 1 2 24 5
0.576667 0 1 19 5
0.583333 1 0 34 6
0.59 0 3 40 5
0.596667 1 4 30 8
0.603333 0 1 25 6
0.61 0 4 27 5
0.616667 0 4 17 3
0.623333 1 1 28 6
0.63 1 2 34 6
0.636667 1 3 49 5
0.643333 0 1 25 8
0.65 1 2 25 5
0.656667 0 4 16 4
0.663333 21 48 12446 2350
0.67 0 0 0 0
0.676667 0 0 0 0
0.683333 0 0 0 0
0.69 0 0 0 0
0.696667 0 0 0 0
0.703333 0 0 0 0
0.71 0 0 0 0
0.716667 0 0 0 0
0.723333 0 0 0 0
0.73 0 0 0 0
0.736667 0 0 0 0
0.743333 0 0 0 0
0.75 0 0 0 0
0.756667 0 0 0 0
0.763333 0 0 0 0
0.77 0 0 0 0
0.776667 0 0 0 0
0.783333 0 0 0 0
0.79 0 0 0 0
0.796667 0 0 0 0
0.803333 0 0 0 0
0.81 0 0 0 0
0.816667 0 0 0 0
0.823333 0 0 0 0
0.83 0 0 0 0
0.836667 0 0 0 0
0.843333 0 0 0 0
0.85 0 0 0 0
0.856667 0 0 0 0
0.863333 0 0 0 0
0.87 0 0 0 0
0.876667 0 0 0 0
0.883333 0 0 0 0
0.89 0 0 0 0
0.896667 0 0 0 0
0.903333 0 0 0 0
0.91 0 0 0 0
0.916667 0 0 0 0
0.923333 0 0 0 0
0.93 0 0 0 0
0.936667 0 0 0 0
0.943333 0 0 0 0
0.95 0 0 0 0
0.956667 0 0 0 0
0.963333 0 0 0 0
0.97 0 0 0 0
0.976667 0 0 0 0
0.983333 0 0 0 0
0.99 0 0 0 0
0.996667 0 0 0 0
1.00333 0 0 0 0
1.01 0 0 0 0
1.01667 0 0 0 0
1.02333 0 0 0 0
1.03 0 0 0 0
1.03667 0 0 0 0
1.04333 0 0 0 0
1.05 0 0 0 0
1.05667 0 0 0 0
1.06333 0 0 0 0
1.07 0 0 0 0
1.07667 0 0 0 0
1.08333 0 0 0 0
1.09 0 0 0 0
1.09667 0 0 0 0
1.10333 0 0 0 0
1.11 0 0 0 0
1.11667 0 0 0 0
1.12333 0 0 0 0
1.13 0 0 0 0
1.13667 0 0 0 0
1.14333 0 0 0 0
1.15 0 0 0 0
1.15667 0 0 0 0
1.16333 0 0 0 0
1.17 0 0 0 0
1.17667 0 0 0 0
1.18333 0 0 0 0
1.19 0 0 0 0
1.19667 0 0 0 0
1.20333 0 0 0 0
1.21 0 0 0 0
1.21667 0 0 0 0
1.22333 0 0 0 0
1.23 0 0 0 0
1.23667 0 0 0 0
1.24333 0 0 0 0
1.25 0 0 0 0
1.25667 0 0 0 0
1.26333 0 0 0 0
1.27 0 0 0 0
1.27667 0 0 0 0
1.28333 0 0 0 0
1.29 0 0 0 0
1.29667 0 0 0 0
1.30333 0 0 0 0
1.31 0 0 0 0
1.31667 0 0 0 0
1.32333 0 0 0 0
1.33 0 0 0 0
1.33667 0 0 0 0
1.34333 0 0 0 0
1.35 0 0 0 0
1.35667 0 0 0 0
1.36333 0 0 0 0
1.37 0 0 0 0
1.37667 0 0 0 0
1.38333 0 0 0 0
1.39 0 0 0 0
1.39667 0 0 0 0
1.40333 0 0 0 0
1.41 0 0 0 0
1.41667 0 0 0 0
1.42333 0 0 0 0
1.43 0 0 0 0
1.43667 0 0 0 0
1.44333 0 0 0 0
1.45 0 0 0 0
1.45667 0 0 0 0
1.46333 0 0 0 0
1.47 0 0 0 0
1.47667 0 0 0 0
1.48333 0 0 0 0
1.49 0 0 0 0
1.49667 0 0 0 0
1.50333 0 0 0 0
1.51 0 0 0 0
1.51667 0 0 0 0
1.52333 0 0 0 0
1.53 0 0 0 0
1.53667 0 0 0 0
1.54333 0 0 0 0
1.55 0 0 0 0
1.55667 0 0 0 0
1.56333 0 0 0 0
1.57 0 0 0 0
1.57667 0 0 0 0
1.58333 0 0 0 0
1.59 0 0 0 0
1.59667 0 0 0 0
1.60333 0 0 0 0
1.61 0 0 0 0
1.61667 0 0 0 0
1.62333 0 0 0 0
1.63 0 0 0 0
1.63667 0 0 0 0
1.64333 0 0 0 0
1.65 0 0 0 0
1.65667 0 0 0 0
1.66333 0 0 0 0
1.67 0 0 0 0
1.67667 0 0 0 0
1.68333 0 0 0 0
1.69 0 0 0 0
1.69667 0 0 0 0
1.70333 0 0 0 0
1.71 0 0 0 0
1.71667 0 0 0 0
1.72333 0 0 0 0
1.73 0 0 0 0
1.73667 0 0 0 0
1.74333 0 0 0 0
1.75 0 0 0 0
1.75667 0 0 0 0
1.76333 0 0 0 0
1.77 0 0 0 0
1.77667 0 0 0 0
1.78333 0 0 0 0
1.79 0 0 0 0
1.79667 0 0 0 0
1.80333 0 0 0 0
1.81 0 0 0 0
1.81667 0 0 0 0
1.82333 0 0 0 0
1.83 0 0 0 0
1.83667 0 0 0 0
1.84333 0 0 0 0
1.85 0 0 0 0
1.85667 0 0 0 0
1.86333 0 0 0 0
1.87 0 0 0 0
1.87667 0 0 0 0
1.88333 0 0 0 0
1.89 0 0 0 0
1.89667 0 0 0 0
1.90333 0 0 0 0
1.91 0 0 0 0
1.91667 0 0 0 0
1.92333 0 0 0 0
1.93 0 0 0 0
1.93667 0 0 0 0
1.94333 0 0 0 0
1.95 0 0 0 0
1.95667 0 0 0 0
1.96333 0 0 0 0
1.97 0 0 0 0
1.97667 0 0 0 0
1.98333 0 0 0 0
1.99 0 0 0 0
1.99667 0 0 0 0
