0.00333333 6 23 32 7
0.01 9 37 32 6
0.0166667 4 36 41 5
0.0233333 14 32 42 7
0.03 12 37 31 8
0.0366667 21 48 48 5
0.0433333 19 62 66 15
0.05 18 103 79 10
0.0566667 19 91 88 15
0.0633333 39 131 86 17
0.07 37 140 106 16
0.0766667 34 121 150 17
0.0833333 31 143 103 21
0.09 31 111 102 20
0.0966667 27 129 120 21
0.103333 27 121 103 19
0.11 27 133 114 24
0.116667 22 107 113 22
0.123333 20 110 87 22
0.13 21 92 128 16
0.136667 31 116 89 20
0.143333 18 102 85 19
0.15 20 85 91 15
0.156667 36 71 99 10
0.163333 14 86 59 17
0.17 26 86 85 14
0.176667 19 91 92 21
0.183333 25 74 81 18
0.19 21 80 113 16
0.196667 23 82 89 17
0.203333 21 61 74 10
0.21 20 73 84 12
0.216667 14 79 68 8
0.223333 19 76 70 13
0.23 16 65 64 6
0.236667 17 75 73 14
0.243333 19 88 64 16
0.25 25 62 55 18
0.256667 12 50 59 18
0.263333 8 52 45 10
0.27 14 47 46 8
0.276667 14 65 53 10
0.283333 14 44 43 9
0.29 11 47 30 8
0.296667 9 43 33 9
0.303333 8 52 43 5
0.31 17 45 37 9
0.316667 10 44 43 13
0.323333 15 53 46 6
0.33 15 39 35 14
0.336667 14 39 35 6
0.343333 4 42 42 3
0.35 13 38 41 8
0.356667 18 34 31 9
0.363333 9 30 29 8
0.37 3 37 31 14
0.376667 7 37 41 6
0.383333 15 29 35 8
0.39 6 36 32 7
0.396667 11 39 22 13
0.403333 6 30 30 5
0.41 13 38 40 10
0.416667 12 26 38 10
0.423333 9 30 26 5
0.43 10 32 22 10
0.436667 7 30 32 7
0.443333 8 29 31 7
0.45 9 28 32 7
0.456667 6 21 35 8
0.463333 7 32 36 7
0.47 8 21 34 9
0.476667 9 22 28 11
0.483333 9 13 19 4
0.49 5 29 23 8
0.496667 11 24 16 4
0.503333 10 19 20 8
0.51 5 19 23 8
0.516667 4 21 16 5
0.523333 8 22 12 5
0.53 3 21 12 6
0.536667 6 18 11 3
0.543333 7 10 18 6
0.55 0 20 16 4
0.556667 3 13 12 4
0.563333 10 18 17 5
0.57 2 20 19 4
0.576667 3 11 14 9
0.583333 5 13 13 5
0.59 3 14 8 6
0.596667 3 18 23 2
0.603333 4 10 14 7
0.61 7 13 6 5
0.616667 3 16 13 3
0.623333 5 19 9 5
0.63 9 14 12 4
0.636667 4 9 9 4
0.643333 3 12 16 5
0.65 4 20 16 9
0.656667 2 15 13 6
0.663333 129 589 789 158
0.67 0 0 0 0
0.676667 0 0 0 0
0.683333 0 0 0 0
0.69 0 0 0 0
0.696667 0 0 0 0
0.703333 0 0 0 0
0.71 0 0 0 0
0.716667 0 0 0 0
0.723333 0 0 0 0
0.73 0 0 0 0
0.736667 0 0 0 0
0.743333 0 0 0 0
0.75 0 0 0 0
0.756667 0 0 0 0
0.763333 0 0 0 0
0.77 0 0 0 0
0.776667 0 0 0 0
0.783333 0 0 0 0
0.79 0 0 0 0
0.796667 0 0 0 0
0.803333 0 0 0 0
0.81 0 0 0 0
0.816667 0 0 0 0
0.823333 0 0 0 0
0.83 0 0 0 0
0.836667 0 0 0 0
0.843333 0 0 0 0
0.85 0 0 0 0
0.856667 0 0 0 0
0.863333 0 0 0 0
0.87 0 0 0 0
0.876667 0 0 0 0
0.883333 0 0 0 0
0.89 0 0 0 0
0.896667 0 0 0 0
0.903333 0 0 0 0
0.91 0 0 0 0
0.916667 0 0 0 0
0.923333 0 0 0 0
0.93 0 0 0 0
0.936667 0 0 0 0
0.943333 0 0 0 0
0.95 0 0 0 0
0.956667 0 0 0 0
0.963333 0 0 0 0
0.97 0 0 0 0
0.976667 0 0 0 0
0.983333 0 0 0 0
0.99 0 0 0 0
0.996667 0 0 0 0
1.00333 0 0 0 0
1.01 0 0 0 0
1.01667 0 0 0 0
1.02333 0 0 0 0
1.03 0 0 0 0
1.03667 0 0 0 0
1.04333 0 0 0 0
1.05 0 0 0 0
1.05667 0 0 0 0
1.06333 0 0 0 0
1.07 0 0 0 0
1.07667 0 0 0 0
1.08333 0 0 0 0
1.09 0 0 0 0
1.09667 0 0 0 0
1.10333 0 0 0 0
1.11 0 0 0 0
1.11667 0 0 0 0
1.12333 0 0 0 0
1.13 0 0 0 0
1.13667 0 0 0 0
1.14333 0 0 0 0
1.15 0 0 0 0
1.15667 0 0 0 0
1.16333 0 0 0 0
1.17 0 0 0 0
1.17667 0 0 0 0
1.18333 0 0 0 0
1.19 0 0 0 0
1.19667 0 0 0 0
1.20333 0 0 0 0
1.21 0 0 0 0
1.21667 0 0 0 0
1.22333 0 0 0 0
1.23 0 0 0 0
1.23667 0 0 0 0
1.24333 0 0 0 0
1.25 0 0 0 0
1.25667 0 0 0 0
1.26333 0 0 0 0
1.27 0 0 0 0
1.27667 0 0 0 0
1.28333 0 0 0 0
1.29 0 0 0 0
1.29667 0 0 0 0
1.30333 0 0 0 0
1.31 0 0 0 0
1.31667 0 0 0 0
1.32333 0 0 0 0
1.33 0 0 0 0
1.33667 0 0 0 0
1.34333 0 0 0 0
1.35 0 0 0 0
1.35667 0 0 0 0
1.36333 0 0 0 0
1.37 0 0 0 0
1.37667 0 0 0 0
1.38333 0 0 0 0
1.39 0 0 0 0
1.39667 0 0 0 0
1.40333 0 0 0 0
1.41 0 0 0 0
1.41667 0 0 0 0
1.42333 0 0 0 0
1.43 0 0 0 0
1.43667 0 0 0 0
1.44333 0 0 0 0
1.45 0 0 0 0
1.45667 0 0 0 0
1.46333 0 0 0 0
1.47 0 0 0 0
1.47667 0 0 0 0
1.48333 0 0 0 0
1.49 0 0 0 0
1.49667 0 0 0 0
1.50333 0 0 0 0
1.51 0 0 0 0
1.51667 0 0 0 0
1.52333 0 0 0 0
1.53 0 0 0 0
1.53667 0 0 0 0
1.54333 0 0 0 0
1.55 0 0 0 0
1.55667 0 0 0 0
1.56333 0 0 0 0
1.57 0 0 0 0
1.57667 0 0 0 0
1.58333 0 0 0 0
1.59 0 0 0 0
1.59667 0 0 0 0
1.60333 0 0 0 0
1.61 0 0 0 0
1.61667 0 0 0 0
1.62333 0 0 0 0
1.63 0 0 0 0
1.63667 0 0 0 0
1.64333 0 0 0 0
1.65 0 0 0 0
1.65667 0 0 0 0
1.66333 0 0 0 0
1.67 0 0 0 0
1.67667 0 0 0 0
1.68333 0 0 0 0
1.69 0 0 0 0
1.69667 0 0 0 0
1.70333 0 0 0 0
1.71 0 0 0 0
1.71667 0 0 0 0
1.72333 0 0 0 0
1.73 0 0 0 0
1.73667 0 0 0 0
1.74333 0 0 0 0
1.75 0 0 0 0
1.75667 0 0 0 0
1.76333 0 0 0 0
1.77 0 0 0 0
1.77667 0 0 0 0
1.78333 0 0 0 0
1.79 0 0 0 0
1.79667 0 0 0 0
1.80333 0 0 0 0
1.81 0 0 0 0
1.81667 0 0 0 0
1.82333 0 0 0 0
1.83 0 0 0 0
1.83667 0 0 0 0
1.84333 0 0 0 0
1.85 0 0 0 0
1.85667 0 0 0 0
1.86333 0 0 0 0
1.87 0 0 0 0
1.87667 0 0 0 0
1.88333 0 0 0 0
1.89 0 0 0 0
1.89667 0 0 0 0
1.90333 0 0 0 0
1.91 0 0 0 0
1.91667 0 0 0 0
1.92333 0 0 0 0
1.93 0 0 0 0
1.93667 0 0 0 0
1.94333 0 0 0 0
1.95 0 0 0 0
1.95667 0 0 0 0
1.96333 0 0 0 0
1.97 0 0 0 0
1.97667 0 0 0 0
1.98333 0 0 0 0
1.99 0 0 0 0
1.99667 0 0 0 0
