0.00333333 0 2 343 159
0.01 1 2 365 144
0.0166667 2 2 360 181
0.0233333 1 0 377 169
0.03 2 1 341 170
0.0366667 1 2 340 167
0.0433333 1 1 369 186
0.05 1 6 362 150
0.0566667 1 3 350 171
0.0633333 0 1 327 186
0.07 2 5 381 152
0.0766667 0 5 367 184
0.0833333 0 5 373 203
0.09 0 4 376 188
0.0966667 1 5 374 188
0.103333 2 2 356 198
0.11 0 7 362 180
0.116667 2 0 360 196
0.123333 3 9 354 209
0.13 2 4 386 197
0.136667 0 6 365 201
0.143333 3 2 383 174
0.15 0 2 363 204
0.156667 0 3 397 208
0.163333 1 5 385 217
0.17 1 5 392 241
0.176667 0 5 418 233
0.183333 0 5 550 250
0.19 1 1 746 368
0.196667 1 2 648 440
0.203333 0 4 467 359
0.21 0 2 433 252
0.216667 0 1 424 256
0.223333 0 5 345 221
0.23 2 2 371 215
0.236667 0 4 364 207
0.243333 2 5 368 198
0.25 2 2 367 174
0.256667 0 3 370 185
0.263333 0 4 358 169
0.27 2 0 355 164
0.276667 2 3 341 177
0.283333 0 4 322 149
0.29 0 2 359 181
0.296667 0 3 341 178
0.303333 3 3 303 153
0.31 1 1 342 167
0.316667 2 1 323 172
0.323333 0 2 362 160
0.33 0 2 332 169
0.336667 2 0 363 144
0.343333 0 2 341 163
0.35 0 1 343 171
0.356667 0 1 323 189
0.363333 0 2 338 183
0.37 1 4 362 159
0.376667 0 3 360 149
0.383333 0 2 360 144
0.39 1 2 321 184
0.396667 0 1 331 169
0.403333 0 3 343 162
0.41 0 1 326 169
0.416667 2 0 353 184
0.423333 2 2 376 196
0.43 0 1 329 151
0.436667 0 0 379 173
0.443333 0 2 372 183
0.45 2 0 376 194
0.456667 1 5 423 178
0.463333 0 4 408 215
0.47 0 2 448 228
0.476667 2 3 348 182
0.483333 0 1 135 75
0.49 0 1 139 72
0.496667 0 2 111 69
0.503333 0 0 110 50
0.51 1 1 90 44
0.516667 0 2 97 36
0.523333 0 1 88 43
0.53 0 2 80 45
0.536667 0 5 62 37
0.543333 0 2 60 30
0.55 1 0 51 33
0.556667 0 3 58 24
0.563333 0 3 65 29
0.57 2 3 64 29
0.576667 0 2 67 35
0.583333 0 1 72 39
0.59 0 1 54 34
0.596667 2 1 52 21
0.603333 0 1 54 24
0.61 2 1 39 28
0.616667 1 0 44 16
0.623333 0 0 44 18
0.63 1 2 70 22
0.636667 1 1 86 49
0.643333 0 0 36 24
0.65 0 1 35 16
0.656667 0 1 40 20
0.663333 9 37 27978 13584
0.67 0 0 0 0
0.676667 0 0 0 0
0.683333 0 0 0 0
0.69 0 0 0 0
0.696667 0 0 0 0
0.703333 0 0 0 0
0.71 0 0 0 0
0.716667 0 0 0 0
0.723333 0 0 0 0
0.73 0 0 0 0
0.736667 0 0 0 0
0.743333 0 0 0 0
0.75 0 0 0 0
0.756667 0 0 0 0
0.763333 0 0 0 0
0.77 0 0 0 0
0.776667 0 0 0 0
0.783333 0 0 0 0
0.79 0 0 0 0
0.796667 0 0 0 0
0.803333 0 0 0 0
0.81 0 0 0 0
0.816667 0 0 0 0
0.823333 0 0 0 0
0.83 0 0 0 0
0.836667 0 0 0 0
0.843333 0 0 0 0
0.85 0 0 0 0
0.856667 0 0 0 0
0.863333 0 0 0 0
0.87 0 0 0 0
0.876667 0 0 0 0
0.883333 0 0 0 0
0.89 0 0 0 0
0.896667 0 0 0 0
0.903333 0 0 0 0
0.91 0 0 0 0
0.916667 0 0 0 0
0.923333 0 0 0 0
0.93 0 0 0 0
0.936667 0 0 0 0
0.943333 0 0 0 0
0.95 0 0 0 0
0.956667 0 0 0 0
0.963333 0 0 0 0
0.97 0 0 0 0
0.976667 0 0 0 0
0.983333 0 0 0 0
0.99 0 0 0 0
0.996667 0 0 0 0
1.00333 0 0 0 0
1.01 0 0 0 0
1.01667 0 0 0 0
1.02333 0 0 0 0
1.03 0 0 0 0
1.03667 0 0 0 0
1.04333 0 0 0 0
1.05 0 0 0 0
1.05667 0 0 0 0
1.06333 0 0 0 0
1.07 0 0 0 0
1.07667 0 0 0 0
1.08333 0 0 0 0
1.09 0 0 0 0
1.09667 0 0 0 0
1.10333 0 0 0 0
1.11 0 0 0 0
1.11667 0 0 0 0
1.12333 0 0 0 0
1.13 0 0 0 0
1.13667 0 0 0 0
1.14333 0 0 0 0
1.15 0 0 0 0
1.15667 0 0 0 0
1.16333 0 0 0 0
1.17 0 0 0 0
1.17667 0 0 0 0
1.18333 0 0 0 0
1.19 0 0 0 0
1.19667 0 0 0 0
1.20333 0 0 0 0
1.21 0 0 0 0
1.21667 0 0 0 0
1.22333 0 0 0 0
1.23 0 0 0 0
1.23667 0 0 0 0
1.24333 0 0 0 0
1.25 0 0 0 0
1.25667 0 0 0 0
1.26333 0 0 0 0
1.27 0 0 0 0
1.27667 0 0 0 0
1.28333 0 0 0 0
1.29 0 0 0 0
1.29667 0 0 0 0
1.30333 0 0 0 0
1.31 0 0 0 0
1.31667 0 0 0 0
1.32333 0 0 0 0
1.33 0 0 0 0
1.33667 0 0 0 0
1.34333 0 0 0 0
1.35 0 0 0 0
1.35667 0 0 0 0
1.36333 0 0 0 0
1.37 0 0 0 0
1.37667 0 0 0 0
1.38333 0 0 0 0
1.39 0 0 0 0
1.39667 0 0 0 0
1.40333 0 0 0 0
1.41 0 0 0 0
1.41667 0 0 0 0
1.42333 0 0 0 0
1.43 0 0 0 0
1.43667 0 0 0 0
1.44333 0 0 0 0
1.45 0 0 0 0
1.45667 0 0 0 0
1.46333 0 0 0 0
1.47 0 0 0 0
1.47667 0 0 0 0
1.48333 0 0 0 0
1.49 0 0 0 0
1.49667 0 0 0 0
1.50333 0 0 0 0
1.51 0 0 0 0
1.51667 0 0 0 0
1.52333 0 0 0 0
1.53 0 0 0 0
1.53667 0 0 0 0
1.54333 0 0 0 0
1.55 0 0 0 0
1.55667 0 0 0 0
1.56333 0 0 0 0
1.57 0 0 0 0
1.57667 0 0 0 0
1.58333 0 0 0 0
1.59 0 0 0 0
1.59667 0 0 0 0
1.60333 0 0 0 0
1.61 0 0 0 0
1.61667 0 0 0 0
1.62333 0 0 0 0
1.63 0 0 0 0
1.63667 0 0 0 0
1.64333 0 0 0 0
1.65 0 0 0 0
1.65667 0 0 0 0
1.66333 0 0 0 0
1.67 0 0 0 0
1.67667 0 0 0 0
1.68333 0 0 0 0
1.69 0 0 0 0
1.69667 0 0 0 0
1.70333 0 0 0 0
1.71 0 0 0 0
1.71667 0 0 0 0
1.72333 0 0 0 0
1.73 0 0 0 0
1.73667 0 0 0 0
1.74333 0 0 0 0
1.75 0 0 0 0
1.75667 0 0 0 0
1.76333 0 0 0 0
1.77 0 0 0 0
1.77667 0 0 0 0
1.78333 0 0 0 0
1.79 0 0 0 0
1.79667 0 0 0 0
1.80333 0 0 0 0
1.81 0 0 0 0
1.81667 0 0 0 0
1.82333 0 0 0 0
1.83 0 0 0 0
1.83667 0 0 0 0
1.84333 0 0 0 0
1.85 0 0 0 0
1.85667 0 0 0 0
1.86333 0 0 0 0
1.87 0 0 0 0
1.87667 0 0 0 0
1.88333 0 0 0 0
1.89 0 0 0 0
1.89667 0 0 0 0
1.90333 0 0 0 0
1.91 0 0 0 0
1.91667 0 0 0 0
1.92333 0 0 0 0
1.93 0 0 0 0
1.93667 0 0 0 0
1.94333 0 0 0 0
1.95 0 0 0 0
1.95667 0 0 0 0
1.96333 0 0 0 0
1.97 0 0 0 0
1.97667 0 0 0 0
1.98333 0 0 0 0
1.99 0 0 0 0
1.99667 0 0 0 0
