0.00333333 2 8 52 28
0.01 4 6 45 34
0.0166667 3 8 56 31
0.0233333 1 7 58 39
0.03 1 4 62 35
0.0366667 1 3 68 32
0.0433333 0 5 74 45
0.05 4 11 80 51
0.0566667 3 8 75 46
0.0633333 6 12 89 42
0.07 2 6 97 48
0.0766667 5 9 99 51
0.0833333 3 10 97 46
0.09 2 9 97 73
0.0966667 9 8 81 44
0.103333 3 10 87 59
0.11 2 9 85 56
0.116667 7 11 82 61
0.123333 4 7 99 60
0.13 0 8 91 60
0.136667 4 12 102 51
0.143333 3 6 86 56
0.15 1 12 94 64
0.156667 3 7 75 59
0.163333 4 9 100 63
0.17 4 7 88 59
0.176667 1 5 85 55
0.183333 5 8 91 56
0.19 1 4 96 62
0.196667 7 9 80 69
0.203333 2 6 108 61
0.21 4 14 90 59
0.216667 3 12 116 53
0.223333 3 9 115 46
0.23 5 8 121 52
0.236667 3 11 95 55
0.243333 6 5 93 59
0.25 6 16 95 55
0.256667 9 4 110 51
0.263333 4 9 91 50
0.27 2 11 85 53
0.276667 3 3 66 49
0.283333 3 5 90 63
0.29 1 9 93 57
0.296667 1 8 98 64
0.303333 0 7 80 42
0.31 2 5 74 49
0.316667 4 8 81 43
0.323333 3 11 77 43
0.33 1 3 61 41
0.336667 1 7 71 42
0.343333 2 6 65 56
0.35 1 7 79 56
0.356667 0 7 75 44
0.363333 3 5 62 49
0.37 4 3 54 45
0.376667 2 6 71 38
0.383333 1 3 72 46
0.39 0 7 72 38
0.396667 3 5 60 50
0.403333 1 7 77 53
0.41 6 9 72 39
0.416667 1 4 62 46
0.423333 0 7 57 43
0.43 1 8 59 53
0.436667 2 6 60 46
0.443333 2 10 65 48
0.45 2 7 69 50
0.456667 2 4 80 39
0.463333 0 6 62 57
0.47 7 2 69 36
0.476667 0 4 62 34
0.483333 4 6 24 22
0.49 0 5 34 18
0.496667 0 5 26 20
0.503333 4 2 18 26
0.51 3 0 17 18
0.516667 1 3 22 15
0.523333 0 1 18 13
0.53 0 5 18 14
0.536667 1 2 17 17
0.543333 1 1 18 11
0.55 0 2 13 7
0.556667 1 2 13 8
0.563333 1 4 12 8
0.57 2 1 9 3
0.576667 0 3 11 9
0.583333 0 4 9 7
0.59 0 4 16 5
0.596667 1 5 11 7
0.603333 3 3 17 5
0.61 4 1 10 7
0.616667 0 4 12 5
0.623333 2 3 8 7
0.63 0 6 15 11
0.636667 3 4 24 14
0.643333 4 0 11 6
0.65 8 0 9 9
0.656667 1 3 7 2
0.663333 97 209 4213 2551
0.67 0 0 0 0
0.676667 0 0 0 0
0.683333 0 0 0 0
0.69 0 0 0 0
0.696667 0 0 0 0
0.703333 0 0 0 0
0.71 0 0 0 0
0.716667 0 0 0 0
0.723333 0 0 0 0
0.73 0 0 0 0
0.736667 0 0 0 0
0.743333 0 0 0 0
0.75 0 0 0 0
0.756667 0 0 0 0
0.763333 0 0 0 0
0.77 0 0 0 0
0.776667 0 0 0 0
0.783333 0 0 0 0
0.79 0 0 0 0
0.796667 0 0 0 0
0.803333 0 0 0 0
0.81 0 0 0 0
0.816667 0 0 0 0
0.823333 0 0 0 0
0.83 0 0 0 0
0.836667 0 0 0 0
0.843333 0 0 0 0
0.85 0 0 0 0
0.856667 0 0 0 0
0.863333 0 0 0 0
0.87 0 0 0 0
0.876667 0 0 0 0
0.883333 0 0 0 0
0.89 0 0 0 0
0.896667 0 0 0 0
0.903333 0 0 0 0
0.91 0 0 0 0
0.916667 0 0 0 0
0.923333 0 0 0 0
0.93 0 0 0 0
0.936667 0 0 0 0
0.943333 0 0 0 0
0.95 0 0 0 0
0.956667 0 0 0 0
0.963333 0 0 0 0
0.97 0 0 0 0
0.976667 0 0 0 0
0.983333 0 0 0 0
0.99 0 0 0 0
0.996667 0 0 0 0
1.00333 0 0 0 0
1.01 0 0 0 0
1.01667 0 0 0 0
1.02333 0 0 0 0
1.03 0 0 0 0
1.03667 0 0 0 0
1.04333 0 0 0 0
1.05 0 0 0 0
1.05667 0 0 0 0
1.06333 0 0 0 0
1.07 0 0 0 0
1.07667 0 0 0 0
1.08333 0 0 0 0
1.09 0 0 0 0
1.09667 0 0 0 0
1.10333 0 0 0 0
1.11 0 0 0 0
1.11667 0 0 0 0
1.12333 0 0 0 0
1.13 0 0 0 0
1.13667 0 0 0 0
1.14333 0 0 0 0
1.15 0 0 0 0
1.15667 0 0 0 0
1.16333 0 0 0 0
1.17 0 0 0 0
1.17667 0 0 0 0
1.18333 0 0 0 0
1.19 0 0 0 0
1.19667 0 0 0 0
1.20333 0 0 0 0
1.21 0 0 0 0
1.21667 0 0 0 0
1.22333 0 0 0 0
1.23 0 0 0 0
1.23667 0 0 0 0
1.24333 0 0 0 0
1.25 0 0 0 0
1.25667 0 0 0 0
1.26333 0 0 0 0
1.27 0 0 0 0
1.27667 0 0 0 0
1.28333 0 0 0 0
1.29 0 0 0 0
1.29667 0 0 0 0
1.30333 0 0 0 0
1.31 0 0 0 0
1.31667 0 0 0 0
1.32333 0 0 0 0
1.33 0 0 0 0
1.33667 0 0 0 0
1.34333 0 0 0 0
1.35 0 0 0 0
1.35667 0 0 0 0
1.36333 0 0 0 0
1.37 0 0 0 0
1.37667 0 0 0 0
1.38333 0 0 0 0
1.39 0 0 0 0
1.39667 0 0 0 0
1.40333 0 0 0 0
1.41 0 0 0 0
1.41667 0 0 0 0
1.42333 0 0 0 0
1.43 0 0 0 0
1.43667 0 0 0 0
1.44333 0 0 0 0
1.45 0 0 0 0
1.45667 0 0 0 0
1.46333 0 0 0 0
1.47 0 0 0 0
1.47667 0 0 0 0
1.48333 0 0 0 0
1.49 0 0 0 0
1.49667 0 0 0 0
1.50333 0 0 0 0
1.51 0 0 0 0
1.51667 0 0 0 0
1.52333 0 0 0 0
1.53 0 0 0 0
1.53667 0 0 0 0
1.54333 0 0 0 0
1.55 0 0 0 0
1.55667 0 0 0 0
1.56333 0 0 0 0
1.57 0 0 0 0
1.57667 0 0 0 0
1.58333 0 0 0 0
1.59 0 0 0 0
1.59667 0 0 0 0
1.60333 0 0 0 0
1.61 0 0 0 0
1.61667 0 0 0 0
1.62333 0 0 0 0
1.63 0 0 0 0
1.63667 0 0 0 0
1.64333 0 0 0 0
1.65 0 0 0 0
1.65667 0 0 0 0
1.66333 0 0 0 0
1.67 0 0 0 0
1.67667 0 0 0 0
1.68333 0 0 0 0
1.69 0 0 0 0
1.69667 0 0 0 0
1.70333 0 0 0 0
1.71 0 0 0 0
1.71667 0 0 0 0
1.72333 0 0 0 0
1.73 0 0 0 0
1.73667 0 0 0 0
1.74333 0 0 0 0
1.75 0 0 0 0
1.75667 0 0 0 0
1.76333 0 0 0 0
1.77 0 0 0 0
1.77667 0 0 0 0
1.78333 0 0 0 0
1.79 0 0 0 0
1.79667 0 0 0 0
1.80333 0 0 0 0
1.81 0 0 0 0
1.81667 0 0 0 0
1.82333 0 0 0 0
1.83 0 0 0 0
1.83667 0 0 0 0
1.84333 0 0 0 0
1.85 0 0 0 0
1.85667 0 0 0 0
1.86333 0 0 0 0
1.87 0 0 0 0
1.87667 0 0 0 0
1.88333 0 0 0 0
1.89 0 0 0 0
1.89667 0 0 0 0
1.90333 0 0 0 0
1.91 0 0 0 0
1.91667 0 0 0 0
1.92333 0 0 0 0
1.93 0 0 0 0
1.93667 0 0 0 0
1.94333 0 0 0 0
1.95 0 0 0 0
1.95667 0 0 0 0
1.96333 0 0 0 0
1.97 0 0 0 0
1.97667 0 0 0 0
1.98333 0 0 0 0
1.99 0 0 0 0
1.99667 0 0 0 0
