0.00333333 35 56 5 0
0.01 31 85 6 1
0.0166667 38 92 9 3
0.0233333 39 82 10 0
0.03 41 106 10 4
0.0366667 48 131 14 2
0.0433333 72 143 16 4
0.05 101 230 15 5
0.0566667 99 228 17 5
0.0633333 123 239 26 5
0.07 142 253 15 3
0.0766667 137 277 29 1
0.0833333 129 306 31 0
0.09 131 304 18 3
0.0966667 148 280 29 2
0.103333 130 250 17 5
0.11 128 285 19 3
0.116667 128 284 30 3
0.123333 118 282 26 3
0.13 93 272 20 3
0.136667 107 257 21 2
0.143333 107 250 15 2
0.15 96 235 19 5
0.156667 94 251 19 1
0.163333 89 210 19 3
0.17 84 197 17 2
0.176667 118 243 17 2
0.183333 90 237 11 1
0.19 92 226 22 4
0.196667 98 241 13 2
0.203333 94 206 20 2
0.21 95 205 16 2
0.216667 69 213 12 4
0.223333 88 199 13 1
0.23 60 187 8 4
0.236667 73 178 17 4
0.243333 67 155 7 4
0.25 68 156 8 4
0.256667 59 145 7 5
0.263333 51 137 9 1
0.27 69 127 10 1
0.276667 84 118 8 3
0.283333 57 147 5 1
0.29 43 130 8 6
0.296667 53 138 8 2
0.303333 47 113 10 2
0.31 58 128 10 3
0.316667 55 108 5 0
0.323333 55 132 12 0
0.33 43 118 14 2
0.336667 48 93 10 4
0.343333 43 107 11 3
0.35 51 93 9 0
0.356667 40 88 7 1
0.363333 39 97 8 2
0.37 38 104 7 3
0.376667 49 92 10 1
0.383333 45 92 9 2
0.39 38 93 13 4
0.396667 42 86 8 3
0.403333 39 78 6 3
0.41 35 83 6 2
0.416667 30 77 6 3
0.423333 36 79 11 1
0.43 34 82 5 0
0.436667 36 84 10 2
0.443333 38 67 9 0
0.45 40 84 12 0
0.456667 47 81 6 2
0.463333 32 55 7 0
0.47 26 89 9 2
0.476667 32 68 9 1
0.483333 21 59 7 1
0.49 30 42 7 2
0.496667 14 46 5 0
0.503333 23 44 8 0
0.51 22 53 3 0
0.516667 20 54 6 3
0.523333 20 43 7 2
0.53 18 42 6 2
0.536667 21 34 1 2
0.543333 16 36 7 0
0.55 16 29 4 1
0.556667 23 53 4 0
0.563333 16 42 5 0
0.57 16 42 5 3
0.576667 16 27 7 2
0.583333 21 44 4 2
0.59 19 39 4 2
0.596667 14 40 2 0
0.603333 14 36 1 2
0.61 16 31 1 1
0.616667 18 44 2 0
0.623333 12 34 6 2
0.63 11 34 4 1
0.636667 21 39 3 0
0.643333 17 33 4 2
0.65 11 37 4 0
0.656667 14 39 7 1
0.663333 787 2486 103 29
0.67 0 0 0 0
0.676667 0 0 0 0
0.683333 0 0 0 0
0.69 0 0 0 0
0.696667 0 0 0 0
0.703333 0 0 0 0
0.71 0 0 0 0
0.716667 0 0 0 0
0.723333 0 0 0 0
0.73 0 0 0 0
0.736667 0 0 0 0
0.743333 0 0 0 0
0.75 0 0 0 0
0.756667 0 0 0 0
0.763333 0 0 0 0
0.77 0 0 0 0
0.776667 0 0 0 0
0.783333 0 0 0 0
0.79 0 0 0 0
0.796667 0 0 0 0
0.803333 0 0 0 0
0.81 0 0 0 0
0.816667 0 0 0 0
0.823333 0 0 0 0
0.83 0 0 0 0
0.836667 0 0 0 0
0.843333 0 0 0 0
0.85 0 0 0 0
0.856667 0 0 0 0
0.863333 0 0 0 0
0.87 0 0 0 0
0.876667 0 0 0 0
0.883333 0 0 0 0
0.89 0 0 0 0
0.896667 0 0 0 0
0.903333 0 0 0 0
0.91 0 0 0 0
0.916667 0 0 0 0
0.923333 0 0 0 0
0.93 0 0 0 0
0.936667 0 0 0 0
0.943333 0 0 0 0
0.95 0 0 0 0
0.956667 0 0 0 0
0.963333 0 0 0 0
0.97 0 0 0 0
0.976667 0 0 0 0
0.983333 0 0 0 0
0.99 0 0 0 0
0.996667 0 0 0 0
1.00333 0 0 0 0
1.01 0 0 0 0
1.01667 0 0 0 0
1.02333 0 0 0 0
1.03 0 0 0 0
1.03667 0 0 0 0
1.04333 0 0 0 0
1.05 0 0 0 0
1.05667 0 0 0 0
1.06333 0 0 0 0
1.07 0 0 0 0
1.07667 0 0 0 0
1.08333 0 0 0 0
1.09 0 0 0 0
1.09667 0 0 0 0
1.10333 0 0 0 0
1.11 0 0 0 0
1.11667 0 0 0 0
1.12333 0 0 0 0
1.13 0 0 0 0
1.13667 0 0 0 0
1.14333 0 0 0 0
1.15 0 0 0 0
1.15667 0 0 0 0
1.16333 0 0 0 0
1.17 0 0 0 0
1.17667 0 0 0 0
1.18333 0 0 0 0
1.19 0 0 0 0
1.19667 0 0 0 0
1.20333 0 0 0 0
1.21 0 0 0 0
1.21667 0 0 0 0
1.22333 0 0 0 0
1.23 0 0 0 0
1.23667 0 0 0 0
1.24333 0 0 0 0
1.25 0 0 0 0
1.25667 0 0 0 0
1.26333 0 0 0 0
1.27 0 0 0 0
1.27667 0 0 0 0
1.28333 0 0 0 0
1.29 0 0 0 0
1.29667 0 0 0 0
1.30333 0 0 0 0
1.31 0 0 0 0
1.31667 0 0 0 0
1.32333 0 0 0 0
1.33 0 0 0 0
1.33667 0 0 0 0
1.34333 0 0 0 0
1.35 0 0 0 0
1.35667 0 0 0 0
1.36333 0 0 0 0
1.37 0 0 0 0
1.37667 0 0 0 0
1.38333 0 0 0 0
1.39 0 0 0 0
1.39667 0 0 0 0
1.40333 0 0 0 0
1.41 0 0 0 0
1.41667 0 0 0 0
1.42333 0 0 0 0
1.43 0 0 0 0
1.43667 0 0 0 0
1.44333 0 0 0 0
1.45 0 0 0 0
1.45667 0 0 0 0
1.46333 0 0 0 0
1.47 0 0 0 0
1.47667 0 0 0 0
1.48333 0 0 0 0
1.49 0 0 0 0
1.49667 0 0 0 0
1.50333 0 0 0 0
1.51 0 0 0 0
1.51667 0 0 0 0
1.52333 0 0 0 0
1.53 0 0 0 0
1.53667 0 0 0 0
1.54333 0 0 0 0
1.55 0 0 0 0
1.55667 0 0 0 0
1.56333 0 0 0 0
1.57 0 0 0 0
1.57667 0 0 0 0
1.58333 0 0 0 0
1.59 0 0 0 0
1.59667 0 0 0 0
1.60333 0 0 0 0
1.61 0 0 0 0
1.61667 0 0 0 0
1.62333 0 0 0 0
1.63 0 0 0 0
1.63667 0 0 0 0
1.64333 0 0 0 0
1.65 0 0 0 0
1.65667 0 0 0 0
1.66333 0 0 0 0
1.67 0 0 0 0
1.67667 0 0 0 0
1.68333 0 0 0 0
1.69 0 0 0 0
1.69667 0 0 0 0
1.70333 0 0 0 0
1.71 0 0 0 0
1.71667 0 0 0 0
1.72333 0 0 0 0
1.73 0 0 0 0
1.73667 0 0 0 0
1.74333 0 0 0 0
1.75 0 0 0 0
1.75667 0 0 0 0
1.76333 0 0 0 0
1.77 0 0 0 0
1.77667 0 0 0 0
1.78333 0 0 0 0
1.79 0 0 0 0
1.79667 0 0 0 0
1.80333 0 0 0 0
1.81 0 0 0 0
1.81667 0 0 0 0
1.82333 0 0 0 0
1.83 0 0 0 0
1.83667 0 0 0 0
1.84333 0 0 0 0
1.85 0 0 0 0
1.85667 0 0 0 0
1.86333 0 0 0 0
1.87 0 0 0 0
1.87667 0 0 0 0
1.88333 0 0 0 0
1.89 0 0 0 0
1.89667 0 0 0 0
1.90333 0 0 0 0
1.91 0 0 0 0
1.91667 0 0 0 0
1.92333 0 0 0 0
1.93 0 0 0 0
1.93667 0 0 0 0
1.94333 0 0 0 0
1.95 0 0 0 0
1.95667 0 0 0 0
1.96333 0 0 0 0
1.97 0 0 0 0
1.97667 0 0 0 0
1.98333 0 0 0 0
1.99 0 0 0 0
1.99667 0 0 0 0
