0.00333333 0 3 50 33
0.01 0 6 56 33
0.0166667 2 3 61 37
0.0233333 1 3 72 37
0.03 2 2 60 37
0.0366667 0 4 58 38
0.0433333 1 3 102 61
0.05 2 7 104 82
0.0566667 1 6 126 78
0.0633333 3 5 145 74
0.07 0 7 134 80
0.0766667 0 17 167 87
0.0833333 2 14 157 97
0.09 2 9 156 108
0.0966667 0 18 159 103
0.103333 3 16 202 109
0.11 3 9 182 86
0.116667 2 8 158 120
0.123333 0 4 168 89
0.13 2 7 148 102
0.136667 1 13 187 95
0.143333 1 12 138 81
0.15 0 9 152 91
0.156667 1 8 154 73
0.163333 1 7 145 73
0.17 2 9 149 95
0.176667 2 8 154 79
0.183333 0 8 147 77
0.19 0 11 127 82
0.196667 4 10 129 92
0.203333 2 7 158 93
0.21 1 8 135 97
0.216667 3 4 121 81
0.223333 0 4 144 89
0.23 1 8 147 71
0.236667 2 7 121 58
0.243333 2 6 120 85
0.25 3 7 145 60
0.256667 1 4 114 42
0.263333 0 6 104 60
0.27 2 5 90 60
0.276667 1 6 84 65
0.283333 0 7 87 76
0.29 1 5 87 44
0.296667 1 7 95 52
0.303333 2 2 84 52
0.31 2 5 80 57
0.316667 0 3 90 47
0.323333 2 6 68 59
0.33 1 1 88 49
0.336667 1 6 84 47
0.343333 1 4 76 67
0.35 2 1 80 42
0.356667 2 7 75 36
0.363333 0 4 77 57
0.37 0 4 92 53
0.376667 0 1 67 39
0.383333 0 5 79 39
0.39 0 8 66 59
0.396667 1 10 73 38
0.403333 1 3 67 42
0.41 0 9 70 31
0.416667 2 6 76 38
0.423333 0 4 77 39
0.43 0 5 71 37
0.436667 1 5 50 54
0.443333 1 4 66 26
0.45 0 5 77 36
0.456667 0 8 74 34
0.463333 0 5 73 27
0.47 1 1 75 38
0.476667 0 1 58 41
0.483333 1 3 41 27
0.49 0 2 35 29
0.496667 0 1 37 26
0.503333 0 3 39 29
0.51 1 0 43 25
0.516667 1 1 41 16
0.523333 0 2 23 30
0.53 0 3 32 21
0.536667 2 3 31 25
0.543333 0 0 41 20
0.55 3 4 30 27
0.556667 2 3 41 32
0.563333 1 5 31 19
0.57 0 2 22 26
0.576667 1 2 27 21
0.583333 1 3 25 23
0.59 0 4 35 18
0.596667 0 8 40 27
0.603333 0 2 41 13
0.61 4 2 28 25
0.616667 0 3 29 20
0.623333 0 6 22 22
0.63 0 2 43 21
0.636667 0 1 38 32
0.643333 1 4 22 11
0.65 2 6 31 21
0.656667 0 3 35 13
0.663333 8 54 2154 1180
0.67 0 0 0 0
0.676667 0 0 0 0
0.683333 0 0 0 0
0.69 0 0 0 0
0.696667 0 0 0 0
0.703333 0 0 0 0
0.71 0 0 0 0
0.716667 0 0 0 0
0.723333 0 0 0 0
0.73 0 0 0 0
0.736667 0 0 0 0
0.743333 0 0 0 0
0.75 0 0 0 0
0.756667 0 0 0 0
0.763333 0 0 0 0
0.77 0 0 0 0
0.776667 0 0 0 0
0.783333 0 0 0 0
0.79 0 0 0 0
0.796667 0 0 0 0
0.803333 0 0 0 0
0.81 0 0 0 0
0.816667 0 0 0 0
0.823333 0 0 0 0
0.83 0 0 0 0
0.836667 0 0 0 0
0.843333 0 0 0 0
0.85 0 0 0 0
0.856667 0 0 0 0
0.863333 0 0 0 0
0.87 0 0 0 0
0.876667 0 0 0 0
0.883333 0 0 0 0
0.89 0 0 0 0
0.896667 0 0 0 0
0.903333 0 0 0 0
0.91 0 0 0 0
0.916667 0 0 0 0
0.923333 0 0 0 0
0.93 0 0 0 0
0.936667 0 0 0 0
0.943333 0 0 0 0
0.95 0 0 0 0
0.956667 0 0 0 0
0.963333 0 0 0 0
0.97 0 0 0 0
0.976667 0 0 0 0
0.983333 0 0 0 0
0.99 0 0 0 0
0.996667 0 0 0 0
1.00333 0 0 0 0
1.01 0 0 0 0
1.01667 0 0 0 0
1.02333 0 0 0 0
1.03 0 0 0 0
1.03667 0 0 0 0
1.04333 0 0 0 0
1.05 0 0 0 0
1.05667 0 0 0 0
1.06333 0 0 0 0
1.07 0 0 0 0
1.07667 0 0 0 0
1.08333 0 0 0 0
1.09 0 0 0 0
1.09667 0 0 0 0
1.10333 0 0 0 0
1.11 0 0 0 0
1.11667 0 0 0 0
1.12333 0 0 0 0
1.13 0 0 0 0
1.13667 0 0 0 0
1.14333 0 0 0 0
1.15 0 0 0 0
1.15667 0 0 0 0
1.16333 0 0 0 0
1.17 0 0 0 0
1.17667 0 0 0 0
1.18333 0 0 0 0
1.19 0 0 0 0
1.19667 0 0 0 0
1.20333 0 0 0 0
1.21 0 0 0 0
1.21667 0 0 0 0
1.22333 0 0 0 0
1.23 0 0 0 0
1.23667 0 0 0 0
1.24333 0 0 0 0
1.25 0 0 0 0
1.25667 0 0 0 0
1.26333 0 0 0 0
1.27 0 0 0 0
1.27667 0 0 0 0
1.28333 0 0 0 0
1.29 0 0 0 0
1.29667 0 0 0 0
1.30333 0 0 0 0
1.31 0 0 0 0
1.31667 0 0 0 0
1.32333 0 0 0 0
1.33 0 0 0 0
1.33667 0 0 0 0
1.34333 0 0 0 0
1.35 0 0 0 0
1.35667 0 0 0 0
1.36333 0 0 0 0
1.37 0 0 0 0
1.37667 0 0 0 0
1.38333 0 0 0 0
1.39 0 0 0 0
1.39667 0 0 0 0
1.40333 0 0 0 0
1.41 0 0 0 0
1.41667 0 0 0 0
1.42333 0 0 0 0
1.43 0 0 0 0
1.43667 0 0 0 0
1.44333 0 0 0 0
1.45 0 0 0 0
1.45667 0 0 0 0
1.46333 0 0 0 0
1.47 0 0 0 0
1.47667 0 0 0 0
1.48333 0 0 0 0
1.49 0 0 0 0
1.49667 0 0 0 0
1.50333 0 0 0 0
1.51 0 0 0 0
1.51667 0 0 0 0
1.52333 0 0 0 0
1.53 0 0 0 0
1.53667 0 0 0 0
1.54333 0 0 0 0
1.55 0 0 0 0
1.55667 0 0 0 0
1.56333 0 0 0 0
1.57 0 0 0 0
1.57667 0 0 0 0
1.58333 0 0 0 0
1.59 0 0 0 0
1.59667 0 0 0 0
1.60333 0 0 0 0
1.61 0 0 0 0
1.61667 0 0 0 0
1.62333 0 0 0 0
1.63 0 0 0 0
1.63667 0 0 0 0
1.64333 0 0 0 0
1.65 0 0 0 0
1.65667 0 0 0 0
1.66333 0 0 0 0
1.67 0 0 0 0
1.67667 0 0 0 0
1.68333 0 0 0 0
1.69 0 0 0 0
1.69667 0 0 0 0
1.70333 0 0 0 0
1.71 0 0 0 0
1.71667 0 0 0 0
1.72333 0 0 0 0
1.73 0 0 0 0
1.73667 0 0 0 0
1.74333 0 0 0 0
1.75 0 0 0 0
1.75667 0 0 0 0
1.76333 0 0 0 0
1.77 0 0 0 0
1.77667 0 0 0 0
1.78333 0 0 0 0
1.79 0 0 0 0
1.79667 0 0 0 0
1.80333 0 0 0 0
1.81 0 0 0 0
1.81667 0 0 0 0
1.82333 0 0 0 0
1.83 0 0 0 0
1.83667 0 0 0 0
1.84333 0 0 0 0
1.85 0 0 0 0
1.85667 0 0 0 0
1.86333 0 0 0 0
1.87 0 0 0 0
1.87667 0 0 0 0
1.88333 0 0 0 0
1.89 0 0 0 0
1.89667 0 0 0 0
1.90333 0 0 0 0
1.91 0 0 0 0
1.91667 0 0 0 0
1.92333 0 0 0 0
1.93 0 0 0 0
1.93667 0 0 0 0
1.94333 0 0 0 0
1.95 0 0 0 0
1.95667 0 0 0 0
1.96333 0 0 0 0
1.97 0 0 0 0
1.97667 0 0 0 0
1.98333 0 0 0 0
1.99 0 0 0 0
1.99667 0 0 0 0
