0.00333333 0 10 25 7
0.01 0 4 46 20
0.0166667 1 9 42 15
0.0233333 4 15 36 22
0.03 0 10 44 29
0.0366667 1 8 59 36
0.0433333 2 15 87 48
0.05 4 16 95 59
0.0566667 2 24 123 59
0.0633333 1 25 159 68
0.07 5 39 138 84
0.0766667 5 37 158 83
0.0833333 2 33 147 80
0.09 4 31 151 91
0.0966667 2 27 140 93
0.103333 5 35 152 64
0.11 6 32 151 88
0.116667 4 29 105 80
0.123333 2 28 121 72
0.13 4 30 128 56
0.136667 2 23 123 77
0.143333 1 32 104 51
0.15 4 36 99 55
0.156667 1 23 113 55
0.163333 4 23 80 61
0.17 3 20 80 61
0.176667 1 25 93 48
0.183333 0 21 89 41
0.19 12 46 96 55
0.196667 7 30 76 39
0.203333 8 19 90 40
0.21 4 20 80 47
0.216667 6 22 82 42
0.223333 3 21 83 32
0.23 3 20 76 44
0.236667 3 21 89 32
0.243333 1 18 69 33
0.25 1 12 56 35
0.256667 1 17 71 34
0.263333 3 19 57 32
0.27 3 14 66 33
0.276667 5 12 52 32
0.283333 2 16 63 27
0.29 0 18 59 25
0.296667 5 16 56 24
0.303333 2 18 46 28
0.31 3 13 55 25
0.316667 3 14 51 26
0.323333 3 16 53 31
0.33 1 6 38 38
0.336667 5 12 54 23
0.343333 0 11 47 28
0.35 1 16 48 21
0.356667 2 7 39 22
0.363333 4 21 45 28
0.37 2 15 42 21
0.376667 3 8 50 25
0.383333 4 16 38 26
0.39 2 7 37 27
0.396667 4 13 44 28
0.403333 1 12 39 23
0.41 1 7 37 27
0.416667 3 14 32 27
0.423333 3 6 43 15
0.43 0 13 31 17
0.436667 3 17 41 31
0.443333 0 12 37 24
0.45 1 8 25 24
0.456667 2 14 30 15
0.463333 4 13 34 9
0.47 4 15 36 18
0.476667 3 8 25 14
0.483333 3 10 19 21
0.49 1 4 27 16
0.496667 2 13 22 18
0.503333 1 8 19 9
0.51 2 6 25 11
0.516667 2 7 27 12
0.523333 1 6 19 19
0.53 1 6 17 14
0.536667 2 7 20 13
0.543333 0 7 20 12
0.55 3 5 22 12
0.556667 1 8 23 16
0.563333 1 12 8 8
0.57 4 8 17 8
0.576667 1 12 13 8
0.583333 1 6 17 13
0.59 1 5 13 7
0.596667 0 10 18 10
0.603333 0 7 18 6
0.61 2 2 15 4
0.616667 0 3 19 16
0.623333 3 6 12 8
0.63 4 5 27 11
0.636667 4 2 20 12
0.643333 2 7 17 9
0.65 1 6 25 9
0.656667 1 3 15 7
0.663333 42 305 717 323
0.67 0 0 0 0
0.676667 0 0 0 0
0.683333 0 0 0 0
0.69 0 0 0 0
0.696667 0 0 0 0
0.703333 0 0 0 0
0.71 0 0 0 0
0.716667 0 0 0 0
0.723333 0 0 0 0
0.73 0 0 0 0
0.736667 0 0 0 0
0.743333 0 0 0 0
0.75 0 0 0 0
0.756667 0 0 0 0
0.763333 0 0 0 0
0.77 0 0 0 0
0.776667 0 0 0 0
0.783333 0 0 0 0
0.79 0 0 0 0
0.796667 0 0 0 0
0.803333 0 0 0 0
0.81 0 0 0 0
0.816667 0 0 0 0
0.823333 0 0 0 0
0.83 0 0 0 0
0.836667 0 0 0 0
0.843333 0 0 0 0
0.85 0 0 0 0
0.856667 0 0 0 0
0.863333 0 0 0 0
0.87 0 0 0 0
0.876667 0 0 0 0
0.883333 0 0 0 0
0.89 0 0 0 0
0.896667 0 0 0 0
0.903333 0 0 0 0
0.91 0 0 0 0
0.916667 0 0 0 0
0.923333 0 0 0 0
0.93 0 0 0 0
0.936667 0 0 0 0
0.943333 0 0 0 0
0.95 0 0 0 0
0.956667 0 0 0 0
0.963333 0 0 0 0
0.97 0 0 0 0
0.976667 0 0 0 0
0.983333 0 0 0 0
0.99 0 0 0 0
0.996667 0 0 0 0
1.00333 0 0 0 0
1.01 0 0 0 0
1.01667 0 0 0 0
1.02333 0 0 0 0
1.03 0 0 0 0
1.03667 0 0 0 0
1.04333 0 0 0 0
1.05 0 0 0 0
1.05667 0 0 0 0
1.06333 0 0 0 0
1.07 0 0 0 0
1.07667 0 0 0 0
1.08333 0 0 0 0
1.09 0 0 0 0
1.09667 0 0 0 0
1.10333 0 0 0 0
1.11 0 0 0 0
1.11667 0 0 0 0
1.12333 0 0 0 0
1.13 0 0 0 0
1.13667 0 0 0 0
1.14333 0 0 0 0
1.15 0 0 0 0
1.15667 0 0 0 0
1.16333 0 0 0 0
1.17 0 0 0 0
1.17667 0 0 0 0
1.18333 0 0 0 0
1.19 0 0 0 0
1.19667 0 0 0 0
1.20333 0 0 0 0
1.21 0 0 0 0
1.21667 0 0 0 0
1.22333 0 0 0 0
1.23 0 0 0 0
1.23667 0 0 0 0
1.24333 0 0 0 0
1.25 0 0 0 0
1.25667 0 0 0 0
1.26333 0 0 0 0
1.27 0 0 0 0
1.27667 0 0 0 0
1.28333 0 0 0 0
1.29 0 0 0 0
1.29667 0 0 0 0
1.30333 0 0 0 0
1.31 0 0 0 0
1.31667 0 0 0 0
1.32333 0 0 0 0
1.33 0 0 0 0
1.33667 0 0 0 0
1.34333 0 0 0 0
1.35 0 0 0 0
1.35667 0 0 0 0
1.36333 0 0 0 0
1.37 0 0 0 0
1.37667 0 0 0 0
1.38333 0 0 0 0
1.39 0 0 0 0
1.39667 0 0 0 0
1.40333 0 0 0 0
1.41 0 0 0 0
1.41667 0 0 0 0
1.42333 0 0 0 0
1.43 0 0 0 0
1.43667 0 0 0 0
1.44333 0 0 0 0
1.45 0 0 0 0
1.45667 0 0 0 0
1.46333 0 0 0 0
1.47 0 0 0 0
1.47667 0 0 0 0
1.48333 0 0 0 0
1.49 0 0 0 0
1.49667 0 0 0 0
1.50333 0 0 0 0
1.51 0 0 0 0
1.51667 0 0 0 0
1.52333 0 0 0 0
1.53 0 0 0 0
1.53667 0 0 0 0
1.54333 0 0 0 0
1.55 0 0 0 0
1.55667 0 0 0 0
1.56333 0 0 0 0
1.57 0 0 0 0
1.57667 0 0 0 0
1.58333 0 0 0 0
1.59 0 0 0 0
1.59667 0 0 0 0
1.60333 0 0 0 0
1.61 0 0 0 0
1.61667 0 0 0 0
1.62333 0 0 0 0
1.63 0 0 0 0
1.63667 0 0 0 0
1.64333 0 0 0 0
1.65 0 0 0 0
1.65667 0 0 0 0
1.66333 0 0 0 0
1.67 0 0 0 0
1.67667 0 0 0 0
1.68333 0 0 0 0
1.69 0 0 0 0
1.69667 0 0 0 0
1.70333 0 0 0 0
1.71 0 0 0 0
1.71667 0 0 0 0
1.72333 0 0 0 0
1.73 0 0 0 0
1.73667 0 0 0 0
1.74333 0 0 0 0
1.75 0 0 0 0
1.75667 0 0 0 0
1.76333 0 0 0 0
1.77 0 0 0 0
1.77667 0 0 0 0
1.78333 0 0 0 0
1.79 0 0 0 0
1.79667 0 0 0 0
1.80333 0 0 0 0
1.81 0 0 0 0
1.81667 0 0 0 0
1.82333 0 0 0 0
1.83 0 0 0 0
1.83667 0 0 0 0
1.84333 0 0 0 0
1.85 0 0 0 0
1.85667 0 0 0 0
1.86333 0 0 0 0
1.87 0 0 0 0
1.87667 0 0 0 0
1.88333 0 0 0 0
1.89 0 0 0 0
1.89667 0 0 0 0
1.90333 0 0 0 0
1.91 0 0 0 0
1.91667 0 0 0 0
1.92333 0 0 0 0
1.93 0 0 0 0
1.93667 0 0 0 0
1.94333 0 0 0 0
1.95 0 0 0 0
1.95667 0 0 0 0
1.96333 0 0 0 0
1.97 0 0 0 0
1.97667 0 0 0 0
1.98333 0 0 0 0
1.99 0 0 0 0
1.99667 0 0 0 0
