0.00333333 0 3 76 51
0.01 2 4 97 62
0.0166667 1 4 106 49
0.0233333 1 8 106 67
0.03 0 4 107 72
0.0366667 0 8 146 58
0.0433333 0 5 146 98
0.05 1 8 213 144
0.0566667 2 15 187 143
0.0633333 1 7 263 151
0.07 1 7 249 155
0.0766667 0 18 280 146
0.0833333 2 14 254 168
0.09 4 6 278 181
0.0966667 1 9 273 178
0.103333 2 13 278 190
0.11 1 7 261 182
0.116667 0 6 294 176
0.123333 3 11 299 181
0.13 2 8 288 186
0.136667 0 10 307 188
0.143333 2 8 294 175
0.15 2 11 251 148
0.156667 1 3 263 155
0.163333 1 4 271 137
0.17 0 10 243 171
0.176667 1 7 241 170
0.183333 2 4 260 148
0.19 1 13 298 170
0.196667 5 9 300 161
0.203333 2 10 271 161
0.21 0 10 289 140
0.216667 3 11 262 164
0.223333 2 8 254 126
0.23 0 4 236 133
0.236667 0 6 181 120
0.243333 2 7 192 122
0.25 2 5 215 124
0.256667 1 2 192 94
0.263333 1 7 175 112
0.27 2 5 162 100
0.276667 1 5 174 103
0.283333 0 4 152 93
0.29 3 5 148 101
0.296667 0 5 138 88
0.303333 2 5 139 98
0.31 0 8 158 100
0.316667 2 4 140 84
0.323333 2 3 122 83
0.33 1 2 139 91
0.336667 0 6 123 77
0.343333 1 4 130 82
0.35 0 4 112 85
0.356667 1 6 135 76
0.363333 1 1 120 78
0.37 0 1 116 66
0.376667 0 2 103 68
0.383333 0 2 112 66
0.39 1 3 100 64
0.396667 2 4 100 65
0.403333 0 4 90 61
0.41 2 4 112 49
0.416667 0 1 105 53
0.423333 0 2 108 64
0.43 0 7 104 67
0.436667 0 2 79 74
0.443333 3 2 81 57
0.45 2 3 116 57
0.456667 2 4 110 49
0.463333 0 2 109 55
0.47 1 9 109 68
0.476667 0 1 83 61
0.483333 2 2 61 45
0.49 0 4 63 53
0.496667 0 1 49 39
0.503333 0 3 56 35
0.51 0 3 50 40
0.516667 1 0 44 29
0.523333 0 3 56 44
0.53 0 4 54 26
0.536667 1 2 38 27
0.543333 0 2 51 23
0.55 0 2 58 33
0.556667 1 1 40 44
0.563333 0 2 40 28
0.57 1 3 39 32
0.576667 2 5 36 27
0.583333 0 2 43 31
0.59 0 2 31 32
0.596667 2 3 37 27
0.603333 0 0 46 30
0.61 0 2 35 26
0.616667 1 3 41 26
0.623333 1 2 39 29
0.63 1 4 38 22
0.636667 0 5 57 24
0.643333 0 5 32 23
0.65 2 1 50 33
0.656667 0 1 37 17
0.663333 17 47 3669 2093
0.67 0 0 0 0
0.676667 0 0 0 0
0.683333 0 0 0 0
0.69 0 0 0 0
0.696667 0 0 0 0
0.703333 0 0 0 0
0.71 0 0 0 0
0.716667 0 0 0 0
0.723333 0 0 0 0
0.73 0 0 0 0
0.736667 0 0 0 0
0.743333 0 0 0 0
0.75 0 0 0 0
0.756667 0 0 0 0
0.763333 0 0 0 0
0.77 0 0 0 0
0.776667 0 0 0 0
0.783333 0 0 0 0
0.79 0 0 0 0
0.796667 0 0 0 0
0.803333 0 0 0 0
0.81 0 0 0 0
0.816667 0 0 0 0
0.823333 0 0 0 0
0.83 0 0 0 0
0.836667 0 0 0 0
0.843333 0 0 0 0
0.85 0 0 0 0
0.856667 0 0 0 0
0.863333 0 0 0 0
0.87 0 0 0 0
0.876667 0 0 0 0
0.883333 0 0 0 0
0.89 0 0 0 0
0.896667 0 0 0 0
0.903333 0 0 0 0
0.91 0 0 0 0
0.916667 0 0 0 0
0.923333 0 0 0 0
0.93 0 0 0 0
0.936667 0 0 0 0
0.943333 0 0 0 0
0.95 0 0 0 0
0.956667 0 0 0 0
0.963333 0 0 0 0
0.97 0 0 0 0
0.976667 0 0 0 0
0.983333 0 0 0 0
0.99 0 0 0 0
0.996667 0 0 0 0
1.00333 0 0 0 0
1.01 0 0 0 0
1.01667 0 0 0 0
1.02333 0 0 0 0
1.03 0 0 0 0
1.03667 0 0 0 0
1.04333 0 0 0 0
1.05 0 0 0 0
1.05667 0 0 0 0
1.06333 0 0 0 0
1.07 0 0 0 0
1.07667 0 0 0 0
1.08333 0 0 0 0
1.09 0 0 0 0
1.09667 0 0 0 0
1.10333 0 0 0 0
1.11 0 0 0 0
1.11667 0 0 0 0
1.12333 0 0 0 0
1.13 0 0 0 0
1.13667 0 0 0 0
1.14333 0 0 0 0
1.15 0 0 0 0
1.15667 0 0 0 0
1.16333 0 0 0 0
1.17 0 0 0 0
1.17667 0 0 0 0
1.18333 0 0 0 0
1.19 0 0 0 0
1.19667 0 0 0 0
1.20333 0 0 0 0
1.21 0 0 0 0
1.21667 0 0 0 0
1.22333 0 0 0 0
1.23 0 0 0 0
1.23667 0 0 0 0
1.24333 0 0 0 0
1.25 0 0 0 0
1.25667 0 0 0 0
1.26333 0 0 0 0
1.27 0 0 0 0
1.27667 0 0 0 0
1.28333 0 0 0 0
1.29 0 0 0 0
1.29667 0 0 0 0
1.30333 0 0 0 0
1.31 0 0 0 0
1.31667 0 0 0 0
1.32333 0 0 0 0
1.33 0 0 0 0
1.33667 0 0 0 0
1.34333 0 0 0 0
1.35 0 0 0 0
1.35667 0 0 0 0
1.36333 0 0 0 0
1.37 0 0 0 0
1.37667 0 0 0 0
1.38333 0 0 0 0
1.39 0 0 0 0
1.39667 0 0 0 0
1.40333 0 0 0 0
1.41 0 0 0 0
1.41667 0 0 0 0
1.42333 0 0 0 0
1.43 0 0 0 0
1.43667 0 0 0 0
1.44333 0 0 0 0
1.45 0 0 0 0
1.45667 0 0 0 0
1.46333 0 0 0 0
1.47 0 0 0 0
1.47667 0 0 0 0
1.48333 0 0 0 0
1.49 0 0 0 0
1.49667 0 0 0 0
1.50333 0 0 0 0
1.51 0 0 0 0
1.51667 0 0 0 0
1.52333 0 0 0 0
1.53 0 0 0 0
1.53667 0 0 0 0
1.54333 0 0 0 0
1.55 0 0 0 0
1.55667 0 0 0 0
1.56333 0 0 0 0
1.57 0 0 0 0
1.57667 0 0 0 0
1.58333 0 0 0 0
1.59 0 0 0 0
1.59667 0 0 0 0
1.60333 0 0 0 0
1.61 0 0 0 0
1.61667 0 0 0 0
1.62333 0 0 0 0
1.63 0 0 0 0
1.63667 0 0 0 0
1.64333 0 0 0 0
1.65 0 0 0 0
1.65667 0 0 0 0
1.66333 0 0 0 0
1.67 0 0 0 0
1.67667 0 0 0 0
1.68333 0 0 0 0
1.69 0 0 0 0
1.69667 0 0 0 0
1.70333 0 0 0 0
1.71 0 0 0 0
1.71667 0 0 0 0
1.72333 0 0 0 0
1.73 0 0 0 0
1.73667 0 0 0 0
1.74333 0 0 0 0
1.75 0 0 0 0
1.75667 0 0 0 0
1.76333 0 0 0 0
1.77 0 0 0 0
1.77667 0 0 0 0
1.78333 0 0 0 0
1.79 0 0 0 0
1.79667 0 0 0 0
1.80333 0 0 0 0
1.81 0 0 0 0
1.81667 0 0 0 0
1.82333 0 0 0 0
1.83 0 0 0 0
1.83667 0 0 0 0
1.84333 0 0 0 0
1.85 0 0 0 0
1.85667 0 0 0 0
1.86333 0 0 0 0
1.87 0 0 0 0
1.87667 0 0 0 0
1.88333 0 0 0 0
1.89 0 0 0 0
1.89667 0 0 0 0
1.90333 0 0 0 0
1.91 0 0 0 0
1.91667 0 0 0 0
1.92333 0 0 0 0
1.93 0 0 0 0
1.93667 0 0 0 0
1.94333 0 0 0 0
1.95 0 0 0 0
1.95667 0 0 0 0
1.96333 0 0 0 0
1.97 0 0 0 0
1.97667 0 0 0 0
1.98333 0 0 0 0
1.99 0 0 0 0
1.99667 0 0 0 0
