0.00333333 2 1 75 47
0.01 1 5 69 60
0.0166667 0 2 70 51
0.0233333 0 3 73 67
0.03 1 3 63 58
0.0366667 0 4 84 60
0.0433333 2 3 81 58
0.05 2 3 89 67
0.0566667 4 5 105 57
0.0633333 2 9 94 69
0.07 2 7 95 78
0.0766667 2 7 106 74
0.0833333 0 5 107 72
0.09 2 5 107 82
0.0966667 1 5 93 68
0.103333 4 6 114 86
0.11 0 5 103 84
0.116667 5 7 108 90
0.123333 1 7 107 89
0.13 2 6 102 92
0.136667 0 5 119 84
0.143333 1 3 102 89
0.15 0 5 104 97
0.156667 3 5 99 104
0.163333 0 4 131 96
0.17 2 3 106 84
0.176667 3 4 119 81
0.183333 2 2 89 76
0.19 4 6 100 97
0.196667 3 7 97 94
0.203333 2 3 120 93
0.21 0 7 131 109
0.216667 2 7 136 103
0.223333 1 5 123 91
0.23 1 4 122 113
0.236667 1 5 107 89
0.243333 2 6 114 100
0.25 0 4 93 90
0.256667 1 6 77 108
0.263333 2 5 119 75
0.27 0 1 112 85
0.276667 1 1 90 74
0.283333 1 4 97 92
0.29 2 3 89 71
0.296667 1 6 106 66
0.303333 2 2 105 59
0.31 1 2 81 67
0.316667 0 3 99 57
0.323333 0 4 97 68
0.33 1 7 73 55
0.336667 0 2 72 57
0.343333 1 6 75 58
0.35 2 2 78 66
0.356667 1 4 86 62
0.363333 1 5 77 67
0.37 1 3 80 61
0.376667 2 3 103 70
0.383333 1 0 75 70
0.39 2 5 76 65
0.396667 0 7 70 67
0.403333 3 3 51 62
0.41 0 4 82 61
0.416667 1 4 67 63
0.423333 3 2 75 65
0.43 1 4 51 61
0.436667 0 7 71 68
0.443333 2 5 83 69
0.45 3 3 78 62
0.456667 1 0 93 63
0.463333 0 3 79 74
0.47 1 4 68 48
0.476667 0 2 65 60
0.483333 1 4 30 30
0.49 0 2 22 24
0.496667 3 4 31 23
0.503333 0 2 22 20
0.51 1 3 18 27
0.516667 0 1 20 15
0.523333 2 1 18 22
0.53 0 1 18 17
0.536667 2 5 13 21
0.543333 1 0 12 8
0.55 1 2 13 15
0.556667 0 3 13 15
0.563333 0 0 14 14
0.57 1 3 12 7
0.576667 2 1 15 7
0.583333 2 1 15 7
0.59 1 2 13 10
0.596667 1 1 5 11
0.603333 0 3 17 5
0.61 0 3 15 15
0.616667 0 3 7 4
0.623333 2 3 11 12
0.63 1 0 18 16
0.636667 0 0 17 15
0.643333 2 2 7 10
0.65 4 2 13 14
0.656667 2 1 15 6
0.663333 36 96 5104 3908
0.67 0 0 0 0
0.676667 0 0 0 0
0.683333 0 0 0 0
0.69 0 0 0 0
0.696667 0 0 0 0
0.703333 0 0 0 0
0.71 0 0 0 0
0.716667 0 0 0 0
0.723333 0 0 0 0
0.73 0 0 0 0
0.736667 0 0 0 0
0.743333 0 0 0 0
0.75 0 0 0 0
0.756667 0 0 0 0
0.763333 0 0 0 0
0.77 0 0 0 0
0.776667 0 0 0 0
0.783333 0 0 0 0
0.79 0 0 0 0
0.796667 0 0 0 0
0.803333 0 0 0 0
0.81 0 0 0 0
0.816667 0 0 0 0
0.823333 0 0 0 0
0.83 0 0 0 0
0.836667 0 0 0 0
0.843333 0 0 0 0
0.85 0 0 0 0
0.856667 0 0 0 0
0.863333 0 0 0 0
0.87 0 0 0 0
0.876667 0 0 0 0
0.883333 0 0 0 0
0.89 0 0 0 0
0.896667 0 0 0 0
0.903333 0 0 0 0
0.91 0 0 0 0
0.916667 0 0 0 0
0.923333 0 0 0 0
0.93 0 0 0 0
0.936667 0 0 0 0
0.943333 0 0 0 0
0.95 0 0 0 0
0.956667 0 0 0 0
0.963333 0 0 0 0
0.97 0 0 0 0
0.976667 0 0 0 0
0.983333 0 0 0 0
0.99 0 0 0 0
0.996667 0 0 0 0
1.00333 0 0 0 0
1.01 0 0 0 0
1.01667 0 0 0 0
1.02333 0 0 0 0
1.03 0 0 0 0
1.03667 0 0 0 0
1.04333 0 0 0 0
1.05 0 0 0 0
1.05667 0 0 0 0
1.06333 0 0 0 0
1.07 0 0 0 0
1.07667 0 0 0 0
1.08333 0 0 0 0
1.09 0 0 0 0
1.09667 0 0 0 0
1.10333 0 0 0 0
1.11 0 0 0 0
1.11667 0 0 0 0
1.12333 0 0 0 0
1.13 0 0 0 0
1.13667 0 0 0 0
1.14333 0 0 0 0
1.15 0 0 0 0
1.15667 0 0 0 0
1.16333 0 0 0 0
1.17 0 0 0 0
1.17667 0 0 0 0
1.18333 0 0 0 0
1.19 0 0 0 0
1.19667 0 0 0 0
1.20333 0 0 0 0
1.21 0 0 0 0
1.21667 0 0 0 0
1.22333 0 0 0 0
1.23 0 0 0 0
1.23667 0 0 0 0
1.24333 0 0 0 0
1.25 0 0 0 0
1.25667 0 0 0 0
1.26333 0 0 0 0
1.27 0 0 0 0
1.27667 0 0 0 0
1.28333 0 0 0 0
1.29 0 0 0 0
1.29667 0 0 0 0
1.30333 0 0 0 0
1.31 0 0 0 0
1.31667 0 0 0 0
1.32333 0 0 0 0
1.33 0 0 0 0
1.33667 0 0 0 0
1.34333 0 0 0 0
1.35 0 0 0 0
1.35667 0 0 0 0
1.36333 0 0 0 0
1.37 0 0 0 0
1.37667 0 0 0 0
1.38333 0 0 0 0
1.39 0 0 0 0
1.39667 0 0 0 0
1.40333 0 0 0 0
1.41 0 0 0 0
1.41667 0 0 0 0
1.42333 0 0 0 0
1.43 0 0 0 0
1.43667 0 0 0 0
1.44333 0 0 0 0
1.45 0 0 0 0
1.45667 0 0 0 0
1.46333 0 0 0 0
1.47 0 0 0 0
1.47667 0 0 0 0
1.48333 0 0 0 0
1.49 0 0 0 0
1.49667 0 0 0 0
1.50333 0 0 0 0
1.51 0 0 0 0
1.51667 0 0 0 0
1.52333 0 0 0 0
1.53 0 0 0 0
1.53667 0 0 0 0
1.54333 0 0 0 0
1.55 0 0 0 0
1.55667 0 0 0 0
1.56333 0 0 0 0
1.57 0 0 0 0
1.57667 0 0 0 0
1.58333 0 0 0 0
1.59 0 0 0 0
1.59667 0 0 0 0
1.60333 0 0 0 0
1.61 0 0 0 0
1.61667 0 0 0 0
1.62333 0 0 0 0
1.63 0 0 0 0
1.63667 0 0 0 0
1.64333 0 0 0 0
1.65 0 0 0 0
1.65667 0 0 0 0
1.66333 0 0 0 0
1.67 0 0 0 0
1.67667 0 0 0 0
1.68333 0 0 0 0
1.69 0 0 0 0
1.69667 0 0 0 0
1.70333 0 0 0 0
1.71 0 0 0 0
1.71667 0 0 0 0
1.72333 0 0 0 0
1.73 0 0 0 0
1.73667 0 0 0 0
1.74333 0 0 0 0
1.75 0 0 0 0
1.75667 0 0 0 0
1.76333 0 0 0 0
1.77 0 0 0 0
1.77667 0 0 0 0
1.78333 0 0 0 0
1.79 0 0 0 0
1.79667 0 0 0 0
1.80333 0 0 0 0
1.81 0 0 0 0
1.81667 0 0 0 0
1.82333 0 0 0 0
1.83 0 0 0 0
1.83667 0 0 0 0
1.84333 0 0 0 0
1.85 0 0 0 0
1.85667 0 0 0 0
1.86333 0 0 0 0
1.87 0 0 0 0
1.87667 0 0 0 0
1.88333 0 0 0 0
1.89 0 0 0 0
1.89667 0 0 0 0
1.90333 0 0 0 0
1.91 0 0 0 0
1.91667 0 0 0 0
1.92333 0 0 0 0
1.93 0 0 0 0
1.93667 0 0 0 0
1.94333 0 0 0 0
1.95 0 0 0 0
1.95667 0 0 0 0
1.96333 0 0 0 0
1.97 0 0 0 0
1.97667 0 0 0 0
1.98333 0 0 0 0
1.99 0 0 0 0
1.99667 0 0 0 0
