0.00333333 0 0 36 149
0.01 0 0 36 114
0.0166667 1 0 48 139
0.0233333 0 3 43 153
0.03 0 1 47 131
0.0366667 0 0 48 146
0.0433333 0 2 51 146
0.05 1 0 56 149
0.0566667 0 1 61 156
0.0633333 0 3 56 172
0.07 1 0 59 172
0.0766667 0 2 58 143
0.0833333 1 5 66 166
0.09 2 2 66 185
0.0966667 0 2 56 181
0.103333 1 2 69 153
0.11 1 3 63 189
0.116667 0 3 50 162
0.123333 0 3 53 188
0.13 1 1 62 180
0.136667 1 1 60 162
0.143333 0 4 61 203
0.15 1 1 64 177
0.156667 0 2 56 171
0.163333 0 2 62 186
0.17 0 3 46 164
0.176667 0 3 47 163
0.183333 0 2 50 210
0.19 0 0 69 249
0.196667 1 3 63 272
0.203333 0 0 80 265
0.21 0 0 79 280
0.216667 1 3 77 250
0.223333 0 1 51 232
0.23 1 1 69 225
0.236667 1 1 61 205
0.243333 2 1 68 190
0.25 0 1 70 167
0.256667 1 0 62 209
0.263333 1 2 52 152
0.27 0 3 62 149
0.276667 0 0 56 181
0.283333 0 0 52 157
0.29 1 1 61 159
0.296667 1 1 58 158
0.303333 0 0 59 160
0.31 0 1 57 132
0.316667 2 0 52 159
0.323333 0 1 59 149
0.33 0 2 54 134
0.336667 1 4 58 140
0.343333 0 2 65 128
0.35 1 0 46 134
0.356667 0 2 43 143
0.363333 0 2 42 148
0.37 0 3 56 160
0.376667 2 1 56 139
0.383333 0 0 47 140
0.39 0 1 42 155
0.396667 0 0 50 141
0.403333 1 0 46 157
0.41 1 0 43 152
0.416667 0 1 38 157
0.423333 2 2 55 179
0.43 0 1 45 136
0.436667 0 0 54 151
0.443333 0 2 51 139
0.45 0 1 42 174
0.456667 0 1 52 155
0.463333 1 1 55 163
0.47 1 1 43 164
0.476667 0 1 43 141
0.483333 0 2 19 55
0.49 1 0 15 71
0.496667 0 0 16 58
0.503333 0 3 12 39
0.51 1 0 7 35
0.516667 1 1 6 34
0.523333 1 1 12 34
0.53 0 1 12 33
0.536667 0 3 10 42
0.543333 0 1 10 33
0.55 0 0 2 30
0.556667 0 1 8 41
0.563333 1 2 6 27
0.57 2 0 7 23
0.576667 0 0 8 20
0.583333 2 0 8 35
0.59 0 0 6 32
0.596667 1 1 4 22
0.603333 0 2 3 29
0.61 0 0 6 26
0.616667 1 1 2 17
0.623333 1 0 9 16
0.63 0 0 6 28
0.636667 0 0 12 56
0.643333 0 2 4 13
0.65 0 0 6 17
0.656667 0 0 8 17
0.663333 2 10 3097 11427
0.67 0 0 0 0
0.676667 0 0 0 0
0.683333 0 0 0 0
0.69 0 0 0 0
0.696667 0 0 0 0
0.703333 0 0 0 0
0.71 0 0 0 0
0.716667 0 0 0 0
0.723333 0 0 0 0
0.73 0 0 0 0
0.736667 0 0 0 0
0.743333 0 0 0 0
0.75 0 0 0 0
0.756667 0 0 0 0
0.763333 0 0 0 0
0.77 0 0 0 0
0.776667 0 0 0 0
0.783333 0 0 0 0
0.79 0 0 0 0
0.796667 0 0 0 0
0.803333 0 0 0 0
0.81 0 0 0 0
0.816667 0 0 0 0
0.823333 0 0 0 0
0.83 0 0 0 0
0.836667 0 0 0 0
0.843333 0 0 0 0
0.85 0 0 0 0
0.856667 0 0 0 0
0.863333 0 0 0 0
0.87 0 0 0 0
0.876667 0 0 0 0
0.883333 0 0 0 0
0.89 0 0 0 0
0.896667 0 0 0 0
0.903333 0 0 0 0
0.91 0 0 0 0
0.916667 0 0 0 0
0.923333 0 0 0 0
0.93 0 0 0 0
0.936667 0 0 0 0
0.943333 0 0 0 0
0.95 0 0 0 0
0.956667 0 0 0 0
0.963333 0 0 0 0
0.97 0 0 0 0
0.976667 0 0 0 0
0.983333 0 0 0 0
0.99 0 0 0 0
0.996667 0 0 0 0
1.00333 0 0 0 0
1.01 0 0 0 0
1.01667 0 0 0 0
1.02333 0 0 0 0
1.03 0 0 0 0
1.03667 0 0 0 0
1.04333 0 0 0 0
1.05 0 0 0 0
1.05667 0 0 0 0
1.06333 0 0 0 0
1.07 0 0 0 0
1.07667 0 0 0 0
1.08333 0 0 0 0
1.09 0 0 0 0
1.09667 0 0 0 0
1.10333 0 0 0 0
1.11 0 0 0 0
1.11667 0 0 0 0
1.12333 0 0 0 0
1.13 0 0 0 0
1.13667 0 0 0 0
1.14333 0 0 0 0
1.15 0 0 0 0
1.15667 0 0 0 0
1.16333 0 0 0 0
1.17 0 0 0 0
1.17667 0 0 0 0
1.18333 0 0 0 0
1.19 0 0 0 0
1.19667 0 0 0 0
1.20333 0 0 0 0
1.21 0 0 0 0
1.21667 0 0 0 0
1.22333 0 0 0 0
1.23 0 0 0 0
1.23667 0 0 0 0
1.24333 0 0 0 0
1.25 0 0 0 0
1.25667 0 0 0 0
1.26333 0 0 0 0
1.27 0 0 0 0
1.27667 0 0 0 0
1.28333 0 0 0 0
1.29 0 0 0 0
1.29667 0 0 0 0
1.30333 0 0 0 0
1.31 0 0 0 0
1.31667 0 0 0 0
1.32333 0 0 0 0
1.33 0 0 0 0
1.33667 0 0 0 0
1.34333 0 0 0 0
1.35 0 0 0 0
1.35667 0 0 0 0
1.36333 0 0 0 0
1.37 0 0 0 0
1.37667 0 0 0 0
1.38333 0 0 0 0
1.39 0 0 0 0
1.39667 0 0 0 0
1.40333 0 0 0 0
1.41 0 0 0 0
1.41667 0 0 0 0
1.42333 0 0 0 0
1.43 0 0 0 0
1.43667 0 0 0 0
1.44333 0 0 0 0
1.45 0 0 0 0
1.45667 0 0 0 0
1.46333 0 0 0 0
1.47 0 0 0 0
1.47667 0 0 0 0
1.48333 0 0 0 0
1.49 0 0 0 0
1.49667 0 0 0 0
1.50333 0 0 0 0
1.51 0 0 0 0
1.51667 0 0 0 0
1.52333 0 0 0 0
1.53 0 0 0 0
1.53667 0 0 0 0
1.54333 0 0 0 0
1.55 0 0 0 0
1.55667 0 0 0 0
1.56333 0 0 0 0
1.57 0 0 0 0
1.57667 0 0 0 0
1.58333 0 0 0 0
1.59 0 0 0 0
1.59667 0 0 0 0
1.60333 0 0 0 0
1.61 0 0 0 0
1.61667 0 0 0 0
1.62333 0 0 0 0
1.63 0 0 0 0
1.63667 0 0 0 0
1.64333 0 0 0 0
1.65 0 0 0 0
1.65667 0 0 0 0
1.66333 0 0 0 0
1.67 0 0 0 0
1.67667 0 0 0 0
1.68333 0 0 0 0
1.69 0 0 0 0
1.69667 0 0 0 0
1.70333 0 0 0 0
1.71 0 0 0 0
1.71667 0 0 0 0
1.72333 0 0 0 0
1.73 0 0 0 0
1.73667 0 0 0 0
1.74333 0 0 0 0
1.75 0 0 0 0
1.75667 0 0 0 0
1.76333 0 0 0 0
1.77 0 0 0 0
1.77667 0 0 0 0
1.78333 0 0 0 0
1.79 0 0 0 0
1.79667 0 0 0 0
1.80333 0 0 0 0
1.81 0 0 0 0
1.81667 0 0 0 0
1.82333 0 0 0 0
1.83 0 0 0 0
1.83667 0 0 0 0
1.84333 0 0 0 0
1.85 0 0 0 0
1.85667 0 0 0 0
1.86333 0 0 0 0
1.87 0 0 0 0
1.87667 0 0 0 0
1.88333 0 0 0 0
1.89 0 0 0 0
1.89667 0 0 0 0
1.90333 0 0 0 0
1.91 0 0 0 0
1.91667 0 0 0 0
1.92333 0 0 0 0
1.93 0 0 0 0
1.93667 0 0 0 0
1.94333 0 0 0 0
1.95 0 0 0 0
1.95667 0 0 0 0
1.96333 0 0 0 0
1.97 0 0 0 0
1.97667 0 0 0 0
1.98333 0 0 0 0
1.99 0 0 0 0
1.99667 0 0 0 0
