0.00333333 0 4 302 46
0.01 0 5 234 49
0.0166667 0 4 231 51
0.0233333 1 5 273 61
0.03 1 2 257 57
0.0366667 0 6 243 61
0.0433333 1 7 244 63
0.05 4 7 289 55
0.0566667 0 5 301 73
0.0633333 0 10 350 79
0.07 4 4 277 62
0.0766667 1 7 281 72
0.0833333 1 9 323 81
0.09 1 16 301 82
0.0966667 1 6 279 77
0.103333 1 8 302 89
0.11 1 15 311 86
0.116667 2 9 335 92
0.123333 2 9 321 113
0.13 0 4 332 85
0.136667 1 5 335 83
0.143333 3 10 358 93
0.15 3 6 375 87
0.156667 0 3 332 85
0.163333 1 7 393 66
0.17 0 7 362 73
0.176667 1 6 381 93
0.183333 1 8 439 78
0.19 5 5 690 131
0.196667 1 2 679 118
0.203333 1 8 566 117
0.21 1 4 528 111
0.216667 0 5 449 122
0.223333 2 8 351 114
0.23 2 0 388 91
0.236667 2 7 307 107
0.243333 1 6 330 101
0.25 2 6 314 87
0.256667 0 5 297 79
0.263333 0 1 324 67
0.27 2 4 283 87
0.276667 0 6 293 78
0.283333 1 3 304 76
0.29 1 3 330 69
0.296667 1 2 285 82
0.303333 1 5 321 80
0.31 1 5 273 74
0.316667 3 2 303 58
0.323333 0 4 281 69
0.33 1 4 244 54
0.336667 1 7 287 73
0.343333 0 2 279 58
0.35 0 7 278 58
0.356667 1 2 261 63
0.363333 2 1 298 67
0.37 1 1 277 50
0.376667 0 5 309 51
0.383333 0 1 269 56
0.39 2 2 293 59
0.396667 0 3 275 45
0.403333 0 4 316 60
0.41 1 6 297 46
0.416667 1 3 307 65
0.423333 1 5 318 54
0.43 4 4 299 61
0.436667 0 0 309 69
0.443333 0 3 307 62
0.45 0 3 309 52
0.456667 1 4 307 59
0.463333 1 3 285 61
0.47 3 4 330 57
0.476667 1 3 248 46
0.483333 2 1 138 21
0.49 1 1 101 15
0.496667 1 3 95 21
0.503333 3 1 106 17
0.51 0 2 92 12
0.516667 0 1 80 16
0.523333 1 0 87 12
0.53 0 3 86 12
0.536667 3 2 75 9
0.543333 0 2 68 10
0.55 0 3 63 8
0.556667 0 2 63 12
0.563333 0 4 57 8
0.57 0 3 51 6
0.576667 1 1 68 5
0.583333 2 1 72 9
0.59 0 1 81 8
0.596667 2 0 46 6
0.603333 1 1 70 9
0.61 1 3 40 8
0.616667 0 2 47 10
0.623333 0 4 56 5
0.63 0 1 79 10
0.636667 0 1 108 11
0.643333 0 1 41 15
0.65 0 3 41 8
0.656667 0 4 47 10
0.663333 13 44 20832 3739
0.67 0 0 0 0
0.676667 0 0 0 0
0.683333 0 0 0 0
0.69 0 0 0 0
0.696667 0 0 0 0
0.703333 0 0 0 0
0.71 0 0 0 0
0.716667 0 0 0 0
0.723333 0 0 0 0
0.73 0 0 0 0
0.736667 0 0 0 0
0.743333 0 0 0 0
0.75 0 0 0 0
0.756667 0 0 0 0
0.763333 0 0 0 0
0.77 0 0 0 0
0.776667 0 0 0 0
0.783333 0 0 0 0
0.79 0 0 0 0
0.796667 0 0 0 0
0.803333 0 0 0 0
0.81 0 0 0 0
0.816667 0 0 0 0
0.823333 0 0 0 0
0.83 0 0 0 0
0.836667 0 0 0 0
0.843333 0 0 0 0
0.85 0 0 0 0
0.856667 0 0 0 0
0.863333 0 0 0 0
0.87 0 0 0 0
0.876667 0 0 0 0
0.883333 0 0 0 0
0.89 0 0 0 0
0.896667 0 0 0 0
0.903333 0 0 0 0
0.91 0 0 0 0
0.916667 0 0 0 0
0.923333 0 0 0 0
0.93 0 0 0 0
0.936667 0 0 0 0
0.943333 0 0 0 0
0.95 0 0 0 0
0.956667 0 0 0 0
0.963333 0 0 0 0
0.97 0 0 0 0
0.976667 0 0 0 0
0.983333 0 0 0 0
0.99 0 0 0 0
0.996667 0 0 0 0
1.00333 0 0 0 0
1.01 0 0 0 0
1.01667 0 0 0 0
1.02333 0 0 0 0
1.03 0 0 0 0
1.03667 0 0 0 0
1.04333 0 0 0 0
1.05 0 0 0 0
1.05667 0 0 0 0
1.06333 0 0 0 0
1.07 0 0 0 0
1.07667 0 0 0 0
1.08333 0 0 0 0
1.09 0 0 0 0
1.09667 0 0 0 0
1.10333 0 0 0 0
1.11 0 0 0 0
1.11667 0 0 0 0
1.12333 0 0 0 0
1.13 0 0 0 0
1.13667 0 0 0 0
1.14333 0 0 0 0
1.15 0 0 0 0
1.15667 0 0 0 0
1.16333 0 0 0 0
1.17 0 0 0 0
1.17667 0 0 0 0
1.18333 0 0 0 0
1.19 0 0 0 0
1.19667 0 0 0 0
1.20333 0 0 0 0
1.21 0 0 0 0
1.21667 0 0 0 0
1.22333 0 0 0 0
1.23 0 0 0 0
1.23667 0 0 0 0
1.24333 0 0 0 0
1.25 0 0 0 0
1.25667 0 0 0 0
1.26333 0 0 0 0
1.27 0 0 0 0
1.27667 0 0 0 0
1.28333 0 0 0 0
1.29 0 0 0 0
1.29667 0 0 0 0
1.30333 0 0 0 0
1.31 0 0 0 0
1.31667 0 0 0 0
1.32333 0 0 0 0
1.33 0 0 0 0
1.33667 0 0 0 0
1.34333 0 0 0 0
1.35 0 0 0 0
1.35667 0 0 0 0
1.36333 0 0 0 0
1.37 0 0 0 0
1.37667 0 0 0 0
1.38333 0 0 0 0
1.39 0 0 0 0
1.39667 0 0 0 0
1.40333 0 0 0 0
1.41 0 0 0 0
1.41667 0 0 0 0
1.42333 0 0 0 0
1.43 0 0 0 0
1.43667 0 0 0 0
1.44333 0 0 0 0
1.45 0 0 0 0
1.45667 0 0 0 0
1.46333 0 0 0 0
1.47 0 0 0 0
1.47667 0 0 0 0
1.48333 0 0 0 0
1.49 0 0 0 0
1.49667 0 0 0 0
1.50333 0 0 0 0
1.51 0 0 0 0
1.51667 0 0 0 0
1.52333 0 0 0 0
1.53 0 0 0 0
1.53667 0 0 0 0
1.54333 0 0 0 0
1.55 0 0 0 0
1.55667 0 0 0 0
1.56333 0 0 0 0
1.57 0 0 0 0
1.57667 0 0 0 0
1.58333 0 0 0 0
1.59 0 0 0 0
1.59667 0 0 0 0
1.60333 0 0 0 0
1.61 0 0 0 0
1.61667 0 0 0 0
1.62333 0 0 0 0
1.63 0 0 0 0
1.63667 0 0 0 0
1.64333 0 0 0 0
1.65 0 0 0 0
1.65667 0 0 0 0
1.66333 0 0 0 0
1.67 0 0 0 0
1.67667 0 0 0 0
1.68333 0 0 0 0
1.69 0 0 0 0
1.69667 0 0 0 0
1.70333 0 0 0 0
1.71 0 0 0 0
1.71667 0 0 0 0
1.72333 0 0 0 0
1.73 0 0 0 0
1.73667 0 0 0 0
1.74333 0 0 0 0
1.75 0 0 0 0
1.75667 0 0 0 0
1.76333 0 0 0 0
1.77 0 0 0 0
1.77667 0 0 0 0
1.78333 0 0 0 0
1.79 0 0 0 0
1.79667 0 0 0 0
1.80333 0 0 0 0
1.81 0 0 0 0
1.81667 0 0 0 0
1.82333 0 0 0 0
1.83 0 0 0 0
1.83667 0 0 0 0
1.84333 0 0 0 0
1.85 0 0 0 0
1.85667 0 0 0 0
1.86333 0 0 0 0
1.87 0 0 0 0
1.87667 0 0 0 0
1.88333 0 0 0 0
1.89 0 0 0 0
1.89667 0 0 0 0
1.90333 0 0 0 0
1.91 0 0 0 0
1.91667 0 0 0 0
1.92333 0 0 0 0
1.93 0 0 0 0
1.93667 0 0 0 0
1.94333 0 0 0 0
1.95 0 0 0 0
1.95667 0 0 0 0
1.96333 0 0 0 0
1.97 0 0 0 0
1.97667 0 0 0 0
1.98333 0 0 0 0
1.99 0 0 0 0
1.99667 0 0 0 0
