0.00333333 9 130 7 8
0.01 8 162 7 8
0.0166667 12 148 4 9
0.0233333 7 176 11 8
0.03 13 152 8 10
0.0366667 25 187 11 10
0.0433333 26 208 14 11
0.05 29 267 23 13
0.0566667 30 284 25 10
0.0633333 43 310 28 11
0.07 45 310 34 15
0.0766667 28 348 24 16
0.0833333 36 367 18 13
0.09 30 377 22 19
0.0966667 43 391 26 14
0.103333 38 375 19 16
0.11 35 387 19 23
0.116667 37 382 17 20
0.123333 34 391 22 14
0.13 26 366 16 20
0.136667 29 397 15 19
0.143333 34 421 25 15
0.15 28 405 11 13
0.156667 23 389 14 15
0.163333 28 388 19 13
0.17 24 374 20 17
0.176667 24 394 14 11
0.183333 19 479 21 15
0.19 22 580 12 22
0.196667 31 531 13 20
0.203333 23 481 16 26
0.21 20 481 19 22
0.216667 14 469 10 15
0.223333 17 400 10 14
0.23 13 357 21 17
0.236667 27 379 13 12
0.243333 19 350 8 15
0.25 24 310 9 16
0.256667 14 274 21 8
0.263333 20 285 11 17
0.27 15 271 11 13
0.276667 15 239 11 6
0.283333 9 261 7 18
0.29 16 235 9 8
0.296667 13 240 9 7
0.303333 12 195 13 8
0.31 15 218 9 5
0.316667 17 211 5 7
0.323333 21 182 7 7
0.33 13 193 5 13
0.336667 17 175 8 9
0.343333 10 161 12 5
0.35 13 185 11 12
0.356667 17 190 14 9
0.363333 16 195 10 10
0.37 9 170 10 9
0.376667 11 158 10 6
0.383333 12 177 7 10
0.39 7 175 4 3
0.396667 15 172 8 13
0.403333 3 146 5 9
0.41 16 167 7 6
0.416667 16 170 7 11
0.423333 7 148 10 2
0.43 8 168 7 4
0.436667 13 158 7 11
0.443333 8 153 9 6
0.45 10 161 6 9
0.456667 11 178 7 3
0.463333 16 172 8 5
0.47 12 194 7 9
0.476667 6 153 5 7
0.483333 8 91 6 5
0.49 4 78 3 6
0.496667 6 67 0 3
0.503333 6 70 5 7
0.51 6 54 4 8
0.516667 6 52 5 5
0.523333 11 64 5 5
0.53 7 68 5 3
0.536667 13 55 2 9
0.543333 4 56 2 4
0.55 3 56 1 4
0.556667 7 45 4 7
0.563333 7 44 3 3
0.57 5 53 3 3
0.576667 5 49 2 5
0.583333 6 40 4 2
0.59 6 48 0 5
0.596667 7 47 4 3
0.603333 2 49 1 4
0.61 2 54 4 5
0.616667 4 41 5 9
0.623333 6 45 2 3
0.63 3 49 2 2
0.636667 4 71 6 3
0.643333 4 39 5 5
0.65 4 48 6 2
0.656667 11 28 4 2
0.663333 162 8351 73 328
0.67 0 0 0 0
0.676667 0 0 0 0
0.683333 0 0 0 0
0.69 0 0 0 0
0.696667 0 0 0 0
0.703333 0 0 0 0
0.71 0 0 0 0
0.716667 0 0 0 0
0.723333 0 0 0 0
0.73 0 0 0 0
0.736667 0 0 0 0
0.743333 0 0 0 0
0.75 0 0 0 0
0.756667 0 0 0 0
0.763333 0 0 0 0
0.77 0 0 0 0
0.776667 0 0 0 0
0.783333 0 0 0 0
0.79 0 0 0 0
0.796667 0 0 0 0
0.803333 0 0 0 0
0.81 0 0 0 0
0.816667 0 0 0 0
0.823333 0 0 0 0
0.83 0 0 0 0
0.836667 0 0 0 0
0.843333 0 0 0 0
0.85 0 0 0 0
0.856667 0 0 0 0
0.863333 0 0 0 0
0.87 0 0 0 0
0.876667 0 0 0 0
0.883333 0 0 0 0
0.89 0 0 0 0
0.896667 0 0 0 0
0.903333 0 0 0 0
0.91 0 0 0 0
0.916667 0 0 0 0
0.923333 0 0 0 0
0.93 0 0 0 0
0.936667 0 0 0 0
0.943333 0 0 0 0
0.95 0 0 0 0
0.956667 0 0 0 0
0.963333 0 0 0 0
0.97 0 0 0 0
0.976667 0 0 0 0
0.983333 0 0 0 0
0.99 0 0 0 0
0.996667 0 0 0 0
1.00333 0 0 0 0
1.01 0 0 0 0
1.01667 0 0 0 0
1.02333 0 0 0 0
1.03 0 0 0 0
1.03667 0 0 0 0
1.04333 0 0 0 0
1.05 0 0 0 0
1.05667 0 0 0 0
1.06333 0 0 0 0
1.07 0 0 0 0
1.07667 0 0 0 0
1.08333 0 0 0 0
1.09 0 0 0 0
1.09667 0 0 0 0
1.10333 0 0 0 0
1.11 0 0 0 0
1.11667 0 0 0 0
1.12333 0 0 0 0
1.13 0 0 0 0
1.13667 0 0 0 0
1.14333 0 0 0 0
1.15 0 0 0 0
1.15667 0 0 0 0
1.16333 0 0 0 0
1.17 0 0 0 0
1.17667 0 0 0 0
1.18333 0 0 0 0
1.19 0 0 0 0
1.19667 0 0 0 0
1.20333 0 0 0 0
1.21 0 0 0 0
1.21667 0 0 0 0
1.22333 0 0 0 0
1.23 0 0 0 0
1.23667 0 0 0 0
1.24333 0 0 0 0
1.25 0 0 0 0
1.25667 0 0 0 0
1.26333 0 0 0 0
1.27 0 0 0 0
1.27667 0 0 0 0
1.28333 0 0 0 0
1.29 0 0 0 0
1.29667 0 0 0 0
1.30333 0 0 0 0
1.31 0 0 0 0
1.31667 0 0 0 0
1.32333 0 0 0 0
1.33 0 0 0 0
1.33667 0 0 0 0
1.34333 0 0 0 0
1.35 0 0 0 0
1.35667 0 0 0 0
1.36333 0 0 0 0
1.37 0 0 0 0
1.37667 0 0 0 0
1.38333 0 0 0 0
1.39 0 0 0 0
1.39667 0 0 0 0
1.40333 0 0 0 0
1.41 0 0 0 0
1.41667 0 0 0 0
1.42333 0 0 0 0
1.43 0 0 0 0
1.43667 0 0 0 0
1.44333 0 0 0 0
1.45 0 0 0 0
1.45667 0 0 0 0
1.46333 0 0 0 0
1.47 0 0 0 0
1.47667 0 0 0 0
1.48333 0 0 0 0
1.49 0 0 0 0
1.49667 0 0 0 0
1.50333 0 0 0 0
1.51 0 0 0 0
1.51667 0 0 0 0
1.52333 0 0 0 0
1.53 0 0 0 0
1.53667 0 0 0 0
1.54333 0 0 0 0
1.55 0 0 0 0
1.55667 0 0 0 0
1.56333 0 0 0 0
1.57 0 0 0 0
1.57667 0 0 0 0
1.58333 0 0 0 0
1.59 0 0 0 0
1.59667 0 0 0 0
1.60333 0 0 0 0
1.61 0 0 0 0
1.61667 0 0 0 0
1.62333 0 0 0 0
1.63 0 0 0 0
1.63667 0 0 0 0
1.64333 0 0 0 0
1.65 0 0 0 0
1.65667 0 0 0 0
1.66333 0 0 0 0
1.67 0 0 0 0
1.67667 0 0 0 0
1.68333 0 0 0 0
1.69 0 0 0 0
1.69667 0 0 0 0
1.70333 0 0 0 0
1.71 0 0 0 0
1.71667 0 0 0 0
1.72333 0 0 0 0
1.73 0 0 0 0
1.73667 0 0 0 0
1.74333 0 0 0 0
1.75 0 0 0 0
1.75667 0 0 0 0
1.76333 0 0 0 0
1.77 0 0 0 0
1.77667 0 0 0 0
1.78333 0 0 0 0
1.79 0 0 0 0
1.79667 0 0 0 0
1.80333 0 0 0 0
1.81 0 0 0 0
1.81667 0 0 0 0
1.82333 0 0 0 0
1.83 0 0 0 0
1.83667 0 0 0 0
1.84333 0 0 0 0
1.85 0 0 0 0
1.85667 0 0 0 0
1.86333 0 0 0 0
1.87 0 0 0 0
1.87667 0 0 0 0
1.88333 0 0 0 0
1.89 0 0 0 0
1.89667 0 0 0 0
1.90333 0 0 0 0
1.91 0 0 0 0
1.91667 0 0 0 0
1.92333 0 0 0 0
1.93 0 0 0 0
1.93667 0 0 0 0
1.94333 0 0 0 0
1.95 0 0 0 0
1.95667 0 0 0 0
1.96333 0 0 0 0
1.97 0 0 0 0
1.97667 0 0 0 0
1.98333 0 0 0 0
1.99 0 0 0 0
1.99667 0 0 0 0
