0.00333333 1 28 6 29
0.01 1 38 7 15
0.0166667 1 33 7 17
0.0233333 2 28 8 19
0.03 2 24 6 19
0.0366667 2 37 11 29
0.0433333 3 32 15 24
0.05 3 42 19 29
0.0566667 2 42 12 22
0.0633333 2 40 22 22
0.07 5 61 29 16
0.0766667 3 45 23 27
0.0833333 11 54 22 34
0.09 8 62 22 25
0.0966667 7 53 29 31
0.103333 5 46 28 29
0.11 9 49 16 36
0.116667 4 45 19 41
0.123333 6 41 11 33
0.13 5 55 15 36
0.136667 4 52 17 20
0.143333 2 51 19 33
0.15 2 53 15 30
0.156667 2 47 17 28
0.163333 2 54 15 33
0.17 3 48 15 30
0.176667 3 44 17 31
0.183333 6 31 13 19
0.19 3 56 19 46
0.196667 4 62 8 38
0.203333 3 53 16 38
0.21 2 52 9 43
0.216667 4 52 17 38
0.223333 3 52 8 30
0.23 2 42 12 31
0.236667 1 49 13 39
0.243333 5 47 8 27
0.25 4 62 21 21
0.256667 2 51 12 16
0.263333 4 42 13 21
0.27 3 40 9 29
0.276667 3 39 9 32
0.283333 4 39 10 31
0.29 0 46 14 15
0.296667 4 30 12 33
0.303333 5 30 16 23
0.31 2 44 13 33
0.316667 2 32 9 29
0.323333 2 38 8 24
0.33 2 37 14 30
0.336667 2 33 12 31
0.343333 3 33 10 23
0.35 4 28 8 24
0.356667 1 34 8 29
0.363333 2 30 8 27
0.37 3 35 13 16
0.376667 1 27 13 23
0.383333 0 35 21 24
0.39 1 37 7 24
0.396667 1 30 7 32
0.403333 2 29 8 18
0.41 3 41 5 28
0.416667 3 32 10 25
0.423333 2 37 7 26
0.43 0 27 6 24
0.436667 0 39 6 23
0.443333 4 35 3 20
0.45 2 35 8 24
0.456667 2 43 6 27
0.463333 1 47 8 34
0.47 2 51 10 17
0.476667 4 32 9 18
0.483333 0 17 9 6
0.49 0 7 7 7
0.496667 2 3 9 2
0.503333 2 8 3 8
0.51 0 8 10 9
0.516667 1 10 3 5
0.523333 0 8 2 3
0.53 2 9 5 5
0.536667 0 8 7 3
0.543333 1 10 2 9
0.55 1 5 5 6
0.556667 1 9 7 1
0.563333 2 5 6 1
0.57 0 2 4 4
0.576667 3 8 3 3
0.583333 3 7 8 2
0.59 0 7 3 6
0.596667 0 6 6 1
0.603333 1 4 6 2
0.61 1 0 6 3
0.616667 4 2 4 4
0.623333 4 3 8 4
0.63 2 3 4 3
0.636667 1 12 6 3
0.643333 0 3 6 9
0.65 3 2 6 3
0.656667 1 4 4 0
0.663333 41 2414 153 1479
0.67 0 0 0 0
0.676667 0 0 0 0
0.683333 0 0 0 0
0.69 0 0 0 0
0.696667 0 0 0 0
0.703333 0 0 0 0
0.71 0 0 0 0
0.716667 0 0 0 0
0.723333 0 0 0 0
0.73 0 0 0 0
0.736667 0 0 0 0
0.743333 0 0 0 0
0.75 0 0 0 0
0.756667 0 0 0 0
0.763333 0 0 0 0
0.77 0 0 0 0
0.776667 0 0 0 0
0.783333 0 0 0 0
0.79 0 0 0 0
0.796667 0 0 0 0
0.803333 0 0 0 0
0.81 0 0 0 0
0.816667 0 0 0 0
0.823333 0 0 0 0
0.83 0 0 0 0
0.836667 0 0 0 0
0.843333 0 0 0 0
0.85 0 0 0 0
0.856667 0 0 0 0
0.863333 0 0 0 0
0.87 0 0 0 0
0.876667 0 0 0 0
0.883333 0 0 0 0
0.89 0 0 0 0
0.896667 0 0 0 0
0.903333 0 0 0 0
0.91 0 0 0 0
0.916667 0 0 0 0
0.923333 0 0 0 0
0.93 0 0 0 0
0.936667 0 0 0 0
0.943333 0 0 0 0
0.95 0 0 0 0
0.956667 0 0 0 0
0.963333 0 0 0 0
0.97 0 0 0 0
0.976667 0 0 0 0
0.983333 0 0 0 0
0.99 0 0 0 0
0.996667 0 0 0 0
1.00333 0 0 0 0
1.01 0 0 0 0
1.01667 0 0 0 0
1.02333 0 0 0 0
1.03 0 0 0 0
1.03667 0 0 0 0
1.04333 0 0 0 0
1.05 0 0 0 0
1.05667 0 0 0 0
1.06333 0 0 0 0
1.07 0 0 0 0
1.07667 0 0 0 0
1.08333 0 0 0 0
1.09 0 0 0 0
1.09667 0 0 0 0
1.10333 0 0 0 0
1.11 0 0 0 0
1.11667 0 0 0 0
1.12333 0 0 0 0
1.13 0 0 0 0
1.13667 0 0 0 0
1.14333 0 0 0 0
1.15 0 0 0 0
1.15667 0 0 0 0
1.16333 0 0 0 0
1.17 0 0 0 0
1.17667 0 0 0 0
1.18333 0 0 0 0
1.19 0 0 0 0
1.19667 0 0 0 0
1.20333 0 0 0 0
1.21 0 0 0 0
1.21667 0 0 0 0
1.22333 0 0 0 0
1.23 0 0 0 0
1.23667 0 0 0 0
1.24333 0 0 0 0
1.25 0 0 0 0
1.25667 0 0 0 0
1.26333 0 0 0 0
1.27 0 0 0 0
1.27667 0 0 0 0
1.28333 0 0 0 0
1.29 0 0 0 0
1.29667 0 0 0 0
1.30333 0 0 0 0
1.31 0 0 0 0
1.31667 0 0 0 0
1.32333 0 0 0 0
1.33 0 0 0 0
1.33667 0 0 0 0
1.34333 0 0 0 0
1.35 0 0 0 0
1.35667 0 0 0 0
1.36333 0 0 0 0
1.37 0 0 0 0
1.37667 0 0 0 0
1.38333 0 0 0 0
1.39 0 0 0 0
1.39667 0 0 0 0
1.40333 0 0 0 0
1.41 0 0 0 0
1.41667 0 0 0 0
1.42333 0 0 0 0
1.43 0 0 0 0
1.43667 0 0 0 0
1.44333 0 0 0 0
1.45 0 0 0 0
1.45667 0 0 0 0
1.46333 0 0 0 0
1.47 0 0 0 0
1.47667 0 0 0 0
1.48333 0 0 0 0
1.49 0 0 0 0
1.49667 0 0 0 0
1.50333 0 0 0 0
1.51 0 0 0 0
1.51667 0 0 0 0
1.52333 0 0 0 0
1.53 0 0 0 0
1.53667 0 0 0 0
1.54333 0 0 0 0
1.55 0 0 0 0
1.55667 0 0 0 0
1.56333 0 0 0 0
1.57 0 0 0 0
1.57667 0 0 0 0
1.58333 0 0 0 0
1.59 0 0 0 0
1.59667 0 0 0 0
1.60333 0 0 0 0
1.61 0 0 0 0
1.61667 0 0 0 0
1.62333 0 0 0 0
1.63 0 0 0 0
1.63667 0 0 0 0
1.64333 0 0 0 0
1.65 0 0 0 0
1.65667 0 0 0 0
1.66333 0 0 0 0
1.67 0 0 0 0
1.67667 0 0 0 0
1.68333 0 0 0 0
1.69 0 0 0 0
1.69667 0 0 0 0
1.70333 0 0 0 0
1.71 0 0 0 0
1.71667 0 0 0 0
1.72333 0 0 0 0
1.73 0 0 0 0
1.73667 0 0 0 0
1.74333 0 0 0 0
1.75 0 0 0 0
1.75667 0 0 0 0
1.76333 0 0 0 0
1.77 0 0 0 0
1.77667 0 0 0 0
1.78333 0 0 0 0
1.79 0 0 0 0
1.79667 0 0 0 0
1.80333 0 0 0 0
1.81 0 0 0 0
1.81667 0 0 0 0
1.82333 0 0 0 0
1.83 0 0 0 0
1.83667 0 0 0 0
1.84333 0 0 0 0
1.85 0 0 0 0
1.85667 0 0 0 0
1.86333 0 0 0 0
1.87 0 0 0 0
1.87667 0 0 0 0
1.88333 0 0 0 0
1.89 0 0 0 0
1.89667 0 0 0 0
1.90333 0 0 0 0
1.91 0 0 0 0
1.91667 0 0 0 0
1.92333 0 0 0 0
1.93 0 0 0 0
1.93667 0 0 0 0
1.94333 0 0 0 0
1.95 0 0 0 0
1.95667 0 0 0 0
1.96333 0 0 0 0
1.97 0 0 0 0
1.97667 0 0 0 0
1.98333 0 0 0 0
1.99 0 0 0 0
1.99667 0 0 0 0
