0.00333333 1 60 8 18
0.01 6 61 20 14
0.0166667 7 55 21 15
0.0233333 3 59 19 16
0.03 9 77 21 19
0.0366667 4 76 29 19
0.0433333 11 85 38 21
0.05 16 95 44 30
0.0566667 10 117 46 23
0.0633333 19 125 53 27
0.07 10 134 60 32
0.0766667 11 113 75 31
0.0833333 19 151 62 48
0.09 29 137 59 36
0.0966667 14 130 56 29
0.103333 15 125 56 43
0.11 13 144 53 33
0.116667 16 175 49 41
0.123333 17 142 48 47
0.13 13 144 61 40
0.136667 11 149 42 34
0.143333 12 160 52 44
0.15 7 128 40 40
0.156667 10 143 35 34
0.163333 8 140 48 21
0.17 13 136 36 35
0.176667 10 114 45 30
0.183333 7 168 48 34
0.19 12 195 41 40
0.196667 11 169 36 58
0.203333 2 152 35 37
0.21 12 145 28 29
0.216667 2 122 28 29
0.223333 12 116 36 28
0.23 3 119 27 29
0.236667 6 112 27 31
0.243333 5 115 35 39
0.25 10 114 34 29
0.256667 8 110 33 13
0.263333 6 102 33 31
0.27 4 83 38 19
0.276667 4 86 29 22
0.283333 4 81 23 24
0.29 5 89 36 18
0.296667 9 91 15 18
0.303333 6 71 24 21
0.31 8 85 28 17
0.316667 3 71 17 24
0.323333 6 84 18 21
0.33 5 71 20 24
0.336667 6 61 17 29
0.343333 6 82 26 23
0.35 8 65 27 12
0.356667 2 60 21 20
0.363333 5 70 16 19
0.37 1 63 19 18
0.376667 3 62 14 21
0.383333 6 71 16 14
0.39 3 61 25 15
0.396667 4 71 18 14
0.403333 7 60 26 20
0.41 6 66 23 13
0.416667 5 58 21 24
0.423333 3 58 13 13
0.43 3 64 21 18
0.436667 5 62 22 21
0.443333 1 51 13 10
0.45 4 52 17 13
0.456667 4 53 16 17
0.463333 1 61 11 16
0.47 6 58 23 9
0.476667 5 46 12 10
0.483333 4 26 14 8
0.49 1 30 13 8
0.496667 4 29 17 6
0.503333 3 11 13 16
0.51 3 33 16 9
0.516667 3 30 9 6
0.523333 3 27 14 2
0.53 2 24 9 6
0.536667 4 15 8 9
0.543333 3 19 12 13
0.55 3 17 7 9
0.556667 3 14 12 10
0.563333 4 19 11 7
0.57 3 23 9 10
0.576667 3 24 8 10
0.583333 1 24 8 7
0.59 1 12 5 12
0.596667 1 15 9 4
0.603333 2 25 2 12
0.61 2 10 4 3
0.616667 1 20 10 8
0.623333 1 14 7 7
0.63 5 22 7 13
0.636667 2 19 10 11
0.643333 3 22 5 5
0.65 1 18 7 3
0.656667 1 19 8 6
0.663333 63 2278 256 631
0.67 0 0 0 0
0.676667 0 0 0 0
0.683333 0 0 0 0
0.69 0 0 0 0
0.696667 0 0 0 0
0.703333 0 0 0 0
0.71 0 0 0 0
0.716667 0 0 0 0
0.723333 0 0 0 0
0.73 0 0 0 0
0.736667 0 0 0 0
0.743333 0 0 0 0
0.75 0 0 0 0
0.756667 0 0 0 0
0.763333 0 0 0 0
0.77 0 0 0 0
0.776667 0 0 0 0
0.783333 0 0 0 0
0.79 0 0 0 0
0.796667 0 0 0 0
0.803333 0 0 0 0
0.81 0 0 0 0
0.816667 0 0 0 0
0.823333 0 0 0 0
0.83 0 0 0 0
0.836667 0 0 0 0
0.843333 0 0 0 0
0.85 0 0 0 0
0.856667 0 0 0 0
0.863333 0 0 0 0
0.87 0 0 0 0
0.876667 0 0 0 0
0.883333 0 0 0 0
0.89 0 0 0 0
0.896667 0 0 0 0
0.903333 0 0 0 0
0.91 0 0 0 0
0.916667 0 0 0 0
0.923333 0 0 0 0
0.93 0 0 0 0
0.936667 0 0 0 0
0.943333 0 0 0 0
0.95 0 0 0 0
0.956667 0 0 0 0
0.963333 0 0 0 0
0.97 0 0 0 0
0.976667 0 0 0 0
0.983333 0 0 0 0
0.99 0 0 0 0
0.996667 0 0 0 0
1.00333 0 0 0 0
1.01 0 0 0 0
1.01667 0 0 0 0
1.02333 0 0 0 0
1.03 0 0 0 0
1.03667 0 0 0 0
1.04333 0 0 0 0
1.05 0 0 0 0
1.05667 0 0 0 0
1.06333 0 0 0 0
1.07 0 0 0 0
1.07667 0 0 0 0
1.08333 0 0 0 0
1.09 0 0 0 0
1.09667 0 0 0 0
1.10333 0 0 0 0
1.11 0 0 0 0
1.11667 0 0 0 0
1.12333 0 0 0 0
1.13 0 0 0 0
1.13667 0 0 0 0
1.14333 0 0 0 0
1.15 0 0 0 0
1.15667 0 0 0 0
1.16333 0 0 0 0
1.17 0 0 0 0
1.17667 0 0 0 0
1.18333 0 0 0 0
1.19 0 0 0 0
1.19667 0 0 0 0
1.20333 0 0 0 0
1.21 0 0 0 0
1.21667 0 0 0 0
1.22333 0 0 0 0
1.23 0 0 0 0
1.23667 0 0 0 0
1.24333 0 0 0 0
1.25 0 0 0 0
1.25667 0 0 0 0
1.26333 0 0 0 0
1.27 0 0 0 0
1.27667 0 0 0 0
1.28333 0 0 0 0
1.29 0 0 0 0
1.29667 0 0 0 0
1.30333 0 0 0 0
1.31 0 0 0 0
1.31667 0 0 0 0
1.32333 0 0 0 0
1.33 0 0 0 0
1.33667 0 0 0 0
1.34333 0 0 0 0
1.35 0 0 0 0
1.35667 0 0 0 0
1.36333 0 0 0 0
1.37 0 0 0 0
1.37667 0 0 0 0
1.38333 0 0 0 0
1.39 0 0 0 0
1.39667 0 0 0 0
1.40333 0 0 0 0
1.41 0 0 0 0
1.41667 0 0 0 0
1.42333 0 0 0 0
1.43 0 0 0 0
1.43667 0 0 0 0
1.44333 0 0 0 0
1.45 0 0 0 0
1.45667 0 0 0 0
1.46333 0 0 0 0
1.47 0 0 0 0
1.47667 0 0 0 0
1.48333 0 0 0 0
1.49 0 0 0 0
1.49667 0 0 0 0
1.50333 0 0 0 0
1.51 0 0 0 0
1.51667 0 0 0 0
1.52333 0 0 0 0
1.53 0 0 0 0
1.53667 0 0 0 0
1.54333 0 0 0 0
1.55 0 0 0 0
1.55667 0 0 0 0
1.56333 0 0 0 0
1.57 0 0 0 0
1.57667 0 0 0 0
1.58333 0 0 0 0
1.59 0 0 0 0
1.59667 0 0 0 0
1.60333 0 0 0 0
1.61 0 0 0 0
1.61667 0 0 0 0
1.62333 0 0 0 0
1.63 0 0 0 0
1.63667 0 0 0 0
1.64333 0 0 0 0
1.65 0 0 0 0
1.65667 0 0 0 0
1.66333 0 0 0 0
1.67 0 0 0 0
1.67667 0 0 0 0
1.68333 0 0 0 0
1.69 0 0 0 0
1.69667 0 0 0 0
1.70333 0 0 0 0
1.71 0 0 0 0
1.71667 0 0 0 0
1.72333 0 0 0 0
1.73 0 0 0 0
1.73667 0 0 0 0
1.74333 0 0 0 0
1.75 0 0 0 0
1.75667 0 0 0 0
1.76333 0 0 0 0
1.77 0 0 0 0
1.77667 0 0 0 0
1.78333 0 0 0 0
1.79 0 0 0 0
1.79667 0 0 0 0
1.80333 0 0 0 0
1.81 0 0 0 0
1.81667 0 0 0 0
1.82333 0 0 0 0
1.83 0 0 0 0
1.83667 0 0 0 0
1.84333 0 0 0 0
1.85 0 0 0 0
1.85667 0 0 0 0
1.86333 0 0 0 0
1.87 0 0 0 0
1.87667 0 0 0 0
1.88333 0 0 0 0
1.89 0 0 0 0
1.89667 0 0 0 0
1.90333 0 0 0 0
1.91 0 0 0 0
1.91667 0 0 0 0
1.92333 0 0 0 0
1.93 0 0 0 0
1.93667 0 0 0 0
1.94333 0 0 0 0
1.95 0 0 0 0
1.95667 0 0 0 0
1.96333 0 0 0 0
1.97 0 0 0 0
1.97667 0 0 0 0
1.98333 0 0 0 0
1.99 0 0 0 0
1.99667 0 0 0 0
