0.00333333 51 38 1 1
0.01 46 43 3 0
0.0166667 59 48 2 3
0.0233333 58 54 4 0
0.03 75 55 3 2
0.0366667 77 61 6 3
0.0433333 128 86 1 0
0.05 167 105 7 0
0.0566667 192 148 10 3
0.0633333 184 147 13 3
0.07 175 168 9 3
0.0766667 187 163 7 2
0.0833333 209 176 11 1
0.09 204 177 11 2
0.0966667 208 173 6 1
0.103333 178 198 5 1
0.11 168 179 11 4
0.116667 229 180 7 0
0.123333 187 188 4 6
0.13 145 173 11 5
0.136667 206 149 8 1
0.143333 151 175 8 1
0.15 160 142 9 2
0.156667 138 152 8 3
0.163333 142 126 3 4
0.17 170 115 6 1
0.176667 147 156 12 3
0.183333 136 122 9 4
0.19 147 135 6 4
0.196667 157 129 2 3
0.203333 124 142 6 3
0.21 152 122 6 2
0.216667 116 137 7 1
0.223333 110 103 6 2
0.23 121 94 1 1
0.236667 98 104 7 5
0.243333 117 94 4 7
0.25 107 88 1 4
0.256667 96 86 3 1
0.263333 80 80 5 1
0.27 85 82 11 2
0.276667 86 85 2 4
0.283333 99 80 5 1
0.29 101 71 4 2
0.296667 79 77 1 1
0.303333 92 82 5 1
0.31 71 62 3 0
0.316667 53 70 2 0
0.323333 75 66 0 1
0.33 83 59 3 0
0.336667 79 64 2 1
0.343333 62 70 1 4
0.35 58 73 3 1
0.356667 76 58 1 1
0.363333 56 55 0 2
0.37 66 55 3 2
0.376667 55 71 6 0
0.383333 66 52 2 0
0.39 62 44 7 0
0.396667 58 56 3 2
0.403333 60 61 0 2
0.41 54 41 2 1
0.416667 49 41 4 1
0.423333 70 37 4 0
0.43 56 49 3 0
0.436667 54 42 6 0
0.443333 65 48 1 3
0.45 55 49 0 2
0.456667 49 51 5 0
0.463333 50 39 2 0
0.47 52 51 3 1
0.476667 43 30 4 1
0.483333 38 37 3 2
0.49 38 34 4 0
0.496667 35 34 0 1
0.503333 31 32 2 0
0.51 29 33 1 0
0.516667 37 18 0 0
0.523333 24 28 2 1
0.53 24 29 0 1
0.536667 25 30 2 0
0.543333 38 29 2 1
0.55 23 34 2 2
0.556667 20 27 2 1
0.563333 23 29 2 0
0.57 25 18 0 1
0.576667 24 26 4 0
0.583333 31 24 4 1
0.59 25 28 3 1
0.596667 29 21 2 1
0.603333 24 19 4 0
0.61 19 19 3 0
0.616667 28 27 1 1
0.623333 27 26 4 0
0.63 30 19 6 0
0.636667 24 25 2 1
0.643333 23 17 2 2
0.65 17 15 3 1
0.656667 22 18 1 1
0.663333 1347 1272 27 13
0.67 0 0 0 0
0.676667 0 0 0 0
0.683333 0 0 0 0
0.69 0 0 0 0
0.696667 0 0 0 0
0.703333 0 0 0 0
0.71 0 0 0 0
0.716667 0 0 0 0
0.723333 0 0 0 0
0.73 0 0 0 0
0.736667 0 0 0 0
0.743333 0 0 0 0
0.75 0 0 0 0
0.756667 0 0 0 0
0.763333 0 0 0 0
0.77 0 0 0 0
0.776667 0 0 0 0
0.783333 0 0 0 0
0.79 0 0 0 0
0.796667 0 0 0 0
0.803333 0 0 0 0
0.81 0 0 0 0
0.816667 0 0 0 0
0.823333 0 0 0 0
0.83 0 0 0 0
0.836667 0 0 0 0
0.843333 0 0 0 0
0.85 0 0 0 0
0.856667 0 0 0 0
0.863333 0 0 0 0
0.87 0 0 0 0
0.876667 0 0 0 0
0.883333 0 0 0 0
0.89 0 0 0 0
0.896667 0 0 0 0
0.903333 0 0 0 0
0.91 0 0 0 0
0.916667 0 0 0 0
0.923333 0 0 0 0
0.93 0 0 0 0
0.936667 0 0 0 0
0.943333 0 0 0 0
0.95 0 0 0 0
0.956667 0 0 0 0
0.963333 0 0 0 0
0.97 0 0 0 0
0.976667 0 0 0 0
0.983333 0 0 0 0
0.99 0 0 0 0
0.996667 0 0 0 0
1.00333 0 0 0 0
1.01 0 0 0 0
1.01667 0 0 0 0
1.02333 0 0 0 0
1.03 0 0 0 0
1.03667 0 0 0 0
1.04333 0 0 0 0
1.05 0 0 0 0
1.05667 0 0 0 0
1.06333 0 0 0 0
1.07 0 0 0 0
1.07667 0 0 0 0
1.08333 0 0 0 0
1.09 0 0 0 0
1.09667 0 0 0 0
1.10333 0 0 0 0
1.11 0 0 0 0
1.11667 0 0 0 0
1.12333 0 0 0 0
1.13 0 0 0 0
1.13667 0 0 0 0
1.14333 0 0 0 0
1.15 0 0 0 0
1.15667 0 0 0 0
1.16333 0 0 0 0
1.17 0 0 0 0
1.17667 0 0 0 0
1.18333 0 0 0 0
1.19 0 0 0 0
1.19667 0 0 0 0
1.20333 0 0 0 0
1.21 0 0 0 0
1.21667 0 0 0 0
1.22333 0 0 0 0
1.23 0 0 0 0
1.23667 0 0 0 0
1.24333 0 0 0 0
1.25 0 0 0 0
1.25667 0 0 0 0
1.26333 0 0 0 0
1.27 0 0 0 0
1.27667 0 0 0 0
1.28333 0 0 0 0
1.29 0 0 0 0
1.29667 0 0 0 0
1.30333 0 0 0 0
1.31 0 0 0 0
1.31667 0 0 0 0
1.32333 0 0 0 0
1.33 0 0 0 0
1.33667 0 0 0 0
1.34333 0 0 0 0
1.35 0 0 0 0
1.35667 0 0 0 0
1.36333 0 0 0 0
1.37 0 0 0 0
1.37667 0 0 0 0
1.38333 0 0 0 0
1.39 0 0 0 0
1.39667 0 0 0 0
1.40333 0 0 0 0
1.41 0 0 0 0
1.41667 0 0 0 0
1.42333 0 0 0 0
1.43 0 0 0 0
1.43667 0 0 0 0
1.44333 0 0 0 0
1.45 0 0 0 0
1.45667 0 0 0 0
1.46333 0 0 0 0
1.47 0 0 0 0
1.47667 0 0 0 0
1.48333 0 0 0 0
1.49 0 0 0 0
1.49667 0 0 0 0
1.50333 0 0 0 0
1.51 0 0 0 0
1.51667 0 0 0 0
1.52333 0 0 0 0
1.53 0 0 0 0
1.53667 0 0 0 0
1.54333 0 0 0 0
1.55 0 0 0 0
1.55667 0 0 0 0
1.56333 0 0 0 0
1.57 0 0 0 0
1.57667 0 0 0 0
1.58333 0 0 0 0
1.59 0 0 0 0
1.59667 0 0 0 0
1.60333 0 0 0 0
1.61 0 0 0 0
1.61667 0 0 0 0
1.62333 0 0 0 0
1.63 0 0 0 0
1.63667 0 0 0 0
1.64333 0 0 0 0
1.65 0 0 0 0
1.65667 0 0 0 0
1.66333 0 0 0 0
1.67 0 0 0 0
1.67667 0 0 0 0
1.68333 0 0 0 0
1.69 0 0 0 0
1.69667 0 0 0 0
1.70333 0 0 0 0
1.71 0 0 0 0
1.71667 0 0 0 0
1.72333 0 0 0 0
1.73 0 0 0 0
1.73667 0 0 0 0
1.74333 0 0 0 0
1.75 0 0 0 0
1.75667 0 0 0 0
1.76333 0 0 0 0
1.77 0 0 0 0
1.77667 0 0 0 0
1.78333 0 0 0 0
1.79 0 0 0 0
1.79667 0 0 0 0
1.80333 0 0 0 0
1.81 0 0 0 0
1.81667 0 0 0 0
1.82333 0 0 0 0
1.83 0 0 0 0
1.83667 0 0 0 0
1.84333 0 0 0 0
1.85 0 0 0 0
1.85667 0 0 0 0
1.86333 0 0 0 0
1.87 0 0 0 0
1.87667 0 0 0 0
1.88333 0 0 0 0
1.89 0 0 0 0
1.89667 0 0 0 0
1.90333 0 0 0 0
1.91 0 0 0 0
1.91667 0 0 0 0
1.92333 0 0 0 0
1.93 0 0 0 0
1.93667 0 0 0 0
1.94333 0 0 0 0
1.95 0 0 0 0
1.95667 0 0 0 0
1.96333 0 0 0 0
1.97 0 0 0 0
1.97667 0 0 0 0
1.98333 0 0 0 0
1.99 0 0 0 0
1.99667 0 0 0 0
