0.00333333 5 37 5 12
0.01 6 43 10 8
0.0166667 7 39 18 15
0.0233333 5 41 13 15
0.03 3 37 14 14
0.0366667 5 42 16 21
0.0433333 6 34 15 14
0.05 7 39 18 16
0.0566667 14 62 26 24
0.0633333 4 47 25 20
0.07 10 46 26 16
0.0766667 10 52 23 17
0.0833333 12 58 32 17
0.09 12 45 23 14
0.0966667 9 48 28 23
0.103333 11 55 20 16
0.11 13 59 31 22
0.116667 9 61 37 19
0.123333 8 49 21 22
0.13 7 52 35 23
0.136667 10 56 20 10
0.143333 2 55 29 15
0.15 10 50 26 20
0.156667 5 52 19 20
0.163333 9 56 21 22
0.17 9 41 16 14
0.176667 5 54 15 15
0.183333 4 56 19 15
0.19 5 56 26 21
0.196667 13 63 20 14
0.203333 7 55 17 27
0.21 6 66 17 17
0.216667 7 51 18 20
0.223333 7 50 30 21
0.23 10 54 17 22
0.236667 5 49 10 22
0.243333 7 51 11 14
0.25 5 59 20 22
0.256667 7 61 15 24
0.263333 4 60 14 16
0.27 4 63 12 21
0.276667 4 49 16 13
0.283333 4 48 14 15
0.29 8 47 12 17
0.296667 5 42 17 23
0.303333 6 48 16 20
0.31 10 47 19 24
0.316667 6 45 16 20
0.323333 4 39 5 18
0.33 1 38 18 16
0.336667 5 38 17 11
0.343333 5 46 11 13
0.35 5 48 13 16
0.356667 9 26 20 19
0.363333 5 44 9 22
0.37 7 34 17 20
0.376667 2 53 19 22
0.383333 2 27 13 14
0.39 3 25 18 14
0.396667 2 46 13 18
0.403333 7 46 9 16
0.41 7 46 10 14
0.416667 4 46 15 17
0.423333 7 37 11 11
0.43 3 42 20 18
0.436667 2 42 16 13
0.443333 9 39 18 19
0.45 3 49 9 19
0.456667 1 59 14 14
0.463333 3 36 13 20
0.47 8 48 18 18
0.476667 3 26 13 9
0.483333 5 25 2 6
0.49 6 12 3 7
0.496667 3 18 7 6
0.503333 1 21 5 7
0.51 4 15 14 6
0.516667 3 9 7 1
0.523333 2 10 7 9
0.53 3 7 6 9
0.536667 3 10 12 7
0.543333 1 6 7 5
0.55 5 5 7 6
0.556667 0 13 6 3
0.563333 1 6 5 2
0.57 7 5 5 3
0.576667 3 8 4 5
0.583333 3 7 8 5
0.59 2 4 7 1
0.596667 1 5 5 1
0.603333 5 6 5 3
0.61 3 4 8 4
0.616667 5 0 7 2
0.623333 3 6 9 3
0.63 3 9 10 2
0.636667 2 14 9 4
0.643333 5 4 9 2
0.65 3 1 9 1
0.656667 1 4 3 4
0.663333 151 2644 426 979
0.67 0 0 0 0
0.676667 0 0 0 0
0.683333 0 0 0 0
0.69 0 0 0 0
0.696667 0 0 0 0
0.703333 0 0 0 0
0.71 0 0 0 0
0.716667 0 0 0 0
0.723333 0 0 0 0
0.73 0 0 0 0
0.736667 0 0 0 0
0.743333 0 0 0 0
0.75 0 0 0 0
0.756667 0 0 0 0
0.763333 0 0 0 0
0.77 0 0 0 0
0.776667 0 0 0 0
0.783333 0 0 0 0
0.79 0 0 0 0
0.796667 0 0 0 0
0.803333 0 0 0 0
0.81 0 0 0 0
0.816667 0 0 0 0
0.823333 0 0 0 0
0.83 0 0 0 0
0.836667 0 0 0 0
0.843333 0 0 0 0
0.85 0 0 0 0
0.856667 0 0 0 0
0.863333 0 0 0 0
0.87 0 0 0 0
0.876667 0 0 0 0
0.883333 0 0 0 0
0.89 0 0 0 0
0.896667 0 0 0 0
0.903333 0 0 0 0
0.91 0 0 0 0
0.916667 0 0 0 0
0.923333 0 0 0 0
0.93 0 0 0 0
0.936667 0 0 0 0
0.943333 0 0 0 0
0.95 0 0 0 0
0.956667 0 0 0 0
0.963333 0 0 0 0
0.97 0 0 0 0
0.976667 0 0 0 0
0.983333 0 0 0 0
0.99 0 0 0 0
0.996667 0 0 0 0
1.00333 0 0 0 0
1.01 0 0 0 0
1.01667 0 0 0 0
1.02333 0 0 0 0
1.03 0 0 0 0
1.03667 0 0 0 0
1.04333 0 0 0 0
1.05 0 0 0 0
1.05667 0 0 0 0
1.06333 0 0 0 0
1.07 0 0 0 0
1.07667 0 0 0 0
1.08333 0 0 0 0
1.09 0 0 0 0
1.09667 0 0 0 0
1.10333 0 0 0 0
1.11 0 0 0 0
1.11667 0 0 0 0
1.12333 0 0 0 0
1.13 0 0 0 0
1.13667 0 0 0 0
1.14333 0 0 0 0
1.15 0 0 0 0
1.15667 0 0 0 0
1.16333 0 0 0 0
1.17 0 0 0 0
1.17667 0 0 0 0
1.18333 0 0 0 0
1.19 0 0 0 0
1.19667 0 0 0 0
1.20333 0 0 0 0
1.21 0 0 0 0
1.21667 0 0 0 0
1.22333 0 0 0 0
1.23 0 0 0 0
1.23667 0 0 0 0
1.24333 0 0 0 0
1.25 0 0 0 0
1.25667 0 0 0 0
1.26333 0 0 0 0
1.27 0 0 0 0
1.27667 0 0 0 0
1.28333 0 0 0 0
1.29 0 0 0 0
1.29667 0 0 0 0
1.30333 0 0 0 0
1.31 0 0 0 0
1.31667 0 0 0 0
1.32333 0 0 0 0
1.33 0 0 0 0
1.33667 0 0 0 0
1.34333 0 0 0 0
1.35 0 0 0 0
1.35667 0 0 0 0
1.36333 0 0 0 0
1.37 0 0 0 0
1.37667 0 0 0 0
1.38333 0 0 0 0
1.39 0 0 0 0
1.39667 0 0 0 0
1.40333 0 0 0 0
1.41 0 0 0 0
1.41667 0 0 0 0
1.42333 0 0 0 0
1.43 0 0 0 0
1.43667 0 0 0 0
1.44333 0 0 0 0
1.45 0 0 0 0
1.45667 0 0 0 0
1.46333 0 0 0 0
1.47 0 0 0 0
1.47667 0 0 0 0
1.48333 0 0 0 0
1.49 0 0 0 0
1.49667 0 0 0 0
1.50333 0 0 0 0
1.51 0 0 0 0
1.51667 0 0 0 0
1.52333 0 0 0 0
1.53 0 0 0 0
1.53667 0 0 0 0
1.54333 0 0 0 0
1.55 0 0 0 0
1.55667 0 0 0 0
1.56333 0 0 0 0
1.57 0 0 0 0
1.57667 0 0 0 0
1.58333 0 0 0 0
1.59 0 0 0 0
1.59667 0 0 0 0
1.60333 0 0 0 0
1.61 0 0 0 0
1.61667 0 0 0 0
1.62333 0 0 0 0
1.63 0 0 0 0
1.63667 0 0 0 0
1.64333 0 0 0 0
1.65 0 0 0 0
1.65667 0 0 0 0
1.66333 0 0 0 0
1.67 0 0 0 0
1.67667 0 0 0 0
1.68333 0 0 0 0
1.69 0 0 0 0
1.69667 0 0 0 0
1.70333 0 0 0 0
1.71 0 0 0 0
1.71667 0 0 0 0
1.72333 0 0 0 0
1.73 0 0 0 0
1.73667 0 0 0 0
1.74333 0 0 0 0
1.75 0 0 0 0
1.75667 0 0 0 0
1.76333 0 0 0 0
1.77 0 0 0 0
1.77667 0 0 0 0
1.78333 0 0 0 0
1.79 0 0 0 0
1.79667 0 0 0 0
1.80333 0 0 0 0
1.81 0 0 0 0
1.81667 0 0 0 0
1.82333 0 0 0 0
1.83 0 0 0 0
1.83667 0 0 0 0
1.84333 0 0 0 0
1.85 0 0 0 0
1.85667 0 0 0 0
1.86333 0 0 0 0
1.87 0 0 0 0
1.87667 0 0 0 0
1.88333 0 0 0 0
1.89 0 0 0 0
1.89667 0 0 0 0
1.90333 0 0 0 0
1.91 0 0 0 0
1.91667 0 0 0 0
1.92333 0 0 0 0
1.93 0 0 0 0
1.93667 0 0 0 0
1.94333 0 0 0 0
1.95 0 0 0 0
1.95667 0 0 0 0
1.96333 0 0 0 0
1.97 0 0 0 0
1.97667 0 0 0 0
1.98333 0 0 0 0
1.99 0 0 0 0
1.99667 0 0 0 0
