0.00333333 0 15 13 37
0.01 2 21 16 37
0.0166667 1 15 24 32
0.0233333 2 24 18 40
0.03 2 13 20 41
0.0366667 1 13 26 47
0.0433333 2 21 35 48
0.05 3 33 47 50
0.0566667 2 34 55 63
0.0633333 3 26 63 75
0.07 4 28 54 70
0.0766667 4 27 63 64
0.0833333 4 25 61 75
0.09 1 38 51 79
0.0966667 1 36 58 73
0.103333 2 34 61 72
0.11 2 32 68 77
0.116667 2 36 66 80
0.123333 2 36 43 64
0.13 3 28 43 88
0.136667 3 41 42 77
0.143333 4 28 45 66
0.15 1 35 40 74
0.156667 4 38 41 78
0.163333 1 27 39 73
0.17 3 26 43 83
0.176667 0 35 36 78
0.183333 1 31 38 79
0.19 4 42 41 110
0.196667 3 44 30 87
0.203333 1 36 31 86
0.21 3 49 40 78
0.216667 3 32 34 89
0.223333 3 44 35 80
0.23 1 36 36 79
0.236667 4 24 38 68
0.243333 4 15 28 70
0.25 1 32 36 87
0.256667 1 28 36 66
0.263333 1 26 30 66
0.27 0 24 32 61
0.276667 2 19 25 51
0.283333 2 26 27 67
0.29 0 30 38 57
0.296667 3 28 30 56
0.303333 1 26 27 57
0.31 2 25 22 60
0.316667 0 28 14 55
0.323333 0 25 20 47
0.33 1 29 22 43
0.336667 1 16 27 35
0.343333 1 25 23 49
0.35 1 22 28 41
0.356667 2 29 22 47
0.363333 2 20 15 47
0.37 2 17 19 54
0.376667 0 16 20 46
0.383333 1 21 18 43
0.39 1 25 17 44
0.396667 0 27 13 47
0.403333 0 27 25 29
0.41 3 21 23 43
0.416667 3 21 27 45
0.423333 2 16 12 56
0.43 5 23 12 44
0.436667 0 25 14 49
0.443333 2 22 21 71
0.45 0 33 17 38
0.456667 1 27 15 46
0.463333 0 20 16 40
0.47 2 25 12 62
0.476667 0 16 11 43
0.483333 1 15 12 22
0.49 1 14 11 21
0.496667 0 8 14 24
0.503333 3 18 12 27
0.51 0 14 15 19
0.516667 0 9 10 28
0.523333 2 9 11 24
0.53 1 7 11 30
0.536667 4 10 15 19
0.543333 0 9 10 11
0.55 0 6 9 18
0.556667 0 9 12 17
0.563333 2 7 13 16
0.57 1 10 18 16
0.576667 1 11 13 16
0.583333 0 10 16 30
0.59 0 10 13 11
0.596667 1 10 5 18
0.603333 0 9 7 7
0.61 0 2 13 13
0.616667 1 4 10 12
0.623333 1 8 8 12
0.63 0 8 9 16
0.636667 3 13 8 12
0.643333 2 6 5 12
0.65 1 5 16 9
0.656667 0 9 11 13
0.663333 8 898 356 2066
0.67 0 0 0 0
0.676667 0 0 0 0
0.683333 0 0 0 0
0.69 0 0 0 0
0.696667 0 0 0 0
0.703333 0 0 0 0
0.71 0 0 0 0
0.716667 0 0 0 0
0.723333 0 0 0 0
0.73 0 0 0 0
0.736667 0 0 0 0
0.743333 0 0 0 0
0.75 0 0 0 0
0.756667 0 0 0 0
0.763333 0 0 0 0
0.77 0 0 0 0
0.776667 0 0 0 0
0.783333 0 0 0 0
0.79 0 0 0 0
0.796667 0 0 0 0
0.803333 0 0 0 0
0.81 0 0 0 0
0.816667 0 0 0 0
0.823333 0 0 0 0
0.83 0 0 0 0
0.836667 0 0 0 0
0.843333 0 0 0 0
0.85 0 0 0 0
0.856667 0 0 0 0
0.863333 0 0 0 0
0.87 0 0 0 0
0.876667 0 0 0 0
0.883333 0 0 0 0
0.89 0 0 0 0
0.896667 0 0 0 0
0.903333 0 0 0 0
0.91 0 0 0 0
0.916667 0 0 0 0
0.923333 0 0 0 0
0.93 0 0 0 0
0.936667 0 0 0 0
0.943333 0 0 0 0
0.95 0 0 0 0
0.956667 0 0 0 0
0.963333 0 0 0 0
0.97 0 0 0 0
0.976667 0 0 0 0
0.983333 0 0 0 0
0.99 0 0 0 0
0.996667 0 0 0 0
1.00333 0 0 0 0
1.01 0 0 0 0
1.01667 0 0 0 0
1.02333 0 0 0 0
1.03 0 0 0 0
1.03667 0 0 0 0
1.04333 0 0 0 0
1.05 0 0 0 0
1.05667 0 0 0 0
1.06333 0 0 0 0
1.07 0 0 0 0
1.07667 0 0 0 0
1.08333 0 0 0 0
1.09 0 0 0 0
1.09667 0 0 0 0
1.10333 0 0 0 0
1.11 0 0 0 0
1.11667 0 0 0 0
1.12333 0 0 0 0
1.13 0 0 0 0
1.13667 0 0 0 0
1.14333 0 0 0 0
1.15 0 0 0 0
1.15667 0 0 0 0
1.16333 0 0 0 0
1.17 0 0 0 0
1.17667 0 0 0 0
1.18333 0 0 0 0
1.19 0 0 0 0
1.19667 0 0 0 0
1.20333 0 0 0 0
1.21 0 0 0 0
1.21667 0 0 0 0
1.22333 0 0 0 0
1.23 0 0 0 0
1.23667 0 0 0 0
1.24333 0 0 0 0
1.25 0 0 0 0
1.25667 0 0 0 0
1.26333 0 0 0 0
1.27 0 0 0 0
1.27667 0 0 0 0
1.28333 0 0 0 0
1.29 0 0 0 0
1.29667 0 0 0 0
1.30333 0 0 0 0
1.31 0 0 0 0
1.31667 0 0 0 0
1.32333 0 0 0 0
1.33 0 0 0 0
1.33667 0 0 0 0
1.34333 0 0 0 0
1.35 0 0 0 0
1.35667 0 0 0 0
1.36333 0 0 0 0
1.37 0 0 0 0
1.37667 0 0 0 0
1.38333 0 0 0 0
1.39 0 0 0 0
1.39667 0 0 0 0
1.40333 0 0 0 0
1.41 0 0 0 0
1.41667 0 0 0 0
1.42333 0 0 0 0
1.43 0 0 0 0
1.43667 0 0 0 0
1.44333 0 0 0 0
1.45 0 0 0 0
1.45667 0 0 0 0
1.46333 0 0 0 0
1.47 0 0 0 0
1.47667 0 0 0 0
1.48333 0 0 0 0
1.49 0 0 0 0
1.49667 0 0 0 0
1.50333 0 0 0 0
1.51 0 0 0 0
1.51667 0 0 0 0
1.52333 0 0 0 0
1.53 0 0 0 0
1.53667 0 0 0 0
1.54333 0 0 0 0
1.55 0 0 0 0
1.55667 0 0 0 0
1.56333 0 0 0 0
1.57 0 0 0 0
1.57667 0 0 0 0
1.58333 0 0 0 0
1.59 0 0 0 0
1.59667 0 0 0 0
1.60333 0 0 0 0
1.61 0 0 0 0
1.61667 0 0 0 0
1.62333 0 0 0 0
1.63 0 0 0 0
1.63667 0 0 0 0
1.64333 0 0 0 0
1.65 0 0 0 0
1.65667 0 0 0 0
1.66333 0 0 0 0
1.67 0 0 0 0
1.67667 0 0 0 0
1.68333 0 0 0 0
1.69 0 0 0 0
1.69667 0 0 0 0
1.70333 0 0 0 0
1.71 0 0 0 0
1.71667 0 0 0 0
1.72333 0 0 0 0
1.73 0 0 0 0
1.73667 0 0 0 0
1.74333 0 0 0 0
1.75 0 0 0 0
1.75667 0 0 0 0
1.76333 0 0 0 0
1.77 0 0 0 0
1.77667 0 0 0 0
1.78333 0 0 0 0
1.79 0 0 0 0
1.79667 0 0 0 0
1.80333 0 0 0 0
1.81 0 0 0 0
1.81667 0 0 0 0
1.82333 0 0 0 0
1.83 0 0 0 0
1.83667 0 0 0 0
1.84333 0 0 0 0
1.85 0 0 0 0
1.85667 0 0 0 0
1.86333 0 0 0 0
1.87 0 0 0 0
1.87667 0 0 0 0
1.88333 0 0 0 0
1.89 0 0 0 0
1.89667 0 0 0 0
1.90333 0 0 0 0
1.91 0 0 0 0
1.91667 0 0 0 0
1.92333 0 0 0 0
1.93 0 0 0 0
1.93667 0 0 0 0
1.94333 0 0 0 0
1.95 0 0 0 0
1.95667 0 0 0 0
1.96333 0 0 0 0
1.97 0 0 0 0
1.97667 0 0 0 0
1.98333 0 0 0 0
1.99 0 0 0 0
1.99667 0 0 0 0
