0.00333333 1 23 12 28
0.01 4 16 17 27
0.0166667 0 20 18 32
0.0233333 4 23 9 30
0.03 2 17 20 32
0.0366667 0 25 30 38
0.0433333 3 30 35 40
0.05 3 37 34 52
0.0566667 1 26 42 49
0.0633333 4 32 57 60
0.07 3 41 48 63
0.0766667 5 29 67 41
0.0833333 2 42 52 52
0.09 1 44 63 52
0.0966667 3 39 57 55
0.103333 3 41 52 60
0.11 3 42 53 57
0.116667 2 45 60 75
0.123333 4 44 48 52
0.13 5 44 54 76
0.136667 3 36 40 54
0.143333 4 35 46 45
0.15 3 32 45 55
0.156667 5 46 51 64
0.163333 2 33 43 56
0.17 2 40 44 68
0.176667 0 43 37 70
0.183333 1 44 41 75
0.19 4 49 33 87
0.196667 5 46 31 71
0.203333 2 39 32 78
0.21 3 55 40 52
0.216667 5 40 33 75
0.223333 3 46 41 64
0.23 3 46 28 64
0.236667 4 34 30 62
0.243333 4 26 26 58
0.25 0 35 31 67
0.256667 1 33 21 48
0.263333 0 30 37 50
0.27 1 24 26 48
0.276667 1 27 26 38
0.283333 1 28 34 44
0.29 1 33 33 42
0.296667 4 31 36 51
0.303333 0 37 21 42
0.31 2 37 33 45
0.316667 1 25 17 48
0.323333 1 30 22 41
0.33 3 41 21 31
0.336667 2 33 26 31
0.343333 0 27 17 42
0.35 0 25 22 38
0.356667 3 23 23 49
0.363333 2 24 20 40
0.37 3 19 24 37
0.376667 0 18 21 33
0.383333 1 23 18 34
0.39 2 30 15 33
0.396667 0 28 20 43
0.403333 0 14 23 24
0.41 3 27 15 37
0.416667 2 24 27 35
0.423333 1 20 11 37
0.43 4 20 14 45
0.436667 0 25 17 32
0.443333 2 24 15 44
0.45 0 40 20 33
0.456667 0 28 17 35
0.463333 0 23 18 41
0.47 3 29 15 35
0.476667 0 23 14 23
0.483333 2 14 10 20
0.49 1 12 9 17
0.496667 0 10 14 27
0.503333 3 17 11 27
0.51 0 12 14 15
0.516667 0 10 13 20
0.523333 3 7 7 17
0.53 1 8 12 18
0.536667 4 11 14 11
0.543333 1 12 8 12
0.55 0 14 12 19
0.556667 1 6 11 12
0.563333 3 9 13 16
0.57 1 10 14 17
0.576667 2 14 9 13
0.583333 2 11 14 25
0.59 0 6 11 10
0.596667 1 13 6 15
0.603333 0 8 12 5
0.61 1 6 10 11
0.616667 1 10 11 9
0.623333 1 9 9 11
0.63 1 11 13 13
0.636667 1 12 11 17
0.643333 2 10 3 14
0.65 2 8 10 5
0.656667 0 6 7 13
0.663333 18 1026 348 1558
0.67 0 0 0 0
0.676667 0 0 0 0
0.683333 0 0 0 0
0.69 0 0 0 0
0.696667 0 0 0 0
0.703333 0 0 0 0
0.71 0 0 0 0
0.716667 0 0 0 0
0.723333 0 0 0 0
0.73 0 0 0 0
0.736667 0 0 0 0
0.743333 0 0 0 0
0.75 0 0 0 0
0.756667 0 0 0 0
0.763333 0 0 0 0
0.77 0 0 0 0
0.776667 0 0 0 0
0.783333 0 0 0 0
0.79 0 0 0 0
0.796667 0 0 0 0
0.803333 0 0 0 0
0.81 0 0 0 0
0.816667 0 0 0 0
0.823333 0 0 0 0
0.83 0 0 0 0
0.836667 0 0 0 0
0.843333 0 0 0 0
0.85 0 0 0 0
0.856667 0 0 0 0
0.863333 0 0 0 0
0.87 0 0 0 0
0.876667 0 0 0 0
0.883333 0 0 0 0
0.89 0 0 0 0
0.896667 0 0 0 0
0.903333 0 0 0 0
0.91 0 0 0 0
0.916667 0 0 0 0
0.923333 0 0 0 0
0.93 0 0 0 0
0.936667 0 0 0 0
0.943333 0 0 0 0
0.95 0 0 0 0
0.956667 0 0 0 0
0.963333 0 0 0 0
0.97 0 0 0 0
0.976667 0 0 0 0
0.983333 0 0 0 0
0.99 0 0 0 0
0.996667 0 0 0 0
1.00333 0 0 0 0
1.01 0 0 0 0
1.01667 0 0 0 0
1.02333 0 0 0 0
1.03 0 0 0 0
1.03667 0 0 0 0
1.04333 0 0 0 0
1.05 0 0 0 0
1.05667 0 0 0 0
1.06333 0 0 0 0
1.07 0 0 0 0
1.07667 0 0 0 0
1.08333 0 0 0 0
1.09 0 0 0 0
1.09667 0 0 0 0
1.10333 0 0 0 0
1.11 0 0 0 0
1.11667 0 0 0 0
1.12333 0 0 0 0
1.13 0 0 0 0
1.13667 0 0 0 0
1.14333 0 0 0 0
1.15 0 0 0 0
1.15667 0 0 0 0
1.16333 0 0 0 0
1.17 0 0 0 0
1.17667 0 0 0 0
1.18333 0 0 0 0
1.19 0 0 0 0
1.19667 0 0 0 0
1.20333 0 0 0 0
1.21 0 0 0 0
1.21667 0 0 0 0
1.22333 0 0 0 0
1.23 0 0 0 0
1.23667 0 0 0 0
1.24333 0 0 0 0
1.25 0 0 0 0
1.25667 0 0 0 0
1.26333 0 0 0 0
1.27 0 0 0 0
1.27667 0 0 0 0
1.28333 0 0 0 0
1.29 0 0 0 0
1.29667 0 0 0 0
1.30333 0 0 0 0
1.31 0 0 0 0
1.31667 0 0 0 0
1.32333 0 0 0 0
1.33 0 0 0 0
1.33667 0 0 0 0
1.34333 0 0 0 0
1.35 0 0 0 0
1.35667 0 0 0 0
1.36333 0 0 0 0
1.37 0 0 0 0
1.37667 0 0 0 0
1.38333 0 0 0 0
1.39 0 0 0 0
1.39667 0 0 0 0
1.40333 0 0 0 0
1.41 0 0 0 0
1.41667 0 0 0 0
1.42333 0 0 0 0
1.43 0 0 0 0
1.43667 0 0 0 0
1.44333 0 0 0 0
1.45 0 0 0 0
1.45667 0 0 0 0
1.46333 0 0 0 0
1.47 0 0 0 0
1.47667 0 0 0 0
1.48333 0 0 0 0
1.49 0 0 0 0
1.49667 0 0 0 0
1.50333 0 0 0 0
1.51 0 0 0 0
1.51667 0 0 0 0
1.52333 0 0 0 0
1.53 0 0 0 0
1.53667 0 0 0 0
1.54333 0 0 0 0
1.55 0 0 0 0
1.55667 0 0 0 0
1.56333 0 0 0 0
1.57 0 0 0 0
1.57667 0 0 0 0
1.58333 0 0 0 0
1.59 0 0 0 0
1.59667 0 0 0 0
1.60333 0 0 0 0
1.61 0 0 0 0
1.61667 0 0 0 0
1.62333 0 0 0 0
1.63 0 0 0 0
1.63667 0 0 0 0
1.64333 0 0 0 0
1.65 0 0 0 0
1.65667 0 0 0 0
1.66333 0 0 0 0
1.67 0 0 0 0
1.67667 0 0 0 0
1.68333 0 0 0 0
1.69 0 0 0 0
1.69667 0 0 0 0
1.70333 0 0 0 0
1.71 0 0 0 0
1.71667 0 0 0 0
1.72333 0 0 0 0
1.73 0 0 0 0
1.73667 0 0 0 0
1.74333 0 0 0 0
1.75 0 0 0 0
1.75667 0 0 0 0
1.76333 0 0 0 0
1.77 0 0 0 0
1.77667 0 0 0 0
1.78333 0 0 0 0
1.79 0 0 0 0
1.79667 0 0 0 0
1.80333 0 0 0 0
1.81 0 0 0 0
1.81667 0 0 0 0
1.82333 0 0 0 0
1.83 0 0 0 0
1.83667 0 0 0 0
1.84333 0 0 0 0
1.85 0 0 0 0
1.85667 0 0 0 0
1.86333 0 0 0 0
1.87 0 0 0 0
1.87667 0 0 0 0
1.88333 0 0 0 0
1.89 0 0 0 0
1.89667 0 0 0 0
1.90333 0 0 0 0
1.91 0 0 0 0
1.91667 0 0 0 0
1.92333 0 0 0 0
1.93 0 0 0 0
1.93667 0 0 0 0
1.94333 0 0 0 0
1.95 0 0 0 0
1.95667 0 0 0 0
1.96333 0 0 0 0
1.97 0 0 0 0
1.97667 0 0 0 0
1.98333 0 0 0 0
1.99 0 0 0 0
1.99667 0 0 0 0
