0.00333333 17 51 14 2
0.01 8 53 24 3
0.0166667 19 62 13 2
0.0233333 12 68 22 1
0.03 30 67 25 4
0.0366667 35 86 18 8
0.0433333 32 114 52 10
0.05 40 150 53 6
0.0566667 34 155 51 12
0.0633333 57 211 61 16
0.07 51 189 80 10
0.0766667 28 208 61 16
0.0833333 40 212 76 15
0.09 54 199 59 14
0.0966667 48 248 76 19
0.103333 42 224 77 13
0.11 51 216 62 10
0.116667 51 186 69 14
0.123333 44 196 64 18
0.13 39 197 53 9
0.136667 51 180 53 8
0.143333 36 175 63 11
0.15 40 150 44 11
0.156667 41 162 43 12
0.163333 38 162 47 8
0.17 43 159 42 10
0.176667 46 130 43 10
0.183333 48 141 47 9
0.19 40 152 45 9
0.196667 32 160 47 6
0.203333 33 159 34 9
0.21 32 131 40 9
0.216667 23 134 34 9
0.223333 29 112 34 6
0.23 26 111 36 9
0.236667 27 118 35 12
0.243333 32 93 35 9
0.25 39 93 37 8
0.256667 31 109 38 5
0.263333 17 95 34 6
0.27 32 112 34 7
0.276667 31 78 22 8
0.283333 24 86 25 7
0.29 15 85 19 5
0.296667 13 75 31 5
0.303333 18 75 29 2
0.31 14 79 20 8
0.316667 25 84 20 8
0.323333 22 60 12 8
0.33 28 83 28 7
0.336667 14 51 23 5
0.343333 10 76 29 2
0.35 15 67 20 4
0.356667 18 75 23 4
0.363333 14 62 24 7
0.37 10 72 18 7
0.376667 16 56 19 6
0.383333 14 58 21 1
0.39 13 51 24 5
0.396667 11 43 18 3
0.403333 12 62 14 8
0.41 18 52 16 9
0.416667 16 47 14 8
0.423333 21 47 9 5
0.43 11 56 24 6
0.436667 14 47 20 3
0.443333 20 49 21 3
0.45 14 59 16 3
0.456667 17 44 19 2
0.463333 18 52 11 8
0.47 15 45 15 4
0.476667 14 34 14 3
0.483333 11 37 12 4
0.49 9 37 10 2
0.496667 9 23 6 1
0.503333 6 33 22 4
0.51 9 28 9 2
0.516667 9 32 13 6
0.523333 10 30 12 1
0.53 7 34 8 3
0.536667 10 30 11 1
0.543333 8 27 10 8
0.55 6 21 10 2
0.556667 10 28 11 1
0.563333 12 31 6 1
0.57 4 26 7 6
0.576667 4 25 10 5
0.583333 7 29 13 3
0.59 8 28 14 6
0.596667 9 24 9 0
0.603333 6 19 9 6
0.61 7 15 11 3
0.616667 3 17 6 3
0.623333 6 21 3 6
0.63 8 20 5 5
0.636667 10 32 10 2
0.643333 2 22 7 9
0.65 0 23 10 2
0.656667 4 21 5 3
0.663333 267 1323 339 83
0.67 0 0 0 0
0.676667 0 0 0 0
0.683333 0 0 0 0
0.69 0 0 0 0
0.696667 0 0 0 0
0.703333 0 0 0 0
0.71 0 0 0 0
0.716667 0 0 0 0
0.723333 0 0 0 0
0.73 0 0 0 0
0.736667 0 0 0 0
0.743333 0 0 0 0
0.75 0 0 0 0
0.756667 0 0 0 0
0.763333 0 0 0 0
0.77 0 0 0 0
0.776667 0 0 0 0
0.783333 0 0 0 0
0.79 0 0 0 0
0.796667 0 0 0 0
0.803333 0 0 0 0
0.81 0 0 0 0
0.816667 0 0 0 0
0.823333 0 0 0 0
0.83 0 0 0 0
0.836667 0 0 0 0
0.843333 0 0 0 0
0.85 0 0 0 0
0.856667 0 0 0 0
0.863333 0 0 0 0
0.87 0 0 0 0
0.876667 0 0 0 0
0.883333 0 0 0 0
0.89 0 0 0 0
0.896667 0 0 0 0
0.903333 0 0 0 0
0.91 0 0 0 0
0.916667 0 0 0 0
0.923333 0 0 0 0
0.93 0 0 0 0
0.936667 0 0 0 0
0.943333 0 0 0 0
0.95 0 0 0 0
0.956667 0 0 0 0
0.963333 0 0 0 0
0.97 0 0 0 0
0.976667 0 0 0 0
0.983333 0 0 0 0
0.99 0 0 0 0
0.996667 0 0 0 0
1.00333 0 0 0 0
1.01 0 0 0 0
1.01667 0 0 0 0
1.02333 0 0 0 0
1.03 0 0 0 0
1.03667 0 0 0 0
1.04333 0 0 0 0
1.05 0 0 0 0
1.05667 0 0 0 0
1.06333 0 0 0 0
1.07 0 0 0 0
1.07667 0 0 0 0
1.08333 0 0 0 0
1.09 0 0 0 0
1.09667 0 0 0 0
1.10333 0 0 0 0
1.11 0 0 0 0
1.11667 0 0 0 0
1.12333 0 0 0 0
1.13 0 0 0 0
1.13667 0 0 0 0
1.14333 0 0 0 0
1.15 0 0 0 0
1.15667 0 0 0 0
1.16333 0 0 0 0
1.17 0 0 0 0
1.17667 0 0 0 0
1.18333 0 0 0 0
1.19 0 0 0 0
1.19667 0 0 0 0
1.20333 0 0 0 0
1.21 0 0 0 0
1.21667 0 0 0 0
1.22333 0 0 0 0
1.23 0 0 0 0
1.23667 0 0 0 0
1.24333 0 0 0 0
1.25 0 0 0 0
1.25667 0 0 0 0
1.26333 0 0 0 0
1.27 0 0 0 0
1.27667 0 0 0 0
1.28333 0 0 0 0
1.29 0 0 0 0
1.29667 0 0 0 0
1.30333 0 0 0 0
1.31 0 0 0 0
1.31667 0 0 0 0
1.32333 0 0 0 0
1.33 0 0 0 0
1.33667 0 0 0 0
1.34333 0 0 0 0
1.35 0 0 0 0
1.35667 0 0 0 0
1.36333 0 0 0 0
1.37 0 0 0 0
1.37667 0 0 0 0
1.38333 0 0 0 0
1.39 0 0 0 0
1.39667 0 0 0 0
1.40333 0 0 0 0
1.41 0 0 0 0
1.41667 0 0 0 0
1.42333 0 0 0 0
1.43 0 0 0 0
1.43667 0 0 0 0
1.44333 0 0 0 0
1.45 0 0 0 0
1.45667 0 0 0 0
1.46333 0 0 0 0
1.47 0 0 0 0
1.47667 0 0 0 0
1.48333 0 0 0 0
1.49 0 0 0 0
1.49667 0 0 0 0
1.50333 0 0 0 0
1.51 0 0 0 0
1.51667 0 0 0 0
1.52333 0 0 0 0
1.53 0 0 0 0
1.53667 0 0 0 0
1.54333 0 0 0 0
1.55 0 0 0 0
1.55667 0 0 0 0
1.56333 0 0 0 0
1.57 0 0 0 0
1.57667 0 0 0 0
1.58333 0 0 0 0
1.59 0 0 0 0
1.59667 0 0 0 0
1.60333 0 0 0 0
1.61 0 0 0 0
1.61667 0 0 0 0
1.62333 0 0 0 0
1.63 0 0 0 0
1.63667 0 0 0 0
1.64333 0 0 0 0
1.65 0 0 0 0
1.65667 0 0 0 0
1.66333 0 0 0 0
1.67 0 0 0 0
1.67667 0 0 0 0
1.68333 0 0 0 0
1.69 0 0 0 0
1.69667 0 0 0 0
1.70333 0 0 0 0
1.71 0 0 0 0
1.71667 0 0 0 0
1.72333 0 0 0 0
1.73 0 0 0 0
1.73667 0 0 0 0
1.74333 0 0 0 0
1.75 0 0 0 0
1.75667 0 0 0 0
1.76333 0 0 0 0
1.77 0 0 0 0
1.77667 0 0 0 0
1.78333 0 0 0 0
1.79 0 0 0 0
1.79667 0 0 0 0
1.80333 0 0 0 0
1.81 0 0 0 0
1.81667 0 0 0 0
1.82333 0 0 0 0
1.83 0 0 0 0
1.83667 0 0 0 0
1.84333 0 0 0 0
1.85 0 0 0 0
1.85667 0 0 0 0
1.86333 0 0 0 0
1.87 0 0 0 0
1.87667 0 0 0 0
1.88333 0 0 0 0
1.89 0 0 0 0
1.89667 0 0 0 0
1.90333 0 0 0 0
1.91 0 0 0 0
1.91667 0 0 0 0
1.92333 0 0 0 0
1.93 0 0 0 0
1.93667 0 0 0 0
1.94333 0 0 0 0
1.95 0 0 0 0
1.95667 0 0 0 0
1.96333 0 0 0 0
1.97 0 0 0 0
1.97667 0 0 0 0
1.98333 0 0 0 0
1.99 0 0 0 0
1.99667 0 0 0 0
