0.00333333 2 15 36 11
0.01 0 17 48 14
0.0166667 7 21 66 5
0.0233333 7 16 63 16
0.03 10 27 68 22
0.0366667 3 20 98 18
0.0433333 11 34 119 25
0.05 12 54 131 46
0.0566667 16 54 145 41
0.0633333 14 48 172 46
0.07 6 66 197 34
0.0766667 18 64 180 34
0.0833333 12 60 205 48
0.09 11 62 197 49
0.0966667 18 70 193 43
0.103333 16 46 179 40
0.11 17 55 206 48
0.116667 17 53 204 56
0.123333 5 58 191 32
0.13 19 50 200 36
0.136667 15 33 158 23
0.143333 18 41 174 38
0.15 8 36 185 29
0.156667 9 42 156 25
0.163333 10 41 146 33
0.17 8 45 142 24
0.176667 20 32 133 30
0.183333 13 41 183 31
0.19 9 44 173 24
0.196667 18 50 131 30
0.203333 10 33 129 30
0.21 15 38 165 30
0.216667 8 30 131 22
0.223333 13 34 135 33
0.23 7 33 124 18
0.236667 10 34 107 26
0.243333 12 29 118 23
0.25 7 29 109 20
0.256667 12 23 88 17
0.263333 4 23 99 21
0.27 9 25 80 21
0.276667 7 22 105 24
0.283333 9 26 89 18
0.29 6 32 95 17
0.296667 3 21 83 20
0.303333 3 24 78 17
0.31 7 21 86 22
0.316667 8 16 73 20
0.323333 4 25 72 17
0.33 6 27 78 22
0.336667 3 17 64 14
0.343333 5 15 65 8
0.35 7 17 78 11
0.356667 2 20 77 24
0.363333 3 23 60 12
0.37 5 14 63 13
0.376667 8 29 56 13
0.383333 5 20 56 10
0.39 8 18 59 16
0.396667 7 18 63 5
0.403333 7 20 48 17
0.41 7 14 70 14
0.416667 8 19 73 9
0.423333 8 9 53 12
0.43 4 17 59 12
0.436667 2 17 45 12
0.443333 5 18 48 14
0.45 4 15 50 11
0.456667 6 18 43 12
0.463333 5 13 43 12
0.47 7 13 50 12
0.476667 4 13 49 8
0.483333 3 15 29 13
0.49 4 10 40 10
0.496667 5 14 43 12
0.503333 3 9 33 8
0.51 3 10 48 9
0.516667 2 11 25 8
0.523333 1 15 33 9
0.53 5 11 34 6
0.536667 2 6 34 7
0.543333 3 11 23 11
0.55 3 11 23 5
0.556667 3 10 30 8
0.563333 2 11 32 8
0.57 5 6 25 9
0.576667 7 8 21 1
0.583333 1 14 26 8
0.59 0 7 16 4
0.596667 5 12 18 11
0.603333 6 10 32 8
0.61 3 10 20 6
0.616667 3 11 26 6
0.623333 3 9 26 4
0.63 3 7 19 7
0.636667 3 8 27 9
0.643333 3 6 21 2
0.65 3 5 22 3
0.656667 3 5 25 6
0.663333 84 320 1422 253
0.67 0 0 0 0
0.676667 0 0 0 0
0.683333 0 0 0 0
0.69 0 0 0 0
0.696667 0 0 0 0
0.703333 0 0 0 0
0.71 0 0 0 0
0.716667 0 0 0 0
0.723333 0 0 0 0
0.73 0 0 0 0
0.736667 0 0 0 0
0.743333 0 0 0 0
0.75 0 0 0 0
0.756667 0 0 0 0
0.763333 0 0 0 0
0.77 0 0 0 0
0.776667 0 0 0 0
0.783333 0 0 0 0
0.79 0 0 0 0
0.796667 0 0 0 0
0.803333 0 0 0 0
0.81 0 0 0 0
0.816667 0 0 0 0
0.823333 0 0 0 0
0.83 0 0 0 0
0.836667 0 0 0 0
0.843333 0 0 0 0
0.85 0 0 0 0
0.856667 0 0 0 0
0.863333 0 0 0 0
0.87 0 0 0 0
0.876667 0 0 0 0
0.883333 0 0 0 0
0.89 0 0 0 0
0.896667 0 0 0 0
0.903333 0 0 0 0
0.91 0 0 0 0
0.916667 0 0 0 0
0.923333 0 0 0 0
0.93 0 0 0 0
0.936667 0 0 0 0
0.943333 0 0 0 0
0.95 0 0 0 0
0.956667 0 0 0 0
0.963333 0 0 0 0
0.97 0 0 0 0
0.976667 0 0 0 0
0.983333 0 0 0 0
0.99 0 0 0 0
0.996667 0 0 0 0
1.00333 0 0 0 0
1.01 0 0 0 0
1.01667 0 0 0 0
1.02333 0 0 0 0
1.03 0 0 0 0
1.03667 0 0 0 0
1.04333 0 0 0 0
1.05 0 0 0 0
1.05667 0 0 0 0
1.06333 0 0 0 0
1.07 0 0 0 0
1.07667 0 0 0 0
1.08333 0 0 0 0
1.09 0 0 0 0
1.09667 0 0 0 0
1.10333 0 0 0 0
1.11 0 0 0 0
1.11667 0 0 0 0
1.12333 0 0 0 0
1.13 0 0 0 0
1.13667 0 0 0 0
1.14333 0 0 0 0
1.15 0 0 0 0
1.15667 0 0 0 0
1.16333 0 0 0 0
1.17 0 0 0 0
1.17667 0 0 0 0
1.18333 0 0 0 0
1.19 0 0 0 0
1.19667 0 0 0 0
1.20333 0 0 0 0
1.21 0 0 0 0
1.21667 0 0 0 0
1.22333 0 0 0 0
1.23 0 0 0 0
1.23667 0 0 0 0
1.24333 0 0 0 0
1.25 0 0 0 0
1.25667 0 0 0 0
1.26333 0 0 0 0
1.27 0 0 0 0
1.27667 0 0 0 0
1.28333 0 0 0 0
1.29 0 0 0 0
1.29667 0 0 0 0
1.30333 0 0 0 0
1.31 0 0 0 0
1.31667 0 0 0 0
1.32333 0 0 0 0
1.33 0 0 0 0
1.33667 0 0 0 0
1.34333 0 0 0 0
1.35 0 0 0 0
1.35667 0 0 0 0
1.36333 0 0 0 0
1.37 0 0 0 0
1.37667 0 0 0 0
1.38333 0 0 0 0
1.39 0 0 0 0
1.39667 0 0 0 0
1.40333 0 0 0 0
1.41 0 0 0 0
1.41667 0 0 0 0
1.42333 0 0 0 0
1.43 0 0 0 0
1.43667 0 0 0 0
1.44333 0 0 0 0
1.45 0 0 0 0
1.45667 0 0 0 0
1.46333 0 0 0 0
1.47 0 0 0 0
1.47667 0 0 0 0
1.48333 0 0 0 0
1.49 0 0 0 0
1.49667 0 0 0 0
1.50333 0 0 0 0
1.51 0 0 0 0
1.51667 0 0 0 0
1.52333 0 0 0 0
1.53 0 0 0 0
1.53667 0 0 0 0
1.54333 0 0 0 0
1.55 0 0 0 0
1.55667 0 0 0 0
1.56333 0 0 0 0
1.57 0 0 0 0
1.57667 0 0 0 0
1.58333 0 0 0 0
1.59 0 0 0 0
1.59667 0 0 0 0
1.60333 0 0 0 0
1.61 0 0 0 0
1.61667 0 0 0 0
1.62333 0 0 0 0
1.63 0 0 0 0
1.63667 0 0 0 0
1.64333 0 0 0 0
1.65 0 0 0 0
1.65667 0 0 0 0
1.66333 0 0 0 0
1.67 0 0 0 0
1.67667 0 0 0 0
1.68333 0 0 0 0
1.69 0 0 0 0
1.69667 0 0 0 0
1.70333 0 0 0 0
1.71 0 0 0 0
1.71667 0 0 0 0
1.72333 0 0 0 0
1.73 0 0 0 0
1.73667 0 0 0 0
1.74333 0 0 0 0
1.75 0 0 0 0
1.75667 0 0 0 0
1.76333 0 0 0 0
1.77 0 0 0 0
1.77667 0 0 0 0
1.78333 0 0 0 0
1.79 0 0 0 0
1.79667 0 0 0 0
1.80333 0 0 0 0
1.81 0 0 0 0
1.81667 0 0 0 0
1.82333 0 0 0 0
1.83 0 0 0 0
1.83667 0 0 0 0
1.84333 0 0 0 0
1.85 0 0 0 0
1.85667 0 0 0 0
1.86333 0 0 0 0
1.87 0 0 0 0
1.87667 0 0 0 0
1.88333 0 0 0 0
1.89 0 0 0 0
1.89667 0 0 0 0
1.90333 0 0 0 0
1.91 0 0 0 0
1.91667 0 0 0 0
1.92333 0 0 0 0
1.93 0 0 0 0
1.93667 0 0 0 0
1.94333 0 0 0 0
1.95 0 0 0 0
1.95667 0 0 0 0
1.96333 0 0 0 0
1.97 0 0 0 0
1.97667 0 0 0 0
1.98333 0 0 0 0
1.99 0 0 0 0
1.99667 0 0 0 0
