0.00333333 4 22 23 9
0.01 5 29 26 4
0.0166667 8 36 35 14
0.0233333 8 29 40 14
0.03 7 33 38 11
0.0366667 13 32 50 12
0.0433333 14 74 68 20
0.05 20 88 84 28
0.0566667 27 86 104 18
0.0633333 24 113 92 33
0.07 24 110 110 19
0.0766667 22 108 130 33
0.0833333 23 101 124 41
0.09 23 98 126 22
0.0966667 18 107 137 27
0.103333 21 76 122 28
0.11 24 105 123 29
0.116667 29 101 106 37
0.123333 25 81 119 26
0.13 18 79 85 29
0.136667 17 84 112 15
0.143333 23 73 120 20
0.15 24 82 88 25
0.156667 14 73 93 16
0.163333 17 85 95 18
0.17 12 77 91 20
0.176667 9 75 90 22
0.183333 20 75 69 17
0.19 16 76 87 21
0.196667 17 59 91 18
0.203333 14 80 70 14
0.21 12 81 74 20
0.216667 11 66 72 20
0.223333 8 63 59 19
0.23 8 53 68 13
0.236667 11 50 59 15
0.243333 8 48 57 14
0.25 16 58 72 12
0.256667 17 51 52 9
0.263333 12 47 62 17
0.27 3 41 69 10
0.276667 11 49 61 15
0.283333 8 35 43 15
0.29 10 45 41 8
0.296667 8 32 56 14
0.303333 7 31 47 8
0.31 10 49 55 17
0.316667 10 39 48 7
0.323333 7 34 38 8
0.33 12 35 43 15
0.336667 9 35 45 6
0.343333 7 27 44 11
0.35 5 34 34 15
0.356667 9 30 31 10
0.363333 6 41 38 13
0.37 10 26 47 11
0.376667 6 27 37 16
0.383333 9 31 47 8
0.39 8 30 37 12
0.396667 7 35 35 5
0.403333 6 34 29 8
0.41 4 31 32 8
0.416667 7 25 32 6
0.423333 8 32 29 12
0.43 6 34 21 10
0.436667 2 24 30 11
0.443333 8 29 31 7
0.45 6 22 28 17
0.456667 9 16 29 7
0.463333 7 29 46 11
0.47 6 25 27 7
0.476667 1 20 32 10
0.483333 4 14 28 9
0.49 4 19 30 9
0.496667 4 25 23 4
0.503333 6 16 29 4
0.51 5 21 16 6
0.516667 7 17 16 7
0.523333 5 17 26 11
0.53 2 17 23 3
0.536667 6 21 13 3
0.543333 6 21 20 9
0.55 3 13 21 7
0.556667 3 20 22 1
0.563333 7 16 18 2
0.57 5 14 19 3
0.576667 3 17 16 3
0.583333 5 15 21 4
0.59 4 14 18 8
0.596667 3 17 17 2
0.603333 4 25 15 3
0.61 3 12 15 2
0.616667 5 10 18 3
0.623333 5 12 20 9
0.63 2 11 11 8
0.636667 3 27 13 6
0.643333 4 12 16 7
0.65 5 12 17 3
0.656667 3 15 20 4
0.663333 109 594 679 174
0.67 0 0 0 0
0.676667 0 0 0 0
0.683333 0 0 0 0
0.69 0 0 0 0
0.696667 0 0 0 0
0.703333 0 0 0 0
0.71 0 0 0 0
0.716667 0 0 0 0
0.723333 0 0 0 0
0.73 0 0 0 0
0.736667 0 0 0 0
0.743333 0 0 0 0
0.75 0 0 0 0
0.756667 0 0 0 0
0.763333 0 0 0 0
0.77 0 0 0 0
0.776667 0 0 0 0
0.783333 0 0 0 0
0.79 0 0 0 0
0.796667 0 0 0 0
0.803333 0 0 0 0
0.81 0 0 0 0
0.816667 0 0 0 0
0.823333 0 0 0 0
0.83 0 0 0 0
0.836667 0 0 0 0
0.843333 0 0 0 0
0.85 0 0 0 0
0.856667 0 0 0 0
0.863333 0 0 0 0
0.87 0 0 0 0
0.876667 0 0 0 0
0.883333 0 0 0 0
0.89 0 0 0 0
0.896667 0 0 0 0
0.903333 0 0 0 0
0.91 0 0 0 0
0.916667 0 0 0 0
0.923333 0 0 0 0
0.93 0 0 0 0
0.936667 0 0 0 0
0.943333 0 0 0 0
0.95 0 0 0 0
0.956667 0 0 0 0
0.963333 0 0 0 0
0.97 0 0 0 0
0.976667 0 0 0 0
0.983333 0 0 0 0
0.99 0 0 0 0
0.996667 0 0 0 0
1.00333 0 0 0 0
1.01 0 0 0 0
1.01667 0 0 0 0
1.02333 0 0 0 0
1.03 0 0 0 0
1.03667 0 0 0 0
1.04333 0 0 0 0
1.05 0 0 0 0
1.05667 0 0 0 0
1.06333 0 0 0 0
1.07 0 0 0 0
1.07667 0 0 0 0
1.08333 0 0 0 0
1.09 0 0 0 0
1.09667 0 0 0 0
1.10333 0 0 0 0
1.11 0 0 0 0
1.11667 0 0 0 0
1.12333 0 0 0 0
1.13 0 0 0 0
1.13667 0 0 0 0
1.14333 0 0 0 0
1.15 0 0 0 0
1.15667 0 0 0 0
1.16333 0 0 0 0
1.17 0 0 0 0
1.17667 0 0 0 0
1.18333 0 0 0 0
1.19 0 0 0 0
1.19667 0 0 0 0
1.20333 0 0 0 0
1.21 0 0 0 0
1.21667 0 0 0 0
1.22333 0 0 0 0
1.23 0 0 0 0
1.23667 0 0 0 0
1.24333 0 0 0 0
1.25 0 0 0 0
1.25667 0 0 0 0
1.26333 0 0 0 0
1.27 0 0 0 0
1.27667 0 0 0 0
1.28333 0 0 0 0
1.29 0 0 0 0
1.29667 0 0 0 0
1.30333 0 0 0 0
1.31 0 0 0 0
1.31667 0 0 0 0
1.32333 0 0 0 0
1.33 0 0 0 0
1.33667 0 0 0 0
1.34333 0 0 0 0
1.35 0 0 0 0
1.35667 0 0 0 0
1.36333 0 0 0 0
1.37 0 0 0 0
1.37667 0 0 0 0
1.38333 0 0 0 0
1.39 0 0 0 0
1.39667 0 0 0 0
1.40333 0 0 0 0
1.41 0 0 0 0
1.41667 0 0 0 0
1.42333 0 0 0 0
1.43 0 0 0 0
1.43667 0 0 0 0
1.44333 0 0 0 0
1.45 0 0 0 0
1.45667 0 0 0 0
1.46333 0 0 0 0
1.47 0 0 0 0
1.47667 0 0 0 0
1.48333 0 0 0 0
1.49 0 0 0 0
1.49667 0 0 0 0
1.50333 0 0 0 0
1.51 0 0 0 0
1.51667 0 0 0 0
1.52333 0 0 0 0
1.53 0 0 0 0
1.53667 0 0 0 0
1.54333 0 0 0 0
1.55 0 0 0 0
1.55667 0 0 0 0
1.56333 0 0 0 0
1.57 0 0 0 0
1.57667 0 0 0 0
1.58333 0 0 0 0
1.59 0 0 0 0
1.59667 0 0 0 0
1.60333 0 0 0 0
1.61 0 0 0 0
1.61667 0 0 0 0
1.62333 0 0 0 0
1.63 0 0 0 0
1.63667 0 0 0 0
1.64333 0 0 0 0
1.65 0 0 0 0
1.65667 0 0 0 0
1.66333 0 0 0 0
1.67 0 0 0 0
1.67667 0 0 0 0
1.68333 0 0 0 0
1.69 0 0 0 0
1.69667 0 0 0 0
1.70333 0 0 0 0
1.71 0 0 0 0
1.71667 0 0 0 0
1.72333 0 0 0 0
1.73 0 0 0 0
1.73667 0 0 0 0
1.74333 0 0 0 0
1.75 0 0 0 0
1.75667 0 0 0 0
1.76333 0 0 0 0
1.77 0 0 0 0
1.77667 0 0 0 0
1.78333 0 0 0 0
1.79 0 0 0 0
1.79667 0 0 0 0
1.80333 0 0 0 0
1.81 0 0 0 0
1.81667 0 0 0 0
1.82333 0 0 0 0
1.83 0 0 0 0
1.83667 0 0 0 0
1.84333 0 0 0 0
1.85 0 0 0 0
1.85667 0 0 0 0
1.86333 0 0 0 0
1.87 0 0 0 0
1.87667 0 0 0 0
1.88333 0 0 0 0
1.89 0 0 0 0
1.89667 0 0 0 0
1.90333 0 0 0 0
1.91 0 0 0 0
1.91667 0 0 0 0
1.92333 0 0 0 0
1.93 0 0 0 0
1.93667 0 0 0 0
1.94333 0 0 0 0
1.95 0 0 0 0
1.95667 0 0 0 0
1.96333 0 0 0 0
1.97 0 0 0 0
1.97667 0 0 0 0
1.98333 0 0 0 0
1.99 0 0 0 0
1.99667 0 0 0 0
