0.00333333 6 148 3 2
0.01 16 163 7 3
0.0166667 13 145 11 2
0.0233333 13 166 7 5
0.03 14 181 6 5
0.0366667 31 200 7 5
0.0433333 34 210 13 8
0.05 40 290 17 3
0.0566667 54 326 23 6
0.0633333 61 338 18 10
0.07 77 336 18 15
0.0766667 58 427 33 7
0.0833333 59 458 27 13
0.09 72 446 22 12
0.0966667 52 426 30 7
0.103333 57 402 20 15
0.11 51 439 19 8
0.116667 44 401 16 19
0.123333 41 451 18 15
0.13 28 425 17 9
0.136667 31 455 19 11
0.143333 42 436 19 10
0.15 43 424 11 11
0.156667 40 408 12 8
0.163333 29 415 16 15
0.17 34 444 13 9
0.176667 40 433 14 13
0.183333 27 461 11 10
0.19 38 558 16 8
0.196667 42 555 8 9
0.203333 32 493 14 11
0.21 35 493 8 15
0.216667 22 458 8 16
0.223333 23 442 12 9
0.23 30 407 13 10
0.236667 36 394 13 9
0.243333 37 343 8 6
0.25 25 323 9 6
0.256667 30 304 8 8
0.263333 25 290 11 9
0.27 22 259 8 6
0.276667 20 235 10 4
0.283333 28 269 10 14
0.29 17 248 7 3
0.296667 20 234 10 7
0.303333 17 197 13 8
0.31 17 205 7 5
0.316667 20 220 7 7
0.323333 23 199 5 3
0.33 20 167 4 3
0.336667 24 195 3 9
0.343333 15 196 7 6
0.35 17 190 10 8
0.356667 19 172 6 5
0.363333 30 188 4 5
0.37 12 183 8 5
0.376667 20 155 10 2
0.383333 8 152 1 3
0.39 15 155 6 2
0.396667 19 158 3 12
0.403333 11 161 1 5
0.41 21 175 3 4
0.416667 15 146 4 11
0.423333 13 159 11 2
0.43 18 153 3 5
0.436667 20 156 7 7
0.443333 12 159 7 6
0.45 8 190 7 1
0.456667 13 184 8 8
0.463333 15 169 3 5
0.47 12 168 5 3
0.476667 12 140 7 4
0.483333 7 106 5 1
0.49 13 78 2 2
0.496667 12 100 5 2
0.503333 8 68 5 5
0.51 13 64 2 3
0.516667 15 78 3 2
0.523333 11 61 3 3
0.53 9 73 7 3
0.536667 12 58 4 7
0.543333 7 56 2 3
0.55 13 58 3 4
0.556667 11 50 4 5
0.563333 6 79 3 7
0.57 4 59 3 3
0.576667 5 56 2 5
0.583333 10 64 2 4
0.59 4 47 5 4
0.596667 13 64 6 3
0.603333 7 56 1 5
0.61 5 56 7 3
0.616667 6 43 3 11
0.623333 5 41 1 4
0.63 2 57 2 1
0.636667 7 73 7 2
0.643333 5 41 2 5
0.65 6 44 3 3
0.656667 8 40 2 1
0.663333 219 7739 80 166
0.67 0 0 0 0
0.676667 0 0 0 0
0.683333 0 0 0 0
0.69 0 0 0 0
0.696667 0 0 0 0
0.703333 0 0 0 0
0.71 0 0 0 0
0.716667 0 0 0 0
0.723333 0 0 0 0
0.73 0 0 0 0
0.736667 0 0 0 0
0.743333 0 0 0 0
0.75 0 0 0 0
0.756667 0 0 0 0
0.763333 0 0 0 0
0.77 0 0 0 0
0.776667 0 0 0 0
0.783333 0 0 0 0
0.79 0 0 0 0
0.796667 0 0 0 0
0.803333 0 0 0 0
0.81 0 0 0 0
0.816667 0 0 0 0
0.823333 0 0 0 0
0.83 0 0 0 0
0.836667 0 0 0 0
0.843333 0 0 0 0
0.85 0 0 0 0
0.856667 0 0 0 0
0.863333 0 0 0 0
0.87 0 0 0 0
0.876667 0 0 0 0
0.883333 0 0 0 0
0.89 0 0 0 0
0.896667 0 0 0 0
0.903333 0 0 0 0
0.91 0 0 0 0
0.916667 0 0 0 0
0.923333 0 0 0 0
0.93 0 0 0 0
0.936667 0 0 0 0
0.943333 0 0 0 0
0.95 0 0 0 0
0.956667 0 0 0 0
0.963333 0 0 0 0
0.97 0 0 0 0
0.976667 0 0 0 0
0.983333 0 0 0 0
0.99 0 0 0 0
0.996667 0 0 0 0
1.00333 0 0 0 0
1.01 0 0 0 0
1.01667 0 0 0 0
1.02333 0 0 0 0
1.03 0 0 0 0
1.03667 0 0 0 0
1.04333 0 0 0 0
1.05 0 0 0 0
1.05667 0 0 0 0
1.06333 0 0 0 0
1.07 0 0 0 0
1.07667 0 0 0 0
1.08333 0 0 0 0
1.09 0 0 0 0
1.09667 0 0 0 0
1.10333 0 0 0 0
1.11 0 0 0 0
1.11667 0 0 0 0
1.12333 0 0 0 0
1.13 0 0 0 0
1.13667 0 0 0 0
1.14333 0 0 0 0
1.15 0 0 0 0
1.15667 0 0 0 0
1.16333 0 0 0 0
1.17 0 0 0 0
1.17667 0 0 0 0
1.18333 0 0 0 0
1.19 0 0 0 0
1.19667 0 0 0 0
1.20333 0 0 0 0
1.21 0 0 0 0
1.21667 0 0 0 0
1.22333 0 0 0 0
1.23 0 0 0 0
1.23667 0 0 0 0
1.24333 0 0 0 0
1.25 0 0 0 0
1.25667 0 0 0 0
1.26333 0 0 0 0
1.27 0 0 0 0
1.27667 0 0 0 0
1.28333 0 0 0 0
1.29 0 0 0 0
1.29667 0 0 0 0
1.30333 0 0 0 0
1.31 0 0 0 0
1.31667 0 0 0 0
1.32333 0 0 0 0
1.33 0 0 0 0
1.33667 0 0 0 0
1.34333 0 0 0 0
1.35 0 0 0 0
1.35667 0 0 0 0
1.36333 0 0 0 0
1.37 0 0 0 0
1.37667 0 0 0 0
1.38333 0 0 0 0
1.39 0 0 0 0
1.39667 0 0 0 0
1.40333 0 0 0 0
1.41 0 0 0 0
1.41667 0 0 0 0
1.42333 0 0 0 0
1.43 0 0 0 0
1.43667 0 0 0 0
1.44333 0 0 0 0
1.45 0 0 0 0
1.45667 0 0 0 0
1.46333 0 0 0 0
1.47 0 0 0 0
1.47667 0 0 0 0
1.48333 0 0 0 0
1.49 0 0 0 0
1.49667 0 0 0 0
1.50333 0 0 0 0
1.51 0 0 0 0
1.51667 0 0 0 0
1.52333 0 0 0 0
1.53 0 0 0 0
1.53667 0 0 0 0
1.54333 0 0 0 0
1.55 0 0 0 0
1.55667 0 0 0 0
1.56333 0 0 0 0
1.57 0 0 0 0
1.57667 0 0 0 0
1.58333 0 0 0 0
1.59 0 0 0 0
1.59667 0 0 0 0
1.60333 0 0 0 0
1.61 0 0 0 0
1.61667 0 0 0 0
1.62333 0 0 0 0
1.63 0 0 0 0
1.63667 0 0 0 0
1.64333 0 0 0 0
1.65 0 0 0 0
1.65667 0 0 0 0
1.66333 0 0 0 0
1.67 0 0 0 0
1.67667 0 0 0 0
1.68333 0 0 0 0
1.69 0 0 0 0
1.69667 0 0 0 0
1.70333 0 0 0 0
1.71 0 0 0 0
1.71667 0 0 0 0
1.72333 0 0 0 0
1.73 0 0 0 0
1.73667 0 0 0 0
1.74333 0 0 0 0
1.75 0 0 0 0
1.75667 0 0 0 0
1.76333 0 0 0 0
1.77 0 0 0 0
1.77667 0 0 0 0
1.78333 0 0 0 0
1.79 0 0 0 0
1.79667 0 0 0 0
1.80333 0 0 0 0
1.81 0 0 0 0
1.81667 0 0 0 0
1.82333 0 0 0 0
1.83 0 0 0 0
1.83667 0 0 0 0
1.84333 0 0 0 0
1.85 0 0 0 0
1.85667 0 0 0 0
1.86333 0 0 0 0
1.87 0 0 0 0
1.87667 0 0 0 0
1.88333 0 0 0 0
1.89 0 0 0 0
1.89667 0 0 0 0
1.90333 0 0 0 0
1.91 0 0 0 0
1.91667 0 0 0 0
1.92333 0 0 0 0
1.93 0 0 0 0
1.93667 0 0 0 0
1.94333 0 0 0 0
1.95 0 0 0 0
1.95667 0 0 0 0
1.96333 0 0 0 0
1.97 0 0 0 0
1.97667 0 0 0 0
1.98333 0 0 0 0
1.99 0 0 0 0
1.99667 0 0 0 0
