0.00333333 0 9 6 276
0.01 0 7 11 260
0.0166667 0 9 6 248
0.0233333 1 8 11 227
0.03 0 5 15 264
0.0366667 0 10 14 279
0.0433333 0 8 30 275
0.05 0 9 27 298
0.0566667 2 7 36 364
0.0633333 1 9 27 352
0.07 1 8 45 342
0.0766667 0 16 28 408
0.0833333 0 11 35 423
0.09 1 14 40 408
0.0966667 0 12 50 414
0.103333 0 9 40 392
0.11 0 16 39 441
0.116667 0 11 42 417
0.123333 0 12 28 441
0.13 0 18 22 440
0.136667 1 10 32 460
0.143333 0 12 26 487
0.15 0 11 27 514
0.156667 1 14 25 519
0.163333 0 11 25 509
0.17 0 14 30 511
0.176667 0 11 13 495
0.183333 1 22 16 696
0.19 0 13 19 1011
0.196667 0 19 29 977
0.203333 0 18 20 866
0.21 0 10 17 746
0.216667 0 11 29 670
0.223333 1 15 14 591
0.23 0 16 19 524
0.236667 0 7 15 461
0.243333 2 12 18 422
0.25 3 10 21 416
0.256667 0 10 13 361
0.263333 1 13 26 353
0.27 0 12 19 331
0.276667 0 8 21 330
0.283333 0 8 14 310
0.29 0 8 18 293
0.296667 0 10 12 317
0.303333 2 5 16 291
0.31 0 14 17 251
0.316667 1 8 11 260
0.323333 1 13 15 237
0.33 1 10 20 247
0.336667 1 10 20 266
0.343333 1 6 13 265
0.35 0 8 12 241
0.356667 0 12 19 272
0.363333 0 9 22 247
0.37 0 14 22 237
0.376667 1 4 19 293
0.383333 0 8 14 243
0.39 0 5 21 247
0.396667 0 14 15 260
0.403333 0 12 14 235
0.41 0 9 18 248
0.416667 0 12 11 284
0.423333 0 8 6 244
0.43 1 6 9 251
0.436667 1 6 14 284
0.443333 0 8 14 279
0.45 0 12 17 264
0.456667 1 9 16 304
0.463333 0 8 12 312
0.47 1 12 15 306
0.476667 0 8 12 264
0.483333 0 7 11 119
0.49 0 4 15 96
0.496667 0 7 11 69
0.503333 0 3 15 81
0.51 1 4 12 75
0.516667 0 6 9 51
0.523333 0 2 4 69
0.53 0 6 7 57
0.536667 0 3 5 60
0.543333 0 4 6 46
0.55 0 6 11 47
0.556667 1 4 5 59
0.563333 0 1 9 44
0.57 0 2 10 56
0.576667 1 4 8 56
0.583333 0 4 5 49
0.59 1 5 7 52
0.596667 0 1 6 49
0.603333 0 3 4 39
0.61 0 4 6 43
0.616667 0 6 7 24
0.623333 0 2 6 35
0.63 0 2 5 43
0.636667 0 4 5 96
0.643333 0 1 8 33
0.65 0 1 3 29
0.656667 0 2 10 32
0.663333 2 469 139 18973
0.67 0 0 0 0
0.676667 0 0 0 0
0.683333 0 0 0 0
0.69 0 0 0 0
0.696667 0 0 0 0
0.703333 0 0 0 0
0.71 0 0 0 0
0.716667 0 0 0 0
0.723333 0 0 0 0
0.73 0 0 0 0
0.736667 0 0 0 0
0.743333 0 0 0 0
0.75 0 0 0 0
0.756667 0 0 0 0
0.763333 0 0 0 0
0.77 0 0 0 0
0.776667 0 0 0 0
0.783333 0 0 0 0
0.79 0 0 0 0
0.796667 0 0 0 0
0.803333 0 0 0 0
0.81 0 0 0 0
0.816667 0 0 0 0
0.823333 0 0 0 0
0.83 0 0 0 0
0.836667 0 0 0 0
0.843333 0 0 0 0
0.85 0 0 0 0
0.856667 0 0 0 0
0.863333 0 0 0 0
0.87 0 0 0 0
0.876667 0 0 0 0
0.883333 0 0 0 0
0.89 0 0 0 0
0.896667 0 0 0 0
0.903333 0 0 0 0
0.91 0 0 0 0
0.916667 0 0 0 0
0.923333 0 0 0 0
0.93 0 0 0 0
0.936667 0 0 0 0
0.943333 0 0 0 0
0.95 0 0 0 0
0.956667 0 0 0 0
0.963333 0 0 0 0
0.97 0 0 0 0
0.976667 0 0 0 0
0.983333 0 0 0 0
0.99 0 0 0 0
0.996667 0 0 0 0
1.00333 0 0 0 0
1.01 0 0 0 0
1.01667 0 0 0 0
1.02333 0 0 0 0
1.03 0 0 0 0
1.03667 0 0 0 0
1.04333 0 0 0 0
1.05 0 0 0 0
1.05667 0 0 0 0
1.06333 0 0 0 0
1.07 0 0 0 0
1.07667 0 0 0 0
1.08333 0 0 0 0
1.09 0 0 0 0
1.09667 0 0 0 0
1.10333 0 0 0 0
1.11 0 0 0 0
1.11667 0 0 0 0
1.12333 0 0 0 0
1.13 0 0 0 0
1.13667 0 0 0 0
1.14333 0 0 0 0
1.15 0 0 0 0
1.15667 0 0 0 0
1.16333 0 0 0 0
1.17 0 0 0 0
1.17667 0 0 0 0
1.18333 0 0 0 0
1.19 0 0 0 0
1.19667 0 0 0 0
1.20333 0 0 0 0
1.21 0 0 0 0
1.21667 0 0 0 0
1.22333 0 0 0 0
1.23 0 0 0 0
1.23667 0 0 0 0
1.24333 0 0 0 0
1.25 0 0 0 0
1.25667 0 0 0 0
1.26333 0 0 0 0
1.27 0 0 0 0
1.27667 0 0 0 0
1.28333 0 0 0 0
1.29 0 0 0 0
1.29667 0 0 0 0
1.30333 0 0 0 0
1.31 0 0 0 0
1.31667 0 0 0 0
1.32333 0 0 0 0
1.33 0 0 0 0
1.33667 0 0 0 0
1.34333 0 0 0 0
1.35 0 0 0 0
1.35667 0 0 0 0
1.36333 0 0 0 0
1.37 0 0 0 0
1.37667 0 0 0 0
1.38333 0 0 0 0
1.39 0 0 0 0
1.39667 0 0 0 0
1.40333 0 0 0 0
1.41 0 0 0 0
1.41667 0 0 0 0
1.42333 0 0 0 0
1.43 0 0 0 0
1.43667 0 0 0 0
1.44333 0 0 0 0
1.45 0 0 0 0
1.45667 0 0 0 0
1.46333 0 0 0 0
1.47 0 0 0 0
1.47667 0 0 0 0
1.48333 0 0 0 0
1.49 0 0 0 0
1.49667 0 0 0 0
1.50333 0 0 0 0
1.51 0 0 0 0
1.51667 0 0 0 0
1.52333 0 0 0 0
1.53 0 0 0 0
1.53667 0 0 0 0
1.54333 0 0 0 0
1.55 0 0 0 0
1.55667 0 0 0 0
1.56333 0 0 0 0
1.57 0 0 0 0
1.57667 0 0 0 0
1.58333 0 0 0 0
1.59 0 0 0 0
1.59667 0 0 0 0
1.60333 0 0 0 0
1.61 0 0 0 0
1.61667 0 0 0 0
1.62333 0 0 0 0
1.63 0 0 0 0
1.63667 0 0 0 0
1.64333 0 0 0 0
1.65 0 0 0 0
1.65667 0 0 0 0
1.66333 0 0 0 0
1.67 0 0 0 0
1.67667 0 0 0 0
1.68333 0 0 0 0
1.69 0 0 0 0
1.69667 0 0 0 0
1.70333 0 0 0 0
1.71 0 0 0 0
1.71667 0 0 0 0
1.72333 0 0 0 0
1.73 0 0 0 0
1.73667 0 0 0 0
1.74333 0 0 0 0
1.75 0 0 0 0
1.75667 0 0 0 0
1.76333 0 0 0 0
1.77 0 0 0 0
1.77667 0 0 0 0
1.78333 0 0 0 0
1.79 0 0 0 0
1.79667 0 0 0 0
1.80333 0 0 0 0
1.81 0 0 0 0
1.81667 0 0 0 0
1.82333 0 0 0 0
1.83 0 0 0 0
1.83667 0 0 0 0
1.84333 0 0 0 0
1.85 0 0 0 0
1.85667 0 0 0 0
1.86333 0 0 0 0
1.87 0 0 0 0
1.87667 0 0 0 0
1.88333 0 0 0 0
1.89 0 0 0 0
1.89667 0 0 0 0
1.90333 0 0 0 0
1.91 0 0 0 0
1.91667 0 0 0 0
1.92333 0 0 0 0
1.93 0 0 0 0
1.93667 0 0 0 0
1.94333 0 0 0 0
1.95 0 0 0 0
1.95667 0 0 0 0
1.96333 0 0 0 0
1.97 0 0 0 0
1.97667 0 0 0 0
1.98333 0 0 0 0
1.99 0 0 0 0
1.99667 0 0 0 0
