0.00333333 2 20 44 11
0.01 3 19 53 18
0.0166667 10 18 55 13
0.0233333 3 21 48 21
0.03 5 20 75 21
0.0366667 5 32 85 21
0.0433333 7 29 120 27
0.05 8 56 125 50
0.0566667 20 54 190 45
0.0633333 20 66 184 35
0.07 15 69 222 53
0.0766667 18 62 210 57
0.0833333 16 54 228 52
0.09 8 64 221 66
0.0966667 16 54 261 52
0.103333 13 68 228 46
0.11 14 73 243 53
0.116667 17 54 205 69
0.123333 15 52 224 43
0.13 25 37 198 40
0.136667 11 50 172 36
0.143333 21 53 182 26
0.15 14 29 177 47
0.156667 15 49 167 26
0.163333 12 53 191 42
0.17 21 46 150 40
0.176667 17 43 150 44
0.183333 11 44 164 47
0.19 9 50 193 42
0.196667 15 39 157 34
0.203333 7 47 133 32
0.21 12 28 139 37
0.216667 11 37 132 39
0.223333 8 33 152 28
0.23 9 23 107 26
0.236667 7 36 127 36
0.243333 6 27 139 28
0.25 11 36 135 20
0.256667 15 35 109 19
0.263333 6 29 103 27
0.27 6 37 107 26
0.276667 8 24 78 25
0.283333 3 25 104 25
0.29 2 23 91 17
0.296667 6 21 90 20
0.303333 8 22 78 19
0.31 8 24 82 19
0.316667 5 22 71 13
0.323333 9 16 88 16
0.33 5 18 68 20
0.336667 9 22 78 18
0.343333 5 18 92 20
0.35 8 26 85 26
0.356667 6 20 79 17
0.363333 5 17 59 13
0.37 5 21 59 10
0.376667 8 25 59 18
0.383333 7 25 53 16
0.39 3 22 63 17
0.396667 6 19 55 9
0.403333 6 13 55 18
0.41 1 15 63 14
0.416667 5 23 55 18
0.423333 7 21 54 20
0.43 9 20 58 10
0.436667 1 16 47 10
0.443333 5 20 58 14
0.45 2 13 49 11
0.456667 3 20 46 14
0.463333 8 18 49 18
0.47 7 7 50 12
0.476667 4 17 46 14
0.483333 6 17 38 13
0.49 1 14 33 15
0.496667 6 16 49 13
0.503333 5 9 39 9
0.51 5 17 39 6
0.516667 5 17 31 5
0.523333 1 7 39 9
0.53 3 10 20 6
0.536667 1 9 20 5
0.543333 2 14 33 13
0.55 3 8 29 6
0.556667 1 12 24 8
0.563333 1 8 23 7
0.57 3 14 22 12
0.576667 6 9 23 7
0.583333 2 7 35 11
0.59 5 8 26 5
0.596667 0 14 21 11
0.603333 3 5 23 5
0.61 2 10 35 4
0.616667 4 8 21 6
0.623333 2 10 33 4
0.63 2 9 23 4
0.636667 1 11 27 4
0.643333 1 5 20 4
0.65 2 6 14 4
0.656667 3 10 22 10
0.663333 73 305 1443 275
0.67 0 0 0 0
0.676667 0 0 0 0
0.683333 0 0 0 0
0.69 0 0 0 0
0.696667 0 0 0 0
0.703333 0 0 0 0
0.71 0 0 0 0
0.716667 0 0 0 0
0.723333 0 0 0 0
0.73 0 0 0 0
0.736667 0 0 0 0
0.743333 0 0 0 0
0.75 0 0 0 0
0.756667 0 0 0 0
0.763333 0 0 0 0
0.77 0 0 0 0
0.776667 0 0 0 0
0.783333 0 0 0 0
0.79 0 0 0 0
0.796667 0 0 0 0
0.803333 0 0 0 0
0.81 0 0 0 0
0.816667 0 0 0 0
0.823333 0 0 0 0
0.83 0 0 0 0
0.836667 0 0 0 0
0.843333 0 0 0 0
0.85 0 0 0 0
0.856667 0 0 0 0
0.863333 0 0 0 0
0.87 0 0 0 0
0.876667 0 0 0 0
0.883333 0 0 0 0
0.89 0 0 0 0
0.896667 0 0 0 0
0.903333 0 0 0 0
0.91 0 0 0 0
0.916667 0 0 0 0
0.923333 0 0 0 0
0.93 0 0 0 0
0.936667 0 0 0 0
0.943333 0 0 0 0
0.95 0 0 0 0
0.956667 0 0 0 0
0.963333 0 0 0 0
0.97 0 0 0 0
0.976667 0 0 0 0
0.983333 0 0 0 0
0.99 0 0 0 0
0.996667 0 0 0 0
1.00333 0 0 0 0
1.01 0 0 0 0
1.01667 0 0 0 0
1.02333 0 0 0 0
1.03 0 0 0 0
1.03667 0 0 0 0
1.04333 0 0 0 0
1.05 0 0 0 0
1.05667 0 0 0 0
1.06333 0 0 0 0
1.07 0 0 0 0
1.07667 0 0 0 0
1.08333 0 0 0 0
1.09 0 0 0 0
1.09667 0 0 0 0
1.10333 0 0 0 0
1.11 0 0 0 0
1.11667 0 0 0 0
1.12333 0 0 0 0
1.13 0 0 0 0
1.13667 0 0 0 0
1.14333 0 0 0 0
1.15 0 0 0 0
1.15667 0 0 0 0
1.16333 0 0 0 0
1.17 0 0 0 0
1.17667 0 0 0 0
1.18333 0 0 0 0
1.19 0 0 0 0
1.19667 0 0 0 0
1.20333 0 0 0 0
1.21 0 0 0 0
1.21667 0 0 0 0
1.22333 0 0 0 0
1.23 0 0 0 0
1.23667 0 0 0 0
1.24333 0 0 0 0
1.25 0 0 0 0
1.25667 0 0 0 0
1.26333 0 0 0 0
1.27 0 0 0 0
1.27667 0 0 0 0
1.28333 0 0 0 0
1.29 0 0 0 0
1.29667 0 0 0 0
1.30333 0 0 0 0
1.31 0 0 0 0
1.31667 0 0 0 0
1.32333 0 0 0 0
1.33 0 0 0 0
1.33667 0 0 0 0
1.34333 0 0 0 0
1.35 0 0 0 0
1.35667 0 0 0 0
1.36333 0 0 0 0
1.37 0 0 0 0
1.37667 0 0 0 0
1.38333 0 0 0 0
1.39 0 0 0 0
1.39667 0 0 0 0
1.40333 0 0 0 0
1.41 0 0 0 0
1.41667 0 0 0 0
1.42333 0 0 0 0
1.43 0 0 0 0
1.43667 0 0 0 0
1.44333 0 0 0 0
1.45 0 0 0 0
1.45667 0 0 0 0
1.46333 0 0 0 0
1.47 0 0 0 0
1.47667 0 0 0 0
1.48333 0 0 0 0
1.49 0 0 0 0
1.49667 0 0 0 0
1.50333 0 0 0 0
1.51 0 0 0 0
1.51667 0 0 0 0
1.52333 0 0 0 0
1.53 0 0 0 0
1.53667 0 0 0 0
1.54333 0 0 0 0
1.55 0 0 0 0
1.55667 0 0 0 0
1.56333 0 0 0 0
1.57 0 0 0 0
1.57667 0 0 0 0
1.58333 0 0 0 0
1.59 0 0 0 0
1.59667 0 0 0 0
1.60333 0 0 0 0
1.61 0 0 0 0
1.61667 0 0 0 0
1.62333 0 0 0 0
1.63 0 0 0 0
1.63667 0 0 0 0
1.64333 0 0 0 0
1.65 0 0 0 0
1.65667 0 0 0 0
1.66333 0 0 0 0
1.67 0 0 0 0
1.67667 0 0 0 0
1.68333 0 0 0 0
1.69 0 0 0 0
1.69667 0 0 0 0
1.70333 0 0 0 0
1.71 0 0 0 0
1.71667 0 0 0 0
1.72333 0 0 0 0
1.73 0 0 0 0
1.73667 0 0 0 0
1.74333 0 0 0 0
1.75 0 0 0 0
1.75667 0 0 0 0
1.76333 0 0 0 0
1.77 0 0 0 0
1.77667 0 0 0 0
1.78333 0 0 0 0
1.79 0 0 0 0
1.79667 0 0 0 0
1.80333 0 0 0 0
1.81 0 0 0 0
1.81667 0 0 0 0
1.82333 0 0 0 0
1.83 0 0 0 0
1.83667 0 0 0 0
1.84333 0 0 0 0
1.85 0 0 0 0
1.85667 0 0 0 0
1.86333 0 0 0 0
1.87 0 0 0 0
1.87667 0 0 0 0
1.88333 0 0 0 0
1.89 0 0 0 0
1.89667 0 0 0 0
1.90333 0 0 0 0
1.91 0 0 0 0
1.91667 0 0 0 0
1.92333 0 0 0 0
1.93 0 0 0 0
1.93667 0 0 0 0
1.94333 0 0 0 0
1.95 0 0 0 0
1.95667 0 0 0 0
1.96333 0 0 0 0
1.97 0 0 0 0
1.97667 0 0 0 0
1.98333 0 0 0 0
1.99 0 0 0 0
1.99667 0 0 0 0
