0.00333333 16 111 1 3
0.01 22 144 4 3
0.0166667 35 135 2 2
0.0233333 27 142 3 2
0.03 28 140 3 6
0.0366667 35 164 7 4
0.0433333 51 186 9 6
0.05 75 235 10 3
0.0566667 67 281 9 3
0.0633333 86 316 9 4
0.07 98 314 10 11
0.0766667 119 360 14 6
0.0833333 111 359 16 2
0.09 96 371 15 4
0.0966667 94 366 13 4
0.103333 88 387 15 3
0.11 108 370 15 8
0.116667 93 387 14 10
0.123333 77 397 7 10
0.13 83 410 8 5
0.136667 82 391 9 8
0.143333 70 370 6 3
0.15 69 378 5 2
0.156667 56 372 5 4
0.163333 61 370 8 9
0.17 66 360 6 4
0.176667 79 356 6 7
0.183333 60 393 10 5
0.19 66 466 9 8
0.196667 68 413 8 7
0.203333 53 422 5 10
0.21 63 392 6 11
0.216667 52 371 6 4
0.223333 57 362 6 7
0.23 52 298 7 7
0.236667 42 279 6 8
0.243333 54 286 1 3
0.25 45 279 6 4
0.256667 43 255 3 8
0.263333 47 219 3 10
0.27 43 229 11 2
0.276667 62 220 7 3
0.283333 34 208 2 4
0.29 39 197 3 7
0.296667 31 188 8 4
0.303333 36 209 4 4
0.31 31 165 3 2
0.316667 25 154 2 4
0.323333 39 175 2 3
0.33 39 158 2 3
0.336667 30 142 2 1
0.343333 40 150 4 1
0.35 28 174 3 2
0.356667 26 121 3 3
0.363333 18 139 5 2
0.37 29 129 3 1
0.376667 34 163 3 5
0.383333 24 133 1 2
0.39 22 143 3 3
0.396667 29 140 2 2
0.403333 20 144 1 3
0.41 29 143 3 4
0.416667 26 152 1 6
0.423333 24 137 3 3
0.43 18 129 5 1
0.436667 21 137 8 7
0.443333 24 141 2 2
0.45 25 145 6 2
0.456667 21 131 5 2
0.463333 31 156 1 4
0.47 25 147 2 1
0.476667 15 109 2 5
0.483333 18 73 5 2
0.49 19 65 3 1
0.496667 17 76 3 2
0.503333 12 70 1 2
0.51 23 67 0 2
0.516667 20 62 4 2
0.523333 18 64 2 2
0.53 18 56 4 0
0.536667 9 60 2 5
0.543333 13 45 3 3
0.55 13 46 3 2
0.556667 10 51 4 3
0.563333 16 58 1 0
0.57 14 61 3 1
0.576667 11 48 2 3
0.583333 11 42 1 1
0.59 15 54 1 4
0.596667 13 53 2 2
0.603333 9 53 1 1
0.61 9 54 0 4
0.616667 7 48 2 3
0.623333 15 34 1 0
0.63 21 44 1 1
0.636667 10 62 0 1
0.643333 12 47 0 2
0.65 12 25 3 2
0.656667 7 45 0 1
0.663333 441 5981 39 99
0.67 0 0 0 0
0.676667 0 0 0 0
0.683333 0 0 0 0
0.69 0 0 0 0
0.696667 0 0 0 0
0.703333 0 0 0 0
0.71 0 0 0 0
0.716667 0 0 0 0
0.723333 0 0 0 0
0.73 0 0 0 0
0.736667 0 0 0 0
0.743333 0 0 0 0
0.75 0 0 0 0
0.756667 0 0 0 0
0.763333 0 0 0 0
0.77 0 0 0 0
0.776667 0 0 0 0
0.783333 0 0 0 0
0.79 0 0 0 0
0.796667 0 0 0 0
0.803333 0 0 0 0
0.81 0 0 0 0
0.816667 0 0 0 0
0.823333 0 0 0 0
0.83 0 0 0 0
0.836667 0 0 0 0
0.843333 0 0 0 0
0.85 0 0 0 0
0.856667 0 0 0 0
0.863333 0 0 0 0
0.87 0 0 0 0
0.876667 0 0 0 0
0.883333 0 0 0 0
0.89 0 0 0 0
0.896667 0 0 0 0
0.903333 0 0 0 0
0.91 0 0 0 0
0.916667 0 0 0 0
0.923333 0 0 0 0
0.93 0 0 0 0
0.936667 0 0 0 0
0.943333 0 0 0 0
0.95 0 0 0 0
0.956667 0 0 0 0
0.963333 0 0 0 0
0.97 0 0 0 0
0.976667 0 0 0 0
0.983333 0 0 0 0
0.99 0 0 0 0
0.996667 0 0 0 0
1.00333 0 0 0 0
1.01 0 0 0 0
1.01667 0 0 0 0
1.02333 0 0 0 0
1.03 0 0 0 0
1.03667 0 0 0 0
1.04333 0 0 0 0
1.05 0 0 0 0
1.05667 0 0 0 0
1.06333 0 0 0 0
1.07 0 0 0 0
1.07667 0 0 0 0
1.08333 0 0 0 0
1.09 0 0 0 0
1.09667 0 0 0 0
1.10333 0 0 0 0
1.11 0 0 0 0
1.11667 0 0 0 0
1.12333 0 0 0 0
1.13 0 0 0 0
1.13667 0 0 0 0
1.14333 0 0 0 0
1.15 0 0 0 0
1.15667 0 0 0 0
1.16333 0 0 0 0
1.17 0 0 0 0
1.17667 0 0 0 0
1.18333 0 0 0 0
1.19 0 0 0 0
1.19667 0 0 0 0
1.20333 0 0 0 0
1.21 0 0 0 0
1.21667 0 0 0 0
1.22333 0 0 0 0
1.23 0 0 0 0
1.23667 0 0 0 0
1.24333 0 0 0 0
1.25 0 0 0 0
1.25667 0 0 0 0
1.26333 0 0 0 0
1.27 0 0 0 0
1.27667 0 0 0 0
1.28333 0 0 0 0
1.29 0 0 0 0
1.29667 0 0 0 0
1.30333 0 0 0 0
1.31 0 0 0 0
1.31667 0 0 0 0
1.32333 0 0 0 0
1.33 0 0 0 0
1.33667 0 0 0 0
1.34333 0 0 0 0
1.35 0 0 0 0
1.35667 0 0 0 0
1.36333 0 0 0 0
1.37 0 0 0 0
1.37667 0 0 0 0
1.38333 0 0 0 0
1.39 0 0 0 0
1.39667 0 0 0 0
1.40333 0 0 0 0
1.41 0 0 0 0
1.41667 0 0 0 0
1.42333 0 0 0 0
1.43 0 0 0 0
1.43667 0 0 0 0
1.44333 0 0 0 0
1.45 0 0 0 0
1.45667 0 0 0 0
1.46333 0 0 0 0
1.47 0 0 0 0
1.47667 0 0 0 0
1.48333 0 0 0 0
1.49 0 0 0 0
1.49667 0 0 0 0
1.50333 0 0 0 0
1.51 0 0 0 0
1.51667 0 0 0 0
1.52333 0 0 0 0
1.53 0 0 0 0
1.53667 0 0 0 0
1.54333 0 0 0 0
1.55 0 0 0 0
1.55667 0 0 0 0
1.56333 0 0 0 0
1.57 0 0 0 0
1.57667 0 0 0 0
1.58333 0 0 0 0
1.59 0 0 0 0
1.59667 0 0 0 0
1.60333 0 0 0 0
1.61 0 0 0 0
1.61667 0 0 0 0
1.62333 0 0 0 0
1.63 0 0 0 0
1.63667 0 0 0 0
1.64333 0 0 0 0
1.65 0 0 0 0
1.65667 0 0 0 0
1.66333 0 0 0 0
1.67 0 0 0 0
1.67667 0 0 0 0
1.68333 0 0 0 0
1.69 0 0 0 0
1.69667 0 0 0 0
1.70333 0 0 0 0
1.71 0 0 0 0
1.71667 0 0 0 0
1.72333 0 0 0 0
1.73 0 0 0 0
1.73667 0 0 0 0
1.74333 0 0 0 0
1.75 0 0 0 0
1.75667 0 0 0 0
1.76333 0 0 0 0
1.77 0 0 0 0
1.77667 0 0 0 0
1.78333 0 0 0 0
1.79 0 0 0 0
1.79667 0 0 0 0
1.80333 0 0 0 0
1.81 0 0 0 0
1.81667 0 0 0 0
1.82333 0 0 0 0
1.83 0 0 0 0
1.83667 0 0 0 0
1.84333 0 0 0 0
1.85 0 0 0 0
1.85667 0 0 0 0
1.86333 0 0 0 0
1.87 0 0 0 0
1.87667 0 0 0 0
1.88333 0 0 0 0
1.89 0 0 0 0
1.89667 0 0 0 0
1.90333 0 0 0 0
1.91 0 0 0 0
1.91667 0 0 0 0
1.92333 0 0 0 0
1.93 0 0 0 0
1.93667 0 0 0 0
1.94333 0 0 0 0
1.95 0 0 0 0
1.95667 0 0 0 0
1.96333 0 0 0 0
1.97 0 0 0 0
1.97667 0 0 0 0
1.98333 0 0 0 0
1.99 0 0 0 0
1.99667 0 0 0 0
