0.00333333 3 28 9 17
0.01 2 31 6 17
0.0166667 2 34 18 11
0.0233333 3 42 14 12
0.03 4 41 15 22
0.0366667 4 41 18 19
0.0433333 5 50 17 35
0.05 1 52 25 19
0.0566667 3 39 37 19
0.0633333 4 57 36 25
0.07 3 59 37 20
0.0766667 8 41 21 39
0.0833333 9 49 43 24
0.09 3 48 33 32
0.0966667 2 52 46 24
0.103333 9 58 34 33
0.11 7 46 23 25
0.116667 2 51 33 38
0.123333 7 57 26 33
0.13 2 57 28 23
0.136667 0 59 29 24
0.143333 3 52 35 17
0.15 2 53 29 22
0.156667 7 55 26 21
0.163333 3 53 23 25
0.17 5 54 20 34
0.176667 1 57 19 22
0.183333 2 44 19 24
0.19 1 62 23 27
0.196667 9 58 19 31
0.203333 5 41 13 38
0.21 7 75 19 34
0.216667 8 49 25 33
0.223333 2 70 22 41
0.23 4 46 16 27
0.236667 2 48 13 32
0.243333 5 58 15 22
0.25 3 45 20 31
0.256667 2 51 19 27
0.263333 2 50 15 30
0.27 2 40 16 38
0.276667 1 32 18 29
0.283333 2 43 15 24
0.29 1 36 25 18
0.296667 4 40 24 28
0.303333 2 39 17 30
0.31 4 32 18 28
0.316667 3 51 12 23
0.323333 6 44 13 25
0.33 2 40 13 16
0.336667 4 40 18 18
0.343333 1 38 13 27
0.35 1 47 20 21
0.356667 1 27 9 19
0.363333 1 33 5 26
0.37 4 36 10 18
0.376667 4 38 16 26
0.383333 2 35 12 22
0.39 3 35 16 30
0.396667 4 33 16 17
0.403333 3 36 15 29
0.41 2 35 16 14
0.416667 3 39 16 27
0.423333 1 41 10 23
0.43 4 38 9 14
0.436667 2 32 13 23
0.443333 5 40 7 22
0.45 2 27 11 28
0.456667 2 31 15 20
0.463333 1 26 16 25
0.47 2 36 9 27
0.476667 0 34 7 15
0.483333 4 16 6 5
0.49 2 11 9 9
0.496667 0 18 9 10
0.503333 2 13 6 11
0.51 1 13 17 5
0.516667 0 10 7 5
0.523333 0 10 6 15
0.53 0 9 8 12
0.536667 3 9 9 4
0.543333 0 9 7 11
0.55 1 8 7 7
0.556667 0 6 9 7
0.563333 5 6 8 5
0.57 2 8 5 4
0.576667 2 6 4 7
0.583333 2 4 9 8
0.59 1 4 5 7
0.596667 1 10 7 9
0.603333 1 4 11 5
0.61 1 3 15 7
0.616667 1 3 9 5
0.623333 1 3 5 3
0.63 3 6 6 5
0.636667 2 11 12 0
0.643333 1 3 7 5
0.65 1 8 10 0
0.656667 2 4 6 2
0.663333 38 2361 235 1361
0.67 0 0 0 0
0.676667 0 0 0 0
0.683333 0 0 0 0
0.69 0 0 0 0
0.696667 0 0 0 0
0.703333 0 0 0 0
0.71 0 0 0 0
0.716667 0 0 0 0
0.723333 0 0 0 0
0.73 0 0 0 0
0.736667 0 0 0 0
0.743333 0 0 0 0
0.75 0 0 0 0
0.756667 0 0 0 0
0.763333 0 0 0 0
0.77 0 0 0 0
0.776667 0 0 0 0
0.783333 0 0 0 0
0.79 0 0 0 0
0.796667 0 0 0 0
0.803333 0 0 0 0
0.81 0 0 0 0
0.816667 0 0 0 0
0.823333 0 0 0 0
0.83 0 0 0 0
0.836667 0 0 0 0
0.843333 0 0 0 0
0.85 0 0 0 0
0.856667 0 0 0 0
0.863333 0 0 0 0
0.87 0 0 0 0
0.876667 0 0 0 0
0.883333 0 0 0 0
0.89 0 0 0 0
0.896667 0 0 0 0
0.903333 0 0 0 0
0.91 0 0 0 0
0.916667 0 0 0 0
0.923333 0 0 0 0
0.93 0 0 0 0
0.936667 0 0 0 0
0.943333 0 0 0 0
0.95 0 0 0 0
0.956667 0 0 0 0
0.963333 0 0 0 0
0.97 0 0 0 0
0.976667 0 0 0 0
0.983333 0 0 0 0
0.99 0 0 0 0
0.996667 0 0 0 0
1.00333 0 0 0 0
1.01 0 0 0 0
1.01667 0 0 0 0
1.02333 0 0 0 0
1.03 0 0 0 0
1.03667 0 0 0 0
1.04333 0 0 0 0
1.05 0 0 0 0
1.05667 0 0 0 0
1.06333 0 0 0 0
1.07 0 0 0 0
1.07667 0 0 0 0
1.08333 0 0 0 0
1.09 0 0 0 0
1.09667 0 0 0 0
1.10333 0 0 0 0
1.11 0 0 0 0
1.11667 0 0 0 0
1.12333 0 0 0 0
1.13 0 0 0 0
1.13667 0 0 0 0
1.14333 0 0 0 0
1.15 0 0 0 0
1.15667 0 0 0 0
1.16333 0 0 0 0
1.17 0 0 0 0
1.17667 0 0 0 0
1.18333 0 0 0 0
1.19 0 0 0 0
1.19667 0 0 0 0
1.20333 0 0 0 0
1.21 0 0 0 0
1.21667 0 0 0 0
1.22333 0 0 0 0
1.23 0 0 0 0
1.23667 0 0 0 0
1.24333 0 0 0 0
1.25 0 0 0 0
1.25667 0 0 0 0
1.26333 0 0 0 0
1.27 0 0 0 0
1.27667 0 0 0 0
1.28333 0 0 0 0
1.29 0 0 0 0
1.29667 0 0 0 0
1.30333 0 0 0 0
1.31 0 0 0 0
1.31667 0 0 0 0
1.32333 0 0 0 0
1.33 0 0 0 0
1.33667 0 0 0 0
1.34333 0 0 0 0
1.35 0 0 0 0
1.35667 0 0 0 0
1.36333 0 0 0 0
1.37 0 0 0 0
1.37667 0 0 0 0
1.38333 0 0 0 0
1.39 0 0 0 0
1.39667 0 0 0 0
1.40333 0 0 0 0
1.41 0 0 0 0
1.41667 0 0 0 0
1.42333 0 0 0 0
1.43 0 0 0 0
1.43667 0 0 0 0
1.44333 0 0 0 0
1.45 0 0 0 0
1.45667 0 0 0 0
1.46333 0 0 0 0
1.47 0 0 0 0
1.47667 0 0 0 0
1.48333 0 0 0 0
1.49 0 0 0 0
1.49667 0 0 0 0
1.50333 0 0 0 0
1.51 0 0 0 0
1.51667 0 0 0 0
1.52333 0 0 0 0
1.53 0 0 0 0
1.53667 0 0 0 0
1.54333 0 0 0 0
1.55 0 0 0 0
1.55667 0 0 0 0
1.56333 0 0 0 0
1.57 0 0 0 0
1.57667 0 0 0 0
1.58333 0 0 0 0
1.59 0 0 0 0
1.59667 0 0 0 0
1.60333 0 0 0 0
1.61 0 0 0 0
1.61667 0 0 0 0
1.62333 0 0 0 0
1.63 0 0 0 0
1.63667 0 0 0 0
1.64333 0 0 0 0
1.65 0 0 0 0
1.65667 0 0 0 0
1.66333 0 0 0 0
1.67 0 0 0 0
1.67667 0 0 0 0
1.68333 0 0 0 0
1.69 0 0 0 0
1.69667 0 0 0 0
1.70333 0 0 0 0
1.71 0 0 0 0
1.71667 0 0 0 0
1.72333 0 0 0 0
1.73 0 0 0 0
1.73667 0 0 0 0
1.74333 0 0 0 0
1.75 0 0 0 0
1.75667 0 0 0 0
1.76333 0 0 0 0
1.77 0 0 0 0
1.77667 0 0 0 0
1.78333 0 0 0 0
1.79 0 0 0 0
1.79667 0 0 0 0
1.80333 0 0 0 0
1.81 0 0 0 0
1.81667 0 0 0 0
1.82333 0 0 0 0
1.83 0 0 0 0
1.83667 0 0 0 0
1.84333 0 0 0 0
1.85 0 0 0 0
1.85667 0 0 0 0
1.86333 0 0 0 0
1.87 0 0 0 0
1.87667 0 0 0 0
1.88333 0 0 0 0
1.89 0 0 0 0
1.89667 0 0 0 0
1.90333 0 0 0 0
1.91 0 0 0 0
1.91667 0 0 0 0
1.92333 0 0 0 0
1.93 0 0 0 0
1.93667 0 0 0 0
1.94333 0 0 0 0
1.95 0 0 0 0
1.95667 0 0 0 0
1.96333 0 0 0 0
1.97 0 0 0 0
1.97667 0 0 0 0
1.98333 0 0 0 0
1.99 0 0 0 0
1.99667 0 0 0 0
