0.00333333 0 6 14 91
0.01 0 9 25 118
0.0166667 0 4 34 128
0.0233333 1 7 32 118
0.03 0 6 32 119
0.0366667 0 10 48 154
0.0433333 0 7 39 168
0.05 2 7 80 235
0.0566667 2 8 97 228
0.0633333 1 10 87 275
0.07 0 5 102 293
0.0766667 0 22 117 302
0.0833333 3 11 101 331
0.09 6 16 88 332
0.0966667 1 14 113 331
0.103333 1 11 82 331
0.11 2 14 102 341
0.116667 2 11 119 380
0.123333 1 10 72 370
0.13 3 7 76 336
0.136667 1 13 79 355
0.143333 2 9 66 340
0.15 2 11 74 318
0.156667 0 19 68 301
0.163333 2 11 61 313
0.17 0 15 56 303
0.176667 3 19 65 306
0.183333 2 18 75 331
0.19 0 12 62 382
0.196667 0 18 73 341
0.203333 3 12 65 367
0.21 0 21 49 349
0.216667 2 15 47 330
0.223333 1 14 55 305
0.23 0 11 56 254
0.236667 0 12 58 253
0.243333 0 16 49 256
0.25 1 12 57 229
0.256667 0 7 43 224
0.263333 0 10 49 213
0.27 0 12 47 239
0.276667 0 6 50 188
0.283333 1 1 45 153
0.29 0 11 38 189
0.296667 0 7 34 179
0.303333 3 1 41 189
0.31 2 7 50 167
0.316667 3 7 27 159
0.323333 0 6 34 134
0.33 1 8 43 135
0.336667 1 2 43 153
0.343333 1 10 46 150
0.35 0 10 23 152
0.356667 0 6 29 124
0.363333 0 5 36 131
0.37 0 7 27 134
0.376667 0 8 36 149
0.383333 0 12 24 118
0.39 1 4 26 121
0.396667 0 12 30 129
0.403333 0 11 26 158
0.41 1 8 28 122
0.416667 0 1 25 123
0.423333 0 4 22 123
0.43 1 4 19 109
0.436667 1 4 23 125
0.443333 1 4 21 101
0.45 0 4 29 135
0.456667 0 4 24 117
0.463333 0 4 32 116
0.47 0 11 21 140
0.476667 0 0 19 95
0.483333 0 4 16 68
0.49 0 4 21 58
0.496667 0 8 15 65
0.503333 0 2 13 67
0.51 0 1 18 65
0.516667 1 3 21 55
0.523333 0 6 20 63
0.53 0 6 20 58
0.536667 0 7 8 48
0.543333 0 0 12 41
0.55 1 5 11 54
0.556667 1 3 15 53
0.563333 0 9 16 50
0.57 1 1 13 60
0.576667 1 2 12 54
0.583333 0 7 21 41
0.59 2 10 18 42
0.596667 1 7 14 37
0.603333 0 4 10 50
0.61 0 1 11 47
0.616667 0 0 13 48
0.623333 0 2 11 34
0.63 0 4 21 37
0.636667 0 3 16 57
0.643333 0 1 15 39
0.65 2 5 11 40
0.656667 0 0 8 36
0.663333 6 158 489 4982
0.67 0 0 0 0
0.676667 0 0 0 0
0.683333 0 0 0 0
0.69 0 0 0 0
0.696667 0 0 0 0
0.703333 0 0 0 0
0.71 0 0 0 0
0.716667 0 0 0 0
0.723333 0 0 0 0
0.73 0 0 0 0
0.736667 0 0 0 0
0.743333 0 0 0 0
0.75 0 0 0 0
0.756667 0 0 0 0
0.763333 0 0 0 0
0.77 0 0 0 0
0.776667 0 0 0 0
0.783333 0 0 0 0
0.79 0 0 0 0
0.796667 0 0 0 0
0.803333 0 0 0 0
0.81 0 0 0 0
0.816667 0 0 0 0
0.823333 0 0 0 0
0.83 0 0 0 0
0.836667 0 0 0 0
0.843333 0 0 0 0
0.85 0 0 0 0
0.856667 0 0 0 0
0.863333 0 0 0 0
0.87 0 0 0 0
0.876667 0 0 0 0
0.883333 0 0 0 0
0.89 0 0 0 0
0.896667 0 0 0 0
0.903333 0 0 0 0
0.91 0 0 0 0
0.916667 0 0 0 0
0.923333 0 0 0 0
0.93 0 0 0 0
0.936667 0 0 0 0
0.943333 0 0 0 0
0.95 0 0 0 0
0.956667 0 0 0 0
0.963333 0 0 0 0
0.97 0 0 0 0
0.976667 0 0 0 0
0.983333 0 0 0 0
0.99 0 0 0 0
0.996667 0 0 0 0
1.00333 0 0 0 0
1.01 0 0 0 0
1.01667 0 0 0 0
1.02333 0 0 0 0
1.03 0 0 0 0
1.03667 0 0 0 0
1.04333 0 0 0 0
1.05 0 0 0 0
1.05667 0 0 0 0
1.06333 0 0 0 0
1.07 0 0 0 0
1.07667 0 0 0 0
1.08333 0 0 0 0
1.09 0 0 0 0
1.09667 0 0 0 0
1.10333 0 0 0 0
1.11 0 0 0 0
1.11667 0 0 0 0
1.12333 0 0 0 0
1.13 0 0 0 0
1.13667 0 0 0 0
1.14333 0 0 0 0
1.15 0 0 0 0
1.15667 0 0 0 0
1.16333 0 0 0 0
1.17 0 0 0 0
1.17667 0 0 0 0
1.18333 0 0 0 0
1.19 0 0 0 0
1.19667 0 0 0 0
1.20333 0 0 0 0
1.21 0 0 0 0
1.21667 0 0 0 0
1.22333 0 0 0 0
1.23 0 0 0 0
1.23667 0 0 0 0
1.24333 0 0 0 0
1.25 0 0 0 0
1.25667 0 0 0 0
1.26333 0 0 0 0
1.27 0 0 0 0
1.27667 0 0 0 0
1.28333 0 0 0 0
1.29 0 0 0 0
1.29667 0 0 0 0
1.30333 0 0 0 0
1.31 0 0 0 0
1.31667 0 0 0 0
1.32333 0 0 0 0
1.33 0 0 0 0
1.33667 0 0 0 0
1.34333 0 0 0 0
1.35 0 0 0 0
1.35667 0 0 0 0
1.36333 0 0 0 0
1.37 0 0 0 0
1.37667 0 0 0 0
1.38333 0 0 0 0
1.39 0 0 0 0
1.39667 0 0 0 0
1.40333 0 0 0 0
1.41 0 0 0 0
1.41667 0 0 0 0
1.42333 0 0 0 0
1.43 0 0 0 0
1.43667 0 0 0 0
1.44333 0 0 0 0
1.45 0 0 0 0
1.45667 0 0 0 0
1.46333 0 0 0 0
1.47 0 0 0 0
1.47667 0 0 0 0
1.48333 0 0 0 0
1.49 0 0 0 0
1.49667 0 0 0 0
1.50333 0 0 0 0
1.51 0 0 0 0
1.51667 0 0 0 0
1.52333 0 0 0 0
1.53 0 0 0 0
1.53667 0 0 0 0
1.54333 0 0 0 0
1.55 0 0 0 0
1.55667 0 0 0 0
1.56333 0 0 0 0
1.57 0 0 0 0
1.57667 0 0 0 0
1.58333 0 0 0 0
1.59 0 0 0 0
1.59667 0 0 0 0
1.60333 0 0 0 0
1.61 0 0 0 0
1.61667 0 0 0 0
1.62333 0 0 0 0
1.63 0 0 0 0
1.63667 0 0 0 0
1.64333 0 0 0 0
1.65 0 0 0 0
1.65667 0 0 0 0
1.66333 0 0 0 0
1.67 0 0 0 0
1.67667 0 0 0 0
1.68333 0 0 0 0
1.69 0 0 0 0
1.69667 0 0 0 0
1.70333 0 0 0 0
1.71 0 0 0 0
1.71667 0 0 0 0
1.72333 0 0 0 0
1.73 0 0 0 0
1.73667 0 0 0 0
1.74333 0 0 0 0
1.75 0 0 0 0
1.75667 0 0 0 0
1.76333 0 0 0 0
1.77 0 0 0 0
1.77667 0 0 0 0
1.78333 0 0 0 0
1.79 0 0 0 0
1.79667 0 0 0 0
1.80333 0 0 0 0
1.81 0 0 0 0
1.81667 0 0 0 0
1.82333 0 0 0 0
1.83 0 0 0 0
1.83667 0 0 0 0
1.84333 0 0 0 0
1.85 0 0 0 0
1.85667 0 0 0 0
1.86333 0 0 0 0
1.87 0 0 0 0
1.87667 0 0 0 0
1.88333 0 0 0 0
1.89 0 0 0 0
1.89667 0 0 0 0
1.90333 0 0 0 0
1.91 0 0 0 0
1.91667 0 0 0 0
1.92333 0 0 0 0
1.93 0 0 0 0
1.93667 0 0 0 0
1.94333 0 0 0 0
1.95 0 0 0 0
1.95667 0 0 0 0
1.96333 0 0 0 0
1.97 0 0 0 0
1.97667 0 0 0 0
1.98333 0 0 0 0
1.99 0 0 0 0
1.99667 0 0 0 0
