0.00333333 0 3 18 112
0.01 0 6 10 102
0.0166667 0 6 17 109
0.0233333 0 6 18 114
0.03 0 3 14 106
0.0366667 0 5 24 130
0.0433333 0 7 33 118
0.05 0 8 31 150
0.0566667 2 9 43 187
0.0633333 0 6 59 200
0.07 1 10 63 194
0.0766667 0 9 71 219
0.0833333 2 15 44 204
0.09 3 10 63 245
0.0966667 1 10 59 198
0.103333 4 9 58 208
0.11 1 11 73 246
0.116667 0 12 42 256
0.123333 1 9 47 275
0.13 0 10 45 245
0.136667 0 14 38 268
0.143333 0 9 44 253
0.15 0 8 49 258
0.156667 0 12 38 243
0.163333 0 6 27 253
0.17 1 12 34 244
0.176667 0 6 33 219
0.183333 0 12 39 251
0.19 0 10 32 314
0.196667 2 20 29 274
0.203333 0 13 36 255
0.21 1 13 33 245
0.216667 1 7 31 258
0.223333 1 8 21 260
0.23 1 16 30 227
0.236667 1 7 28 238
0.243333 1 5 26 231
0.25 1 7 29 199
0.256667 1 8 21 172
0.263333 0 11 29 175
0.27 0 9 33 182
0.276667 0 9 29 180
0.283333 0 4 28 175
0.29 2 8 23 153
0.296667 0 8 26 181
0.303333 0 8 27 177
0.31 0 6 29 159
0.316667 1 5 23 134
0.323333 0 1 32 158
0.33 1 6 26 148
0.336667 1 4 22 137
0.343333 2 9 16 143
0.35 0 10 22 136
0.356667 0 7 22 130
0.363333 0 4 21 139
0.37 0 6 21 138
0.376667 1 7 19 138
0.383333 0 6 20 128
0.39 0 7 20 131
0.396667 0 9 11 112
0.403333 1 9 17 108
0.41 0 7 14 132
0.416667 1 7 15 109
0.423333 1 8 16 101
0.43 1 9 20 121
0.436667 0 8 20 120
0.443333 1 5 13 111
0.45 2 6 15 130
0.456667 0 9 12 124
0.463333 0 6 26 113
0.47 0 10 17 123
0.476667 0 6 19 92
0.483333 1 3 9 67
0.49 0 3 15 53
0.496667 0 4 6 50
0.503333 0 5 13 52
0.51 1 5 12 65
0.516667 1 4 8 45
0.523333 0 4 9 43
0.53 0 3 11 48
0.536667 1 2 7 47
0.543333 0 5 10 49
0.55 0 0 17 52
0.556667 0 5 7 53
0.563333 0 3 11 52
0.57 0 3 11 57
0.576667 0 8 9 39
0.583333 0 1 15 45
0.59 0 3 10 34
0.596667 0 6 9 26
0.603333 0 0 7 39
0.61 0 8 14 39
0.616667 0 6 5 38
0.623333 0 7 11 32
0.63 0 5 7 47
0.636667 0 5 17 53
0.643333 2 4 9 32
0.65 1 6 11 41
0.656667 0 4 9 39
0.663333 5 224 329 5313
0.67 0 0 0 0
0.676667 0 0 0 0
0.683333 0 0 0 0
0.69 0 0 0 0
0.696667 0 0 0 0
0.703333 0 0 0 0
0.71 0 0 0 0
0.716667 0 0 0 0
0.723333 0 0 0 0
0.73 0 0 0 0
0.736667 0 0 0 0
0.743333 0 0 0 0
0.75 0 0 0 0
0.756667 0 0 0 0
0.763333 0 0 0 0
0.77 0 0 0 0
0.776667 0 0 0 0
0.783333 0 0 0 0
0.79 0 0 0 0
0.796667 0 0 0 0
0.803333 0 0 0 0
0.81 0 0 0 0
0.816667 0 0 0 0
0.823333 0 0 0 0
0.83 0 0 0 0
0.836667 0 0 0 0
0.843333 0 0 0 0
0.85 0 0 0 0
0.856667 0 0 0 0
0.863333 0 0 0 0
0.87 0 0 0 0
0.876667 0 0 0 0
0.883333 0 0 0 0
0.89 0 0 0 0
0.896667 0 0 0 0
0.903333 0 0 0 0
0.91 0 0 0 0
0.916667 0 0 0 0
0.923333 0 0 0 0
0.93 0 0 0 0
0.936667 0 0 0 0
0.943333 0 0 0 0
0.95 0 0 0 0
0.956667 0 0 0 0
0.963333 0 0 0 0
0.97 0 0 0 0
0.976667 0 0 0 0
0.983333 0 0 0 0
0.99 0 0 0 0
0.996667 0 0 0 0
1.00333 0 0 0 0
1.01 0 0 0 0
1.01667 0 0 0 0
1.02333 0 0 0 0
1.03 0 0 0 0
1.03667 0 0 0 0
1.04333 0 0 0 0
1.05 0 0 0 0
1.05667 0 0 0 0
1.06333 0 0 0 0
1.07 0 0 0 0
1.07667 0 0 0 0
1.08333 0 0 0 0
1.09 0 0 0 0
1.09667 0 0 0 0
1.10333 0 0 0 0
1.11 0 0 0 0
1.11667 0 0 0 0
1.12333 0 0 0 0
1.13 0 0 0 0
1.13667 0 0 0 0
1.14333 0 0 0 0
1.15 0 0 0 0
1.15667 0 0 0 0
1.16333 0 0 0 0
1.17 0 0 0 0
1.17667 0 0 0 0
1.18333 0 0 0 0
1.19 0 0 0 0
1.19667 0 0 0 0
1.20333 0 0 0 0
1.21 0 0 0 0
1.21667 0 0 0 0
1.22333 0 0 0 0
1.23 0 0 0 0
1.23667 0 0 0 0
1.24333 0 0 0 0
1.25 0 0 0 0
1.25667 0 0 0 0
1.26333 0 0 0 0
1.27 0 0 0 0
1.27667 0 0 0 0
1.28333 0 0 0 0
1.29 0 0 0 0
1.29667 0 0 0 0
1.30333 0 0 0 0
1.31 0 0 0 0
1.31667 0 0 0 0
1.32333 0 0 0 0
1.33 0 0 0 0
1.33667 0 0 0 0
1.34333 0 0 0 0
1.35 0 0 0 0
1.35667 0 0 0 0
1.36333 0 0 0 0
1.37 0 0 0 0
1.37667 0 0 0 0
1.38333 0 0 0 0
1.39 0 0 0 0
1.39667 0 0 0 0
1.40333 0 0 0 0
1.41 0 0 0 0
1.41667 0 0 0 0
1.42333 0 0 0 0
1.43 0 0 0 0
1.43667 0 0 0 0
1.44333 0 0 0 0
1.45 0 0 0 0
1.45667 0 0 0 0
1.46333 0 0 0 0
1.47 0 0 0 0
1.47667 0 0 0 0
1.48333 0 0 0 0
1.49 0 0 0 0
1.49667 0 0 0 0
1.50333 0 0 0 0
1.51 0 0 0 0
1.51667 0 0 0 0
1.52333 0 0 0 0
1.53 0 0 0 0
1.53667 0 0 0 0
1.54333 0 0 0 0
1.55 0 0 0 0
1.55667 0 0 0 0
1.56333 0 0 0 0
1.57 0 0 0 0
1.57667 0 0 0 0
1.58333 0 0 0 0
1.59 0 0 0 0
1.59667 0 0 0 0
1.60333 0 0 0 0
1.61 0 0 0 0
1.61667 0 0 0 0
1.62333 0 0 0 0
1.63 0 0 0 0
1.63667 0 0 0 0
1.64333 0 0 0 0
1.65 0 0 0 0
1.65667 0 0 0 0
1.66333 0 0 0 0
1.67 0 0 0 0
1.67667 0 0 0 0
1.68333 0 0 0 0
1.69 0 0 0 0
1.69667 0 0 0 0
1.70333 0 0 0 0
1.71 0 0 0 0
1.71667 0 0 0 0
1.72333 0 0 0 0
1.73 0 0 0 0
1.73667 0 0 0 0
1.74333 0 0 0 0
1.75 0 0 0 0
1.75667 0 0 0 0
1.76333 0 0 0 0
1.77 0 0 0 0
1.77667 0 0 0 0
1.78333 0 0 0 0
1.79 0 0 0 0
1.79667 0 0 0 0
1.80333 0 0 0 0
1.81 0 0 0 0
1.81667 0 0 0 0
1.82333 0 0 0 0
1.83 0 0 0 0
1.83667 0 0 0 0
1.84333 0 0 0 0
1.85 0 0 0 0
1.85667 0 0 0 0
1.86333 0 0 0 0
1.87 0 0 0 0
1.87667 0 0 0 0
1.88333 0 0 0 0
1.89 0 0 0 0
1.89667 0 0 0 0
1.90333 0 0 0 0
1.91 0 0 0 0
1.91667 0 0 0 0
1.92333 0 0 0 0
1.93 0 0 0 0
1.93667 0 0 0 0
1.94333 0 0 0 0
1.95 0 0 0 0
1.95667 0 0 0 0
1.96333 0 0 0 0
1.97 0 0 0 0
1.97667 0 0 0 0
1.98333 0 0 0 0
1.99 0 0 0 0
1.99667 0 0 0 0
