0.00333333 5 19 21 13
0.01 3 25 19 18
0.0166667 5 21 26 23
0.0233333 1 19 25 15
0.03 5 19 17 26
0.0366667 4 36 34 12
0.0433333 6 28 40 15
0.05 15 36 50 21
0.0566667 6 25 46 24
0.0633333 10 37 67 26
0.07 2 32 56 24
0.0766667 9 38 55 19
0.0833333 4 36 60 38
0.09 7 37 63 25
0.0966667 13 38 61 30
0.103333 8 40 56 25
0.11 8 33 68 18
0.116667 15 47 52 32
0.123333 4 42 60 34
0.13 7 59 46 30
0.136667 13 38 43 28
0.143333 6 26 51 23
0.15 9 41 53 22
0.156667 8 34 37 23
0.163333 6 35 30 21
0.17 2 36 42 26
0.176667 7 39 38 23
0.183333 8 30 31 35
0.19 5 50 37 29
0.196667 11 44 51 33
0.203333 4 33 35 27
0.21 5 36 36 31
0.216667 4 27 31 24
0.223333 9 38 44 23
0.23 8 34 36 25
0.236667 3 30 42 23
0.243333 7 35 43 19
0.25 9 24 42 24
0.256667 8 26 39 29
0.263333 7 34 43 31
0.27 5 27 35 35
0.276667 5 28 33 22
0.283333 3 29 39 23
0.29 4 25 32 19
0.296667 6 32 32 25
0.303333 5 21 36 26
0.31 5 29 39 18
0.316667 2 29 29 25
0.323333 5 22 34 16
0.33 6 31 26 20
0.336667 6 13 32 25
0.343333 3 31 18 18
0.35 3 31 36 15
0.356667 7 26 24 20
0.363333 4 22 23 19
0.37 8 29 26 21
0.376667 0 21 28 18
0.383333 1 20 27 15
0.39 4 23 27 24
0.396667 5 22 25 25
0.403333 5 21 30 11
0.41 5 29 28 28
0.416667 2 19 30 22
0.423333 3 32 22 18
0.43 4 12 25 26
0.436667 4 31 34 16
0.443333 6 28 23 23
0.45 3 27 23 20
0.456667 2 24 31 22
0.463333 2 24 33 21
0.47 4 24 22 17
0.476667 4 22 14 19
0.483333 3 12 13 12
0.49 4 20 10 5
0.496667 2 13 13 9
0.503333 4 10 12 14
0.51 1 11 11 7
0.516667 3 6 19 7
0.523333 1 5 14 8
0.53 2 9 6 9
0.536667 3 12 11 10
0.543333 1 7 11 6
0.55 2 7 13 12
0.556667 2 5 10 5
0.563333 2 6 14 8
0.57 2 6 13 4
0.576667 3 8 6 6
0.583333 5 9 15 6
0.59 0 7 11 8
0.596667 1 10 10 8
0.603333 3 7 7 11
0.61 8 5 10 9
0.616667 5 11 16 6
0.623333 4 7 15 4
0.63 3 7 16 8
0.636667 5 14 20 9
0.643333 2 13 13 8
0.65 4 3 9 5
0.656667 2 4 16 11
0.663333 135 1168 844 921
0.67 0 0 0 0
0.676667 0 0 0 0
0.683333 0 0 0 0
0.69 0 0 0 0
0.696667 0 0 0 0
0.703333 0 0 0 0
0.71 0 0 0 0
0.716667 0 0 0 0
0.723333 0 0 0 0
0.73 0 0 0 0
0.736667 0 0 0 0
0.743333 0 0 0 0
0.75 0 0 0 0
0.756667 0 0 0 0
0.763333 0 0 0 0
0.77 0 0 0 0
0.776667 0 0 0 0
0.783333 0 0 0 0
0.79 0 0 0 0
0.796667 0 0 0 0
0.803333 0 0 0 0
0.81 0 0 0 0
0.816667 0 0 0 0
0.823333 0 0 0 0
0.83 0 0 0 0
0.836667 0 0 0 0
0.843333 0 0 0 0
0.85 0 0 0 0
0.856667 0 0 0 0
0.863333 0 0 0 0
0.87 0 0 0 0
0.876667 0 0 0 0
0.883333 0 0 0 0
0.89 0 0 0 0
0.896667 0 0 0 0
0.903333 0 0 0 0
0.91 0 0 0 0
0.916667 0 0 0 0
0.923333 0 0 0 0
0.93 0 0 0 0
0.936667 0 0 0 0
0.943333 0 0 0 0
0.95 0 0 0 0
0.956667 0 0 0 0
0.963333 0 0 0 0
0.97 0 0 0 0
0.976667 0 0 0 0
0.983333 0 0 0 0
0.99 0 0 0 0
0.996667 0 0 0 0
1.00333 0 0 0 0
1.01 0 0 0 0
1.01667 0 0 0 0
1.02333 0 0 0 0
1.03 0 0 0 0
1.03667 0 0 0 0
1.04333 0 0 0 0
1.05 0 0 0 0
1.05667 0 0 0 0
1.06333 0 0 0 0
1.07 0 0 0 0
1.07667 0 0 0 0
1.08333 0 0 0 0
1.09 0 0 0 0
1.09667 0 0 0 0
1.10333 0 0 0 0
1.11 0 0 0 0
1.11667 0 0 0 0
1.12333 0 0 0 0
1.13 0 0 0 0
1.13667 0 0 0 0
1.14333 0 0 0 0
1.15 0 0 0 0
1.15667 0 0 0 0
1.16333 0 0 0 0
1.17 0 0 0 0
1.17667 0 0 0 0
1.18333 0 0 0 0
1.19 0 0 0 0
1.19667 0 0 0 0
1.20333 0 0 0 0
1.21 0 0 0 0
1.21667 0 0 0 0
1.22333 0 0 0 0
1.23 0 0 0 0
1.23667 0 0 0 0
1.24333 0 0 0 0
1.25 0 0 0 0
1.25667 0 0 0 0
1.26333 0 0 0 0
1.27 0 0 0 0
1.27667 0 0 0 0
1.28333 0 0 0 0
1.29 0 0 0 0
1.29667 0 0 0 0
1.30333 0 0 0 0
1.31 0 0 0 0
1.31667 0 0 0 0
1.32333 0 0 0 0
1.33 0 0 0 0
1.33667 0 0 0 0
1.34333 0 0 0 0
1.35 0 0 0 0
1.35667 0 0 0 0
1.36333 0 0 0 0
1.37 0 0 0 0
1.37667 0 0 0 0
1.38333 0 0 0 0
1.39 0 0 0 0
1.39667 0 0 0 0
1.40333 0 0 0 0
1.41 0 0 0 0
1.41667 0 0 0 0
1.42333 0 0 0 0
1.43 0 0 0 0
1.43667 0 0 0 0
1.44333 0 0 0 0
1.45 0 0 0 0
1.45667 0 0 0 0
1.46333 0 0 0 0
1.47 0 0 0 0
1.47667 0 0 0 0
1.48333 0 0 0 0
1.49 0 0 0 0
1.49667 0 0 0 0
1.50333 0 0 0 0
1.51 0 0 0 0
1.51667 0 0 0 0
1.52333 0 0 0 0
1.53 0 0 0 0
1.53667 0 0 0 0
1.54333 0 0 0 0
1.55 0 0 0 0
1.55667 0 0 0 0
1.56333 0 0 0 0
1.57 0 0 0 0
1.57667 0 0 0 0
1.58333 0 0 0 0
1.59 0 0 0 0
1.59667 0 0 0 0
1.60333 0 0 0 0
1.61 0 0 0 0
1.61667 0 0 0 0
1.62333 0 0 0 0
1.63 0 0 0 0
1.63667 0 0 0 0
1.64333 0 0 0 0
1.65 0 0 0 0
1.65667 0 0 0 0
1.66333 0 0 0 0
1.67 0 0 0 0
1.67667 0 0 0 0
1.68333 0 0 0 0
1.69 0 0 0 0
1.69667 0 0 0 0
1.70333 0 0 0 0
1.71 0 0 0 0
1.71667 0 0 0 0
1.72333 0 0 0 0
1.73 0 0 0 0
1.73667 0 0 0 0
1.74333 0 0 0 0
1.75 0 0 0 0
1.75667 0 0 0 0
1.76333 0 0 0 0
1.77 0 0 0 0
1.77667 0 0 0 0
1.78333 0 0 0 0
1.79 0 0 0 0
1.79667 0 0 0 0
1.80333 0 0 0 0
1.81 0 0 0 0
1.81667 0 0 0 0
1.82333 0 0 0 0
1.83 0 0 0 0
1.83667 0 0 0 0
1.84333 0 0 0 0
1.85 0 0 0 0
1.85667 0 0 0 0
1.86333 0 0 0 0
1.87 0 0 0 0
1.87667 0 0 0 0
1.88333 0 0 0 0
1.89 0 0 0 0
1.89667 0 0 0 0
1.90333 0 0 0 0
1.91 0 0 0 0
1.91667 0 0 0 0
1.92333 0 0 0 0
1.93 0 0 0 0
1.93667 0 0 0 0
1.94333 0 0 0 0
1.95 0 0 0 0
1.95667 0 0 0 0
1.96333 0 0 0 0
1.97 0 0 0 0
1.97667 0 0 0 0
1.98333 0 0 0 0
1.99 0 0 0 0
1.99667 0 0 0 0
