0.00333333 1 9 16 69
0.01 0 10 32 78
0.0166667 3 12 27 70
0.0233333 0 7 42 76
0.03 2 12 38 75
0.0366667 0 7 43 106
0.0433333 0 13 95 119
0.05 2 20 106 120
0.0566667 3 17 104 148
0.0633333 1 22 110 176
0.07 0 20 137 183
0.0766667 2 30 135 196
0.0833333 4 22 138 186
0.09 3 28 119 185
0.0966667 2 21 128 208
0.103333 0 22 114 205
0.11 7 23 116 212
0.116667 2 26 114 220
0.123333 1 29 127 191
0.13 1 12 98 163
0.136667 5 16 115 184
0.143333 5 14 92 210
0.15 3 22 101 173
0.156667 2 29 103 204
0.163333 4 17 78 179
0.17 2 24 78 177
0.176667 2 22 71 194
0.183333 4 29 88 201
0.19 1 28 86 237
0.196667 4 27 75 212
0.203333 1 23 60 192
0.21 1 24 70 163
0.216667 5 21 54 181
0.223333 4 21 55 165
0.23 0 24 55 165
0.236667 2 19 63 171
0.243333 2 27 58 133
0.25 4 21 53 138
0.256667 1 9 51 116
0.263333 3 23 67 112
0.27 1 18 55 120
0.276667 1 15 52 130
0.283333 1 6 62 111
0.29 2 19 46 104
0.296667 1 14 54 99
0.303333 3 6 46 104
0.31 2 9 46 96
0.316667 2 9 46 90
0.323333 1 10 43 112
0.33 1 15 38 97
0.336667 2 12 50 88
0.343333 3 11 35 102
0.35 0 10 39 104
0.356667 0 12 37 77
0.363333 0 15 39 82
0.37 0 13 40 65
0.376667 1 17 37 77
0.383333 0 15 35 68
0.39 2 12 35 70
0.396667 1 18 38 76
0.403333 1 9 25 71
0.41 2 12 32 71
0.416667 1 11 32 83
0.423333 0 9 43 84
0.43 1 11 27 74
0.436667 0 6 40 75
0.443333 2 7 29 70
0.45 0 8 27 72
0.456667 0 8 24 70
0.463333 0 9 34 75
0.47 0 16 26 64
0.476667 1 8 25 58
0.483333 1 5 20 54
0.49 1 8 21 53
0.496667 0 7 24 36
0.503333 0 3 21 37
0.51 1 3 12 41
0.516667 1 3 17 30
0.523333 0 9 11 30
0.53 0 7 12 29
0.536667 0 10 12 30
0.543333 0 5 25 32
0.55 1 5 15 29
0.556667 1 3 17 35
0.563333 0 9 16 25
0.57 1 5 20 31
0.576667 3 5 13 22
0.583333 0 10 17 35
0.59 1 5 10 27
0.596667 2 7 16 36
0.603333 0 9 12 20
0.61 1 3 12 32
0.616667 0 5 17 21
0.623333 0 6 16 32
0.63 1 6 14 19
0.636667 0 7 16 32
0.643333 1 3 12 26
0.65 1 7 9 27
0.656667 0 3 14 20
0.663333 9 268 611 2731
0.67 0 0 0 0
0.676667 0 0 0 0
0.683333 0 0 0 0
0.69 0 0 0 0
0.696667 0 0 0 0
0.703333 0 0 0 0
0.71 0 0 0 0
0.716667 0 0 0 0
0.723333 0 0 0 0
0.73 0 0 0 0
0.736667 0 0 0 0
0.743333 0 0 0 0
0.75 0 0 0 0
0.756667 0 0 0 0
0.763333 0 0 0 0
0.77 0 0 0 0
0.776667 0 0 0 0
0.783333 0 0 0 0
0.79 0 0 0 0
0.796667 0 0 0 0
0.803333 0 0 0 0
0.81 0 0 0 0
0.816667 0 0 0 0
0.823333 0 0 0 0
0.83 0 0 0 0
0.836667 0 0 0 0
0.843333 0 0 0 0
0.85 0 0 0 0
0.856667 0 0 0 0
0.863333 0 0 0 0
0.87 0 0 0 0
0.876667 0 0 0 0
0.883333 0 0 0 0
0.89 0 0 0 0
0.896667 0 0 0 0
0.903333 0 0 0 0
0.91 0 0 0 0
0.916667 0 0 0 0
0.923333 0 0 0 0
0.93 0 0 0 0
0.936667 0 0 0 0
0.943333 0 0 0 0
0.95 0 0 0 0
0.956667 0 0 0 0
0.963333 0 0 0 0
0.97 0 0 0 0
0.976667 0 0 0 0
0.983333 0 0 0 0
0.99 0 0 0 0
0.996667 0 0 0 0
1.00333 0 0 0 0
1.01 0 0 0 0
1.01667 0 0 0 0
1.02333 0 0 0 0
1.03 0 0 0 0
1.03667 0 0 0 0
1.04333 0 0 0 0
1.05 0 0 0 0
1.05667 0 0 0 0
1.06333 0 0 0 0
1.07 0 0 0 0
1.07667 0 0 0 0
1.08333 0 0 0 0
1.09 0 0 0 0
1.09667 0 0 0 0
1.10333 0 0 0 0
1.11 0 0 0 0
1.11667 0 0 0 0
1.12333 0 0 0 0
1.13 0 0 0 0
1.13667 0 0 0 0
1.14333 0 0 0 0
1.15 0 0 0 0
1.15667 0 0 0 0
1.16333 0 0 0 0
1.17 0 0 0 0
1.17667 0 0 0 0
1.18333 0 0 0 0
1.19 0 0 0 0
1.19667 0 0 0 0
1.20333 0 0 0 0
1.21 0 0 0 0
1.21667 0 0 0 0
1.22333 0 0 0 0
1.23 0 0 0 0
1.23667 0 0 0 0
1.24333 0 0 0 0
1.25 0 0 0 0
1.25667 0 0 0 0
1.26333 0 0 0 0
1.27 0 0 0 0
1.27667 0 0 0 0
1.28333 0 0 0 0
1.29 0 0 0 0
1.29667 0 0 0 0
1.30333 0 0 0 0
1.31 0 0 0 0
1.31667 0 0 0 0
1.32333 0 0 0 0
1.33 0 0 0 0
1.33667 0 0 0 0
1.34333 0 0 0 0
1.35 0 0 0 0
1.35667 0 0 0 0
1.36333 0 0 0 0
1.37 0 0 0 0
1.37667 0 0 0 0
1.38333 0 0 0 0
1.39 0 0 0 0
1.39667 0 0 0 0
1.40333 0 0 0 0
1.41 0 0 0 0
1.41667 0 0 0 0
1.42333 0 0 0 0
1.43 0 0 0 0
1.43667 0 0 0 0
1.44333 0 0 0 0
1.45 0 0 0 0
1.45667 0 0 0 0
1.46333 0 0 0 0
1.47 0 0 0 0
1.47667 0 0 0 0
1.48333 0 0 0 0
1.49 0 0 0 0
1.49667 0 0 0 0
1.50333 0 0 0 0
1.51 0 0 0 0
1.51667 0 0 0 0
1.52333 0 0 0 0
1.53 0 0 0 0
1.53667 0 0 0 0
1.54333 0 0 0 0
1.55 0 0 0 0
1.55667 0 0 0 0
1.56333 0 0 0 0
1.57 0 0 0 0
1.57667 0 0 0 0
1.58333 0 0 0 0
1.59 0 0 0 0
1.59667 0 0 0 0
1.60333 0 0 0 0
1.61 0 0 0 0
1.61667 0 0 0 0
1.62333 0 0 0 0
1.63 0 0 0 0
1.63667 0 0 0 0
1.64333 0 0 0 0
1.65 0 0 0 0
1.65667 0 0 0 0
1.66333 0 0 0 0
1.67 0 0 0 0
1.67667 0 0 0 0
1.68333 0 0 0 0
1.69 0 0 0 0
1.69667 0 0 0 0
1.70333 0 0 0 0
1.71 0 0 0 0
1.71667 0 0 0 0
1.72333 0 0 0 0
1.73 0 0 0 0
1.73667 0 0 0 0
1.74333 0 0 0 0
1.75 0 0 0 0
1.75667 0 0 0 0
1.76333 0 0 0 0
1.77 0 0 0 0
1.77667 0 0 0 0
1.78333 0 0 0 0
1.79 0 0 0 0
1.79667 0 0 0 0
1.80333 0 0 0 0
1.81 0 0 0 0
1.81667 0 0 0 0
1.82333 0 0 0 0
1.83 0 0 0 0
1.83667 0 0 0 0
1.84333 0 0 0 0
1.85 0 0 0 0
1.85667 0 0 0 0
1.86333 0 0 0 0
1.87 0 0 0 0
1.87667 0 0 0 0
1.88333 0 0 0 0
1.89 0 0 0 0
1.89667 0 0 0 0
1.90333 0 0 0 0
1.91 0 0 0 0
1.91667 0 0 0 0
1.92333 0 0 0 0
1.93 0 0 0 0
1.93667 0 0 0 0
1.94333 0 0 0 0
1.95 0 0 0 0
1.95667 0 0 0 0
1.96333 0 0 0 0
1.97 0 0 0 0
1.97667 0 0 0 0
1.98333 0 0 0 0
1.99 0 0 0 0
1.99667 0 0 0 0
