0.00333333 3 26 16 35
0.01 1 36 15 42
0.0166667 2 32 19 30
0.0233333 1 40 16 36
0.03 2 32 20 41
0.0366667 1 31 17 33
0.0433333 1 48 39 40
0.05 4 42 31 41
0.0566667 4 46 52 46
0.0633333 3 45 50 69
0.07 4 42 60 59
0.0766667 6 41 52 52
0.0833333 3 45 63 73
0.09 6 67 68 62
0.0966667 3 42 55 61
0.103333 4 71 61 72
0.11 4 49 73 62
0.116667 3 53 55 72
0.123333 7 49 55 64
0.13 4 60 50 64
0.136667 2 62 44 76
0.143333 4 43 44 58
0.15 1 53 41 59
0.156667 5 56 28 48
0.163333 2 56 40 48
0.17 5 56 35 59
0.176667 4 47 47 62
0.183333 0 81 53 76
0.19 4 80 33 102
0.196667 3 65 43 79
0.203333 3 54 31 94
0.21 0 58 36 62
0.216667 4 51 28 61
0.223333 3 50 29 58
0.23 2 57 32 64
0.236667 7 43 27 61
0.243333 5 65 31 41
0.25 2 43 26 54
0.256667 2 35 29 65
0.263333 5 44 23 52
0.27 4 47 33 48
0.276667 2 43 25 57
0.283333 3 31 27 48
0.29 3 40 35 44
0.296667 0 45 18 52
0.303333 3 42 34 41
0.31 2 43 17 33
0.316667 0 32 18 43
0.323333 1 41 23 51
0.33 2 40 24 45
0.336667 2 32 19 46
0.343333 2 39 26 54
0.35 1 35 20 48
0.356667 1 32 21 50
0.363333 2 48 18 40
0.37 1 45 25 40
0.376667 0 38 14 38
0.383333 3 49 25 50
0.39 2 28 20 37
0.396667 0 44 15 40
0.403333 4 39 17 44
0.41 0 37 18 48
0.416667 2 35 18 38
0.423333 2 37 19 23
0.43 0 35 21 40
0.436667 1 38 13 27
0.443333 0 35 22 34
0.45 4 39 16 44
0.456667 2 42 23 43
0.463333 0 33 18 40
0.47 3 36 23 40
0.476667 3 33 11 33
0.483333 2 15 16 20
0.49 2 21 14 17
0.496667 2 11 21 18
0.503333 2 18 12 13
0.51 1 10 8 10
0.516667 1 6 6 18
0.523333 3 15 11 8
0.53 0 11 15 14
0.536667 2 9 17 8
0.543333 1 12 15 5
0.55 0 6 14 6
0.556667 1 9 13 10
0.563333 1 5 7 9
0.57 0 9 11 3
0.576667 0 11 16 12
0.583333 0 10 9 3
0.59 0 5 10 9
0.596667 1 6 10 7
0.603333 1 2 12 4
0.61 2 5 15 8
0.616667 1 3 16 1
0.623333 0 2 7 3
0.63 0 2 12 4
0.636667 0 7 5 15
0.643333 1 3 10 4
0.65 0 1 18 3
0.656667 0 3 8 3
0.663333 28 1705 306 2056
0.67 0 0 0 0
0.676667 0 0 0 0
0.683333 0 0 0 0
0.69 0 0 0 0
0.696667 0 0 0 0
0.703333 0 0 0 0
0.71 0 0 0 0
0.716667 0 0 0 0
0.723333 0 0 0 0
0.73 0 0 0 0
0.736667 0 0 0 0
0.743333 0 0 0 0
0.75 0 0 0 0
0.756667 0 0 0 0
0.763333 0 0 0 0
0.77 0 0 0 0
0.776667 0 0 0 0
0.783333 0 0 0 0
0.79 0 0 0 0
0.796667 0 0 0 0
0.803333 0 0 0 0
0.81 0 0 0 0
0.816667 0 0 0 0
0.823333 0 0 0 0
0.83 0 0 0 0
0.836667 0 0 0 0
0.843333 0 0 0 0
0.85 0 0 0 0
0.856667 0 0 0 0
0.863333 0 0 0 0
0.87 0 0 0 0
0.876667 0 0 0 0
0.883333 0 0 0 0
0.89 0 0 0 0
0.896667 0 0 0 0
0.903333 0 0 0 0
0.91 0 0 0 0
0.916667 0 0 0 0
0.923333 0 0 0 0
0.93 0 0 0 0
0.936667 0 0 0 0
0.943333 0 0 0 0
0.95 0 0 0 0
0.956667 0 0 0 0
0.963333 0 0 0 0
0.97 0 0 0 0
0.976667 0 0 0 0
0.983333 0 0 0 0
0.99 0 0 0 0
0.996667 0 0 0 0
1.00333 0 0 0 0
1.01 0 0 0 0
1.01667 0 0 0 0
1.02333 0 0 0 0
1.03 0 0 0 0
1.03667 0 0 0 0
1.04333 0 0 0 0
1.05 0 0 0 0
1.05667 0 0 0 0
1.06333 0 0 0 0
1.07 0 0 0 0
1.07667 0 0 0 0
1.08333 0 0 0 0
1.09 0 0 0 0
1.09667 0 0 0 0
1.10333 0 0 0 0
1.11 0 0 0 0
1.11667 0 0 0 0
1.12333 0 0 0 0
1.13 0 0 0 0
1.13667 0 0 0 0
1.14333 0 0 0 0
1.15 0 0 0 0
1.15667 0 0 0 0
1.16333 0 0 0 0
1.17 0 0 0 0
1.17667 0 0 0 0
1.18333 0 0 0 0
1.19 0 0 0 0
1.19667 0 0 0 0
1.20333 0 0 0 0
1.21 0 0 0 0
1.21667 0 0 0 0
1.22333 0 0 0 0
1.23 0 0 0 0
1.23667 0 0 0 0
1.24333 0 0 0 0
1.25 0 0 0 0
1.25667 0 0 0 0
1.26333 0 0 0 0
1.27 0 0 0 0
1.27667 0 0 0 0
1.28333 0 0 0 0
1.29 0 0 0 0
1.29667 0 0 0 0
1.30333 0 0 0 0
1.31 0 0 0 0
1.31667 0 0 0 0
1.32333 0 0 0 0
1.33 0 0 0 0
1.33667 0 0 0 0
1.34333 0 0 0 0
1.35 0 0 0 0
1.35667 0 0 0 0
1.36333 0 0 0 0
1.37 0 0 0 0
1.37667 0 0 0 0
1.38333 0 0 0 0
1.39 0 0 0 0
1.39667 0 0 0 0
1.40333 0 0 0 0
1.41 0 0 0 0
1.41667 0 0 0 0
1.42333 0 0 0 0
1.43 0 0 0 0
1.43667 0 0 0 0
1.44333 0 0 0 0
1.45 0 0 0 0
1.45667 0 0 0 0
1.46333 0 0 0 0
1.47 0 0 0 0
1.47667 0 0 0 0
1.48333 0 0 0 0
1.49 0 0 0 0
1.49667 0 0 0 0
1.50333 0 0 0 0
1.51 0 0 0 0
1.51667 0 0 0 0
1.52333 0 0 0 0
1.53 0 0 0 0
1.53667 0 0 0 0
1.54333 0 0 0 0
1.55 0 0 0 0
1.55667 0 0 0 0
1.56333 0 0 0 0
1.57 0 0 0 0
1.57667 0 0 0 0
1.58333 0 0 0 0
1.59 0 0 0 0
1.59667 0 0 0 0
1.60333 0 0 0 0
1.61 0 0 0 0
1.61667 0 0 0 0
1.62333 0 0 0 0
1.63 0 0 0 0
1.63667 0 0 0 0
1.64333 0 0 0 0
1.65 0 0 0 0
1.65667 0 0 0 0
1.66333 0 0 0 0
1.67 0 0 0 0
1.67667 0 0 0 0
1.68333 0 0 0 0
1.69 0 0 0 0
1.69667 0 0 0 0
1.70333 0 0 0 0
1.71 0 0 0 0
1.71667 0 0 0 0
1.72333 0 0 0 0
1.73 0 0 0 0
1.73667 0 0 0 0
1.74333 0 0 0 0
1.75 0 0 0 0
1.75667 0 0 0 0
1.76333 0 0 0 0
1.77 0 0 0 0
1.77667 0 0 0 0
1.78333 0 0 0 0
1.79 0 0 0 0
1.79667 0 0 0 0
1.80333 0 0 0 0
1.81 0 0 0 0
1.81667 0 0 0 0
1.82333 0 0 0 0
1.83 0 0 0 0
1.83667 0 0 0 0
1.84333 0 0 0 0
1.85 0 0 0 0
1.85667 0 0 0 0
1.86333 0 0 0 0
1.87 0 0 0 0
1.87667 0 0 0 0
1.88333 0 0 0 0
1.89 0 0 0 0
1.89667 0 0 0 0
1.90333 0 0 0 0
1.91 0 0 0 0
1.91667 0 0 0 0
1.92333 0 0 0 0
1.93 0 0 0 0
1.93667 0 0 0 0
1.94333 0 0 0 0
1.95 0 0 0 0
1.95667 0 0 0 0
1.96333 0 0 0 0
1.97 0 0 0 0
1.97667 0 0 0 0
1.98333 0 0 0 0
1.99 0 0 0 0
1.99667 0 0 0 0
