0.00333333 7 71 9 9
0.01 7 67 19 10
0.0166667 6 58 11 12
0.0233333 9 77 10 7
0.03 8 78 26 12
0.0366667 10 91 27 10
0.0433333 16 103 36 14
0.05 19 129 29 13
0.0566667 26 166 46 22
0.0633333 34 180 53 21
0.07 28 200 65 23
0.0766667 18 188 71 31
0.0833333 33 202 54 23
0.09 28 221 58 26
0.0966667 21 182 67 20
0.103333 27 205 51 23
0.11 33 201 58 19
0.116667 20 220 57 23
0.123333 27 206 62 30
0.13 22 208 54 35
0.136667 10 196 39 21
0.143333 13 206 40 22
0.15 24 194 40 21
0.156667 23 189 33 26
0.163333 10 190 34 27
0.17 17 157 41 15
0.176667 16 191 40 27
0.183333 26 195 36 24
0.19 18 220 32 26
0.196667 28 188 37 20
0.203333 16 209 44 25
0.21 12 188 30 13
0.216667 8 174 18 18
0.223333 18 155 30 17
0.23 18 178 31 12
0.236667 13 153 20 23
0.243333 11 148 24 17
0.25 16 136 17 13
0.256667 15 133 24 15
0.263333 13 131 25 13
0.27 10 105 37 15
0.276667 15 100 19 16
0.283333 9 115 28 18
0.29 10 120 23 15
0.296667 10 95 16 11
0.303333 5 103 23 11
0.31 11 104 22 15
0.316667 11 96 19 10
0.323333 9 73 22 9
0.33 7 94 18 17
0.336667 11 88 10 8
0.343333 7 66 22 7
0.35 8 90 22 10
0.356667 9 93 11 10
0.363333 9 82 18 8
0.37 5 70 18 9
0.376667 8 72 14 10
0.383333 9 86 15 10
0.39 4 64 14 11
0.396667 6 73 15 8
0.403333 9 80 19 8
0.41 12 61 20 15
0.416667 13 66 16 19
0.423333 6 76 22 9
0.43 8 70 12 6
0.436667 7 64 11 17
0.443333 9 73 15 4
0.45 11 67 9 6
0.456667 8 68 17 10
0.463333 6 67 9 4
0.47 8 61 12 12
0.476667 7 60 12 7
0.483333 9 33 12 4
0.49 6 36 10 6
0.496667 5 34 12 10
0.503333 5 33 13 6
0.51 6 38 4 10
0.516667 6 45 8 3
0.523333 1 31 12 7
0.53 2 39 10 4
0.536667 7 21 10 8
0.543333 7 37 4 5
0.55 7 37 7 2
0.556667 3 27 8 6
0.563333 5 37 7 7
0.57 2 22 8 4
0.576667 3 32 10 3
0.583333 4 35 9 3
0.59 1 30 5 6
0.596667 5 28 10 6
0.603333 5 44 8 4
0.61 2 27 8 4
0.616667 4 16 5 3
0.623333 4 27 2 6
0.63 5 33 8 3
0.636667 2 35 7 2
0.643333 0 30 9 4
0.65 2 21 8 4
0.656667 3 28 6 5
0.663333 122 2313 217 233
0.67 0 0 0 0
0.676667 0 0 0 0
0.683333 0 0 0 0
0.69 0 0 0 0
0.696667 0 0 0 0
0.703333 0 0 0 0
0.71 0 0 0 0
0.716667 0 0 0 0
0.723333 0 0 0 0
0.73 0 0 0 0
0.736667 0 0 0 0
0.743333 0 0 0 0
0.75 0 0 0 0
0.756667 0 0 0 0
0.763333 0 0 0 0
0.77 0 0 0 0
0.776667 0 0 0 0
0.783333 0 0 0 0
0.79 0 0 0 0
0.796667 0 0 0 0
0.803333 0 0 0 0
0.81 0 0 0 0
0.816667 0 0 0 0
0.823333 0 0 0 0
0.83 0 0 0 0
0.836667 0 0 0 0
0.843333 0 0 0 0
0.85 0 0 0 0
0.856667 0 0 0 0
0.863333 0 0 0 0
0.87 0 0 0 0
0.876667 0 0 0 0
0.883333 0 0 0 0
0.89 0 0 0 0
0.896667 0 0 0 0
0.903333 0 0 0 0
0.91 0 0 0 0
0.916667 0 0 0 0
0.923333 0 0 0 0
0.93 0 0 0 0
0.936667 0 0 0 0
0.943333 0 0 0 0
0.95 0 0 0 0
0.956667 0 0 0 0
0.963333 0 0 0 0
0.97 0 0 0 0
0.976667 0 0 0 0
0.983333 0 0 0 0
0.99 0 0 0 0
0.996667 0 0 0 0
1.00333 0 0 0 0
1.01 0 0 0 0
1.01667 0 0 0 0
1.02333 0 0 0 0
1.03 0 0 0 0
1.03667 0 0 0 0
1.04333 0 0 0 0
1.05 0 0 0 0
1.05667 0 0 0 0
1.06333 0 0 0 0
1.07 0 0 0 0
1.07667 0 0 0 0
1.08333 0 0 0 0
1.09 0 0 0 0
1.09667 0 0 0 0
1.10333 0 0 0 0
1.11 0 0 0 0
1.11667 0 0 0 0
1.12333 0 0 0 0
1.13 0 0 0 0
1.13667 0 0 0 0
1.14333 0 0 0 0
1.15 0 0 0 0
1.15667 0 0 0 0
1.16333 0 0 0 0
1.17 0 0 0 0
1.17667 0 0 0 0
1.18333 0 0 0 0
1.19 0 0 0 0
1.19667 0 0 0 0
1.20333 0 0 0 0
1.21 0 0 0 0
1.21667 0 0 0 0
1.22333 0 0 0 0
1.23 0 0 0 0
1.23667 0 0 0 0
1.24333 0 0 0 0
1.25 0 0 0 0
1.25667 0 0 0 0
1.26333 0 0 0 0
1.27 0 0 0 0
1.27667 0 0 0 0
1.28333 0 0 0 0
1.29 0 0 0 0
1.29667 0 0 0 0
1.30333 0 0 0 0
1.31 0 0 0 0
1.31667 0 0 0 0
1.32333 0 0 0 0
1.33 0 0 0 0
1.33667 0 0 0 0
1.34333 0 0 0 0
1.35 0 0 0 0
1.35667 0 0 0 0
1.36333 0 0 0 0
1.37 0 0 0 0
1.37667 0 0 0 0
1.38333 0 0 0 0
1.39 0 0 0 0
1.39667 0 0 0 0
1.40333 0 0 0 0
1.41 0 0 0 0
1.41667 0 0 0 0
1.42333 0 0 0 0
1.43 0 0 0 0
1.43667 0 0 0 0
1.44333 0 0 0 0
1.45 0 0 0 0
1.45667 0 0 0 0
1.46333 0 0 0 0
1.47 0 0 0 0
1.47667 0 0 0 0
1.48333 0 0 0 0
1.49 0 0 0 0
1.49667 0 0 0 0
1.50333 0 0 0 0
1.51 0 0 0 0
1.51667 0 0 0 0
1.52333 0 0 0 0
1.53 0 0 0 0
1.53667 0 0 0 0
1.54333 0 0 0 0
1.55 0 0 0 0
1.55667 0 0 0 0
1.56333 0 0 0 0
1.57 0 0 0 0
1.57667 0 0 0 0
1.58333 0 0 0 0
1.59 0 0 0 0
1.59667 0 0 0 0
1.60333 0 0 0 0
1.61 0 0 0 0
1.61667 0 0 0 0
1.62333 0 0 0 0
1.63 0 0 0 0
1.63667 0 0 0 0
1.64333 0 0 0 0
1.65 0 0 0 0
1.65667 0 0 0 0
1.66333 0 0 0 0
1.67 0 0 0 0
1.67667 0 0 0 0
1.68333 0 0 0 0
1.69 0 0 0 0
1.69667 0 0 0 0
1.70333 0 0 0 0
1.71 0 0 0 0
1.71667 0 0 0 0
1.72333 0 0 0 0
1.73 0 0 0 0
1.73667 0 0 0 0
1.74333 0 0 0 0
1.75 0 0 0 0
1.75667 0 0 0 0
1.76333 0 0 0 0
1.77 0 0 0 0
1.77667 0 0 0 0
1.78333 0 0 0 0
1.79 0 0 0 0
1.79667 0 0 0 0
1.80333 0 0 0 0
1.81 0 0 0 0
1.81667 0 0 0 0
1.82333 0 0 0 0
1.83 0 0 0 0
1.83667 0 0 0 0
1.84333 0 0 0 0
1.85 0 0 0 0
1.85667 0 0 0 0
1.86333 0 0 0 0
1.87 0 0 0 0
1.87667 0 0 0 0
1.88333 0 0 0 0
1.89 0 0 0 0
1.89667 0 0 0 0
1.90333 0 0 0 0
1.91 0 0 0 0
1.91667 0 0 0 0
1.92333 0 0 0 0
1.93 0 0 0 0
1.93667 0 0 0 0
1.94333 0 0 0 0
1.95 0 0 0 0
1.95667 0 0 0 0
1.96333 0 0 0 0
1.97 0 0 0 0
1.97667 0 0 0 0
1.98333 0 0 0 0
1.99 0 0 0 0
1.99667 0 0 0 0
