0.00333333 51 32 3 0
0.01 57 36 2 0
0.0166667 56 24 1 1
0.0233333 58 38 2 0
0.03 70 47 2 3
0.0366667 76 54 4 1
0.0433333 129 72 3 0
0.05 159 86 7 0
0.0566667 195 104 7 2
0.0633333 180 131 8 7
0.07 206 132 5 5
0.0766667 213 134 7 0
0.0833333 233 137 4 2
0.09 242 137 6 0
0.0966667 217 134 6 3
0.103333 210 158 8 2
0.11 202 129 8 0
0.116667 214 136 6 4
0.123333 205 135 7 2
0.13 200 151 7 2
0.136667 211 134 5 3
0.143333 177 119 8 1
0.15 172 120 5 0
0.156667 171 111 7 0
0.163333 166 97 6 1
0.17 175 90 3 1
0.176667 145 103 6 1
0.183333 179 89 7 1
0.19 172 116 0 6
0.196667 152 89 0 2
0.203333 152 88 3 1
0.21 169 89 9 2
0.216667 133 92 6 2
0.223333 139 98 6 3
0.23 137 70 4 2
0.236667 141 87 4 2
0.243333 129 66 4 2
0.25 112 67 1 1
0.256667 108 74 4 1
0.263333 110 56 6 0
0.27 121 70 4 1
0.276667 116 63 4 4
0.283333 98 53 5 2
0.29 109 56 2 0
0.296667 97 54 5 0
0.303333 92 55 3 1
0.31 84 48 1 0
0.316667 101 53 4 1
0.323333 82 60 1 0
0.33 92 46 4 0
0.336667 74 53 4 2
0.343333 76 45 1 2
0.35 71 50 1 2
0.356667 58 39 3 0
0.363333 68 38 2 1
0.37 83 33 4 1
0.376667 45 41 4 0
0.383333 64 40 1 2
0.39 65 38 3 1
0.396667 84 29 2 2
0.403333 74 51 1 0
0.41 59 44 2 2
0.416667 57 41 3 0
0.423333 65 35 5 0
0.43 65 41 2 0
0.436667 72 41 2 4
0.443333 50 42 0 1
0.45 75 36 0 0
0.456667 63 38 2 0
0.463333 51 31 3 0
0.47 72 38 2 1
0.476667 61 26 3 2
0.483333 39 29 3 0
0.49 38 22 1 0
0.496667 30 28 2 1
0.503333 46 20 0 1
0.51 35 25 0 0
0.516667 35 11 0 0
0.523333 39 15 1 0
0.53 33 20 3 0
0.536667 39 14 2 1
0.543333 32 18 0 0
0.55 39 24 2 2
0.556667 34 22 1 1
0.563333 34 18 2 0
0.57 37 18 1 0
0.576667 33 18 1 0
0.583333 37 17 0 0
0.59 39 19 1 2
0.596667 31 20 2 1
0.603333 32 16 2 0
0.61 22 14 2 1
0.616667 22 16 2 1
0.623333 32 12 1 0
0.63 27 13 5 0
0.636667 36 14 5 1
0.643333 33 13 1 0
0.65 29 16 2 1
0.656667 26 16 1 1
0.663333 1680 870 24 8
0.67 0 0 0 0
0.676667 0 0 0 0
0.683333 0 0 0 0
0.69 0 0 0 0
0.696667 0 0 0 0
0.703333 0 0 0 0
0.71 0 0 0 0
0.716667 0 0 0 0
0.723333 0 0 0 0
0.73 0 0 0 0
0.736667 0 0 0 0
0.743333 0 0 0 0
0.75 0 0 0 0
0.756667 0 0 0 0
0.763333 0 0 0 0
0.77 0 0 0 0
0.776667 0 0 0 0
0.783333 0 0 0 0
0.79 0 0 0 0
0.796667 0 0 0 0
0.803333 0 0 0 0
0.81 0 0 0 0
0.816667 0 0 0 0
0.823333 0 0 0 0
0.83 0 0 0 0
0.836667 0 0 0 0
0.843333 0 0 0 0
0.85 0 0 0 0
0.856667 0 0 0 0
0.863333 0 0 0 0
0.87 0 0 0 0
0.876667 0 0 0 0
0.883333 0 0 0 0
0.89 0 0 0 0
0.896667 0 0 0 0
0.903333 0 0 0 0
0.91 0 0 0 0
0.916667 0 0 0 0
0.923333 0 0 0 0
0.93 0 0 0 0
0.936667 0 0 0 0
0.943333 0 0 0 0
0.95 0 0 0 0
0.956667 0 0 0 0
0.963333 0 0 0 0
0.97 0 0 0 0
0.976667 0 0 0 0
0.983333 0 0 0 0
0.99 0 0 0 0
0.996667 0 0 0 0
1.00333 0 0 0 0
1.01 0 0 0 0
1.01667 0 0 0 0
1.02333 0 0 0 0
1.03 0 0 0 0
1.03667 0 0 0 0
1.04333 0 0 0 0
1.05 0 0 0 0
1.05667 0 0 0 0
1.06333 0 0 0 0
1.07 0 0 0 0
1.07667 0 0 0 0
1.08333 0 0 0 0
1.09 0 0 0 0
1.09667 0 0 0 0
1.10333 0 0 0 0
1.11 0 0 0 0
1.11667 0 0 0 0
1.12333 0 0 0 0
1.13 0 0 0 0
1.13667 0 0 0 0
1.14333 0 0 0 0
1.15 0 0 0 0
1.15667 0 0 0 0
1.16333 0 0 0 0
1.17 0 0 0 0
1.17667 0 0 0 0
1.18333 0 0 0 0
1.19 0 0 0 0
1.19667 0 0 0 0
1.20333 0 0 0 0
1.21 0 0 0 0
1.21667 0 0 0 0
1.22333 0 0 0 0
1.23 0 0 0 0
1.23667 0 0 0 0
1.24333 0 0 0 0
1.25 0 0 0 0
1.25667 0 0 0 0
1.26333 0 0 0 0
1.27 0 0 0 0
1.27667 0 0 0 0
1.28333 0 0 0 0
1.29 0 0 0 0
1.29667 0 0 0 0
1.30333 0 0 0 0
1.31 0 0 0 0
1.31667 0 0 0 0
1.32333 0 0 0 0
1.33 0 0 0 0
1.33667 0 0 0 0
1.34333 0 0 0 0
1.35 0 0 0 0
1.35667 0 0 0 0
1.36333 0 0 0 0
1.37 0 0 0 0
1.37667 0 0 0 0
1.38333 0 0 0 0
1.39 0 0 0 0
1.39667 0 0 0 0
1.40333 0 0 0 0
1.41 0 0 0 0
1.41667 0 0 0 0
1.42333 0 0 0 0
1.43 0 0 0 0
1.43667 0 0 0 0
1.44333 0 0 0 0
1.45 0 0 0 0
1.45667 0 0 0 0
1.46333 0 0 0 0
1.47 0 0 0 0
1.47667 0 0 0 0
1.48333 0 0 0 0
1.49 0 0 0 0
1.49667 0 0 0 0
1.50333 0 0 0 0
1.51 0 0 0 0
1.51667 0 0 0 0
1.52333 0 0 0 0
1.53 0 0 0 0
1.53667 0 0 0 0
1.54333 0 0 0 0
1.55 0 0 0 0
1.55667 0 0 0 0
1.56333 0 0 0 0
1.57 0 0 0 0
1.57667 0 0 0 0
1.58333 0 0 0 0
1.59 0 0 0 0
1.59667 0 0 0 0
1.60333 0 0 0 0
1.61 0 0 0 0
1.61667 0 0 0 0
1.62333 0 0 0 0
1.63 0 0 0 0
1.63667 0 0 0 0
1.64333 0 0 0 0
1.65 0 0 0 0
1.65667 0 0 0 0
1.66333 0 0 0 0
1.67 0 0 0 0
1.67667 0 0 0 0
1.68333 0 0 0 0
1.69 0 0 0 0
1.69667 0 0 0 0
1.70333 0 0 0 0
1.71 0 0 0 0
1.71667 0 0 0 0
1.72333 0 0 0 0
1.73 0 0 0 0
1.73667 0 0 0 0
1.74333 0 0 0 0
1.75 0 0 0 0
1.75667 0 0 0 0
1.76333 0 0 0 0
1.77 0 0 0 0
1.77667 0 0 0 0
1.78333 0 0 0 0
1.79 0 0 0 0
1.79667 0 0 0 0
1.80333 0 0 0 0
1.81 0 0 0 0
1.81667 0 0 0 0
1.82333 0 0 0 0
1.83 0 0 0 0
1.83667 0 0 0 0
1.84333 0 0 0 0
1.85 0 0 0 0
1.85667 0 0 0 0
1.86333 0 0 0 0
1.87 0 0 0 0
1.87667 0 0 0 0
1.88333 0 0 0 0
1.89 0 0 0 0
1.89667 0 0 0 0
1.90333 0 0 0 0
1.91 0 0 0 0
1.91667 0 0 0 0
1.92333 0 0 0 0
1.93 0 0 0 0
1.93667 0 0 0 0
1.94333 0 0 0 0
1.95 0 0 0 0
1.95667 0 0 0 0
1.96333 0 0 0 0
1.97 0 0 0 0
1.97667 0 0 0 0
1.98333 0 0 0 0
1.99 0 0 0 0
1.99667 0 0 0 0
