0.00333333 32 20 1 0
0.01 33 8 0 1
0.0166667 28 14 0 0
0.0233333 35 16 1 0
0.03 42 9 0 0
0.0366667 47 25 2 1
0.0433333 63 18 0 0
0.05 87 35 4 0
0.0566667 93 35 3 1
0.0633333 96 36 1 1
0.07 110 45 1 1
0.0766667 128 43 6 0
0.0833333 115 36 3 0
0.09 124 58 1 0
0.0966667 122 39 1 1
0.103333 98 47 2 1
0.11 135 48 2 1
0.116667 123 54 3 0
0.123333 142 33 5 0
0.13 108 45 3 1
0.136667 104 31 3 1
0.143333 113 30 3 0
0.15 87 40 3 0
0.156667 96 35 0 0
0.163333 106 26 1 0
0.17 83 33 1 1
0.176667 92 29 5 0
0.183333 101 24 1 0
0.19 88 27 0 0
0.196667 87 31 0 1
0.203333 105 27 2 0
0.21 99 38 1 1
0.216667 87 26 0 0
0.223333 83 33 3 1
0.23 80 14 2 1
0.236667 82 32 2 1
0.243333 74 25 1 0
0.25 84 19 2 1
0.256667 64 21 3 1
0.263333 65 15 2 0
0.27 59 18 1 0
0.276667 73 33 1 1
0.283333 76 24 3 0
0.29 61 22 1 1
0.296667 64 24 1 0
0.303333 54 24 3 0
0.31 61 26 1 0
0.316667 56 19 2 0
0.323333 68 23 1 0
0.33 61 20 1 0
0.336667 66 21 5 2
0.343333 71 22 1 1
0.35 61 27 3 1
0.356667 54 23 3 1
0.363333 57 16 1 1
0.37 43 17 1 0
0.376667 47 16 1 0
0.383333 37 15 2 1
0.39 49 22 2 0
0.396667 56 8 1 2
0.403333 33 12 0 0
0.41 59 23 0 0
0.416667 51 17 3 2
0.423333 37 18 0 1
0.43 48 18 1 0
0.436667 41 15 0 1
0.443333 42 19 0 0
0.45 55 14 0 0
0.456667 39 22 1 0
0.463333 52 21 3 1
0.47 46 19 1 0
0.476667 45 13 1 0
0.483333 35 9 1 0
0.49 33 18 0 0
0.496667 51 15 2 0
0.503333 28 13 1 0
0.51 29 11 0 0
0.516667 27 10 2 0
0.523333 31 8 0 0
0.53 24 5 2 0
0.536667 31 9 2 1
0.543333 28 11 1 0
0.55 23 10 1 0
0.556667 20 11 0 2
0.563333 25 9 0 0
0.57 29 12 1 1
0.576667 24 6 1 0
0.583333 27 11 1 0
0.59 24 6 2 1
0.596667 13 17 1 1
0.603333 37 7 3 0
0.61 15 9 1 1
0.616667 24 12 0 0
0.623333 34 6 1 0
0.63 26 9 2 0
0.636667 30 7 2 0
0.643333 20 5 3 0
0.65 19 9 4 1
0.656667 19 12 0 2
0.663333 1376 347 27 9
0.67 0 0 0 0
0.676667 0 0 0 0
0.683333 0 0 0 0
0.69 0 0 0 0
0.696667 0 0 0 0
0.703333 0 0 0 0
0.71 0 0 0 0
0.716667 0 0 0 0
0.723333 0 0 0 0
0.73 0 0 0 0
0.736667 0 0 0 0
0.743333 0 0 0 0
0.75 0 0 0 0
0.756667 0 0 0 0
0.763333 0 0 0 0
0.77 0 0 0 0
0.776667 0 0 0 0
0.783333 0 0 0 0
0.79 0 0 0 0
0.796667 0 0 0 0
0.803333 0 0 0 0
0.81 0 0 0 0
0.816667 0 0 0 0
0.823333 0 0 0 0
0.83 0 0 0 0
0.836667 0 0 0 0
0.843333 0 0 0 0
0.85 0 0 0 0
0.856667 0 0 0 0
0.863333 0 0 0 0
0.87 0 0 0 0
0.876667 0 0 0 0
0.883333 0 0 0 0
0.89 0 0 0 0
0.896667 0 0 0 0
0.903333 0 0 0 0
0.91 0 0 0 0
0.916667 0 0 0 0
0.923333 0 0 0 0
0.93 0 0 0 0
0.936667 0 0 0 0
0.943333 0 0 0 0
0.95 0 0 0 0
0.956667 0 0 0 0
0.963333 0 0 0 0
0.97 0 0 0 0
0.976667 0 0 0 0
0.983333 0 0 0 0
0.99 0 0 0 0
0.996667 0 0 0 0
1.00333 0 0 0 0
1.01 0 0 0 0
1.01667 0 0 0 0
1.02333 0 0 0 0
1.03 0 0 0 0
1.03667 0 0 0 0
1.04333 0 0 0 0
1.05 0 0 0 0
1.05667 0 0 0 0
1.06333 0 0 0 0
1.07 0 0 0 0
1.07667 0 0 0 0
1.08333 0 0 0 0
1.09 0 0 0 0
1.09667 0 0 0 0
1.10333 0 0 0 0
1.11 0 0 0 0
1.11667 0 0 0 0
1.12333 0 0 0 0
1.13 0 0 0 0
1.13667 0 0 0 0
1.14333 0 0 0 0
1.15 0 0 0 0
1.15667 0 0 0 0
1.16333 0 0 0 0
1.17 0 0 0 0
1.17667 0 0 0 0
1.18333 0 0 0 0
1.19 0 0 0 0
1.19667 0 0 0 0
1.20333 0 0 0 0
1.21 0 0 0 0
1.21667 0 0 0 0
1.22333 0 0 0 0
1.23 0 0 0 0
1.23667 0 0 0 0
1.24333 0 0 0 0
1.25 0 0 0 0
1.25667 0 0 0 0
1.26333 0 0 0 0
1.27 0 0 0 0
1.27667 0 0 0 0
1.28333 0 0 0 0
1.29 0 0 0 0
1.29667 0 0 0 0
1.30333 0 0 0 0
1.31 0 0 0 0
1.31667 0 0 0 0
1.32333 0 0 0 0
1.33 0 0 0 0
1.33667 0 0 0 0
1.34333 0 0 0 0
1.35 0 0 0 0
1.35667 0 0 0 0
1.36333 0 0 0 0
1.37 0 0 0 0
1.37667 0 0 0 0
1.38333 0 0 0 0
1.39 0 0 0 0
1.39667 0 0 0 0
1.40333 0 0 0 0
1.41 0 0 0 0
1.41667 0 0 0 0
1.42333 0 0 0 0
1.43 0 0 0 0
1.43667 0 0 0 0
1.44333 0 0 0 0
1.45 0 0 0 0
1.45667 0 0 0 0
1.46333 0 0 0 0
1.47 0 0 0 0
1.47667 0 0 0 0
1.48333 0 0 0 0
1.49 0 0 0 0
1.49667 0 0 0 0
1.50333 0 0 0 0
1.51 0 0 0 0
1.51667 0 0 0 0
1.52333 0 0 0 0
1.53 0 0 0 0
1.53667 0 0 0 0
1.54333 0 0 0 0
1.55 0 0 0 0
1.55667 0 0 0 0
1.56333 0 0 0 0
1.57 0 0 0 0
1.57667 0 0 0 0
1.58333 0 0 0 0
1.59 0 0 0 0
1.59667 0 0 0 0
1.60333 0 0 0 0
1.61 0 0 0 0
1.61667 0 0 0 0
1.62333 0 0 0 0
1.63 0 0 0 0
1.63667 0 0 0 0
1.64333 0 0 0 0
1.65 0 0 0 0
1.65667 0 0 0 0
1.66333 0 0 0 0
1.67 0 0 0 0
1.67667 0 0 0 0
1.68333 0 0 0 0
1.69 0 0 0 0
1.69667 0 0 0 0
1.70333 0 0 0 0
1.71 0 0 0 0
1.71667 0 0 0 0
1.72333 0 0 0 0
1.73 0 0 0 0
1.73667 0 0 0 0
1.74333 0 0 0 0
1.75 0 0 0 0
1.75667 0 0 0 0
1.76333 0 0 0 0
1.77 0 0 0 0
1.77667 0 0 0 0
1.78333 0 0 0 0
1.79 0 0 0 0
1.79667 0 0 0 0
1.80333 0 0 0 0
1.81 0 0 0 0
1.81667 0 0 0 0
1.82333 0 0 0 0
1.83 0 0 0 0
1.83667 0 0 0 0
1.84333 0 0 0 0
1.85 0 0 0 0
1.85667 0 0 0 0
1.86333 0 0 0 0
1.87 0 0 0 0
1.87667 0 0 0 0
1.88333 0 0 0 0
1.89 0 0 0 0
1.89667 0 0 0 0
1.90333 0 0 0 0
1.91 0 0 0 0
1.91667 0 0 0 0
1.92333 0 0 0 0
1.93 0 0 0 0
1.93667 0 0 0 0
1.94333 0 0 0 0
1.95 0 0 0 0
1.95667 0 0 0 0
1.96333 0 0 0 0
1.97 0 0 0 0
1.97667 0 0 0 0
1.98333 0 0 0 0
1.99 0 0 0 0
1.99667 0 0 0 0
