0.00333333 10 27 14 5
0.01 13 42 26 7
0.0166667 7 48 13 8
0.0233333 10 41 26 6
0.03 20 52 26 6
0.0366667 12 60 31 6
0.0433333 22 94 47 14
0.05 21 112 63 9
0.0566667 31 129 60 14
0.0633333 33 124 78 13
0.07 37 147 84 16
0.0766667 40 141 81 19
0.0833333 36 140 86 12
0.09 33 162 85 17
0.0966667 44 149 77 16
0.103333 40 138 92 18
0.11 28 133 61 26
0.116667 36 119 73 16
0.123333 33 114 68 19
0.13 29 148 65 14
0.136667 31 100 58 9
0.143333 36 127 65 14
0.15 23 107 57 20
0.156667 25 132 49 8
0.163333 27 105 57 10
0.17 30 114 65 10
0.176667 24 106 55 8
0.183333 33 97 51 12
0.19 19 111 61 11
0.196667 31 105 47 11
0.203333 26 83 42 17
0.21 21 100 58 12
0.216667 22 88 52 13
0.223333 21 76 39 9
0.23 24 81 34 8
0.236667 18 79 45 11
0.243333 27 78 38 7
0.25 14 81 41 10
0.256667 17 52 47 11
0.263333 19 68 27 12
0.27 14 69 30 6
0.276667 17 72 35 6
0.283333 15 66 31 10
0.29 15 74 39 3
0.296667 14 53 23 7
0.303333 14 45 35 6
0.31 25 61 26 8
0.316667 8 54 33 6
0.323333 10 50 29 4
0.33 11 56 26 8
0.336667 22 52 20 13
0.343333 7 58 30 4
0.35 10 48 29 5
0.356667 8 48 30 8
0.363333 10 48 20 11
0.37 15 48 28 7
0.376667 9 49 31 7
0.383333 16 43 23 7
0.39 15 36 32 4
0.396667 20 40 17 3
0.403333 12 42 20 3
0.41 9 35 17 9
0.416667 12 40 30 6
0.423333 9 50 25 6
0.43 12 44 20 4
0.436667 9 39 12 3
0.443333 11 35 30 6
0.45 10 37 19 4
0.456667 10 35 18 5
0.463333 9 43 20 5
0.47 11 37 26 6
0.476667 13 34 23 4
0.483333 10 29 12 3
0.49 8 25 22 5
0.496667 7 30 20 1
0.503333 5 20 8 3
0.51 4 16 15 3
0.516667 6 25 13 6
0.523333 2 19 6 4
0.53 8 28 20 4
0.536667 3 17 13 3
0.543333 6 23 13 5
0.55 6 23 8 6
0.556667 3 20 8 3
0.563333 10 20 15 4
0.57 9 27 10 4
0.576667 7 15 7 4
0.583333 4 26 14 1
0.59 7 13 14 5
0.596667 9 14 13 3
0.603333 6 22 7 3
0.61 6 30 9 2
0.616667 7 19 11 4
0.623333 11 18 11 2
0.63 7 25 9 0
0.636667 6 25 16 3
0.643333 6 13 6 3
0.65 6 27 10 3
0.656667 7 14 11 1
0.663333 206 889 484 81
0.67 0 0 0 0
0.676667 0 0 0 0
0.683333 0 0 0 0
0.69 0 0 0 0
0.696667 0 0 0 0
0.703333 0 0 0 0
0.71 0 0 0 0
0.716667 0 0 0 0
0.723333 0 0 0 0
0.73 0 0 0 0
0.736667 0 0 0 0
0.743333 0 0 0 0
0.75 0 0 0 0
0.756667 0 0 0 0
0.763333 0 0 0 0
0.77 0 0 0 0
0.776667 0 0 0 0
0.783333 0 0 0 0
0.79 0 0 0 0
0.796667 0 0 0 0
0.803333 0 0 0 0
0.81 0 0 0 0
0.816667 0 0 0 0
0.823333 0 0 0 0
0.83 0 0 0 0
0.836667 0 0 0 0
0.843333 0 0 0 0
0.85 0 0 0 0
0.856667 0 0 0 0
0.863333 0 0 0 0
0.87 0 0 0 0
0.876667 0 0 0 0
0.883333 0 0 0 0
0.89 0 0 0 0
0.896667 0 0 0 0
0.903333 0 0 0 0
0.91 0 0 0 0
0.916667 0 0 0 0
0.923333 0 0 0 0
0.93 0 0 0 0
0.936667 0 0 0 0
0.943333 0 0 0 0
0.95 0 0 0 0
0.956667 0 0 0 0
0.963333 0 0 0 0
0.97 0 0 0 0
0.976667 0 0 0 0
0.983333 0 0 0 0
0.99 0 0 0 0
0.996667 0 0 0 0
1.00333 0 0 0 0
1.01 0 0 0 0
1.01667 0 0 0 0
1.02333 0 0 0 0
1.03 0 0 0 0
1.03667 0 0 0 0
1.04333 0 0 0 0
1.05 0 0 0 0
1.05667 0 0 0 0
1.06333 0 0 0 0
1.07 0 0 0 0
1.07667 0 0 0 0
1.08333 0 0 0 0
1.09 0 0 0 0
1.09667 0 0 0 0
1.10333 0 0 0 0
1.11 0 0 0 0
1.11667 0 0 0 0
1.12333 0 0 0 0
1.13 0 0 0 0
1.13667 0 0 0 0
1.14333 0 0 0 0
1.15 0 0 0 0
1.15667 0 0 0 0
1.16333 0 0 0 0
1.17 0 0 0 0
1.17667 0 0 0 0
1.18333 0 0 0 0
1.19 0 0 0 0
1.19667 0 0 0 0
1.20333 0 0 0 0
1.21 0 0 0 0
1.21667 0 0 0 0
1.22333 0 0 0 0
1.23 0 0 0 0
1.23667 0 0 0 0
1.24333 0 0 0 0
1.25 0 0 0 0
1.25667 0 0 0 0
1.26333 0 0 0 0
1.27 0 0 0 0
1.27667 0 0 0 0
1.28333 0 0 0 0
1.29 0 0 0 0
1.29667 0 0 0 0
1.30333 0 0 0 0
1.31 0 0 0 0
1.31667 0 0 0 0
1.32333 0 0 0 0
1.33 0 0 0 0
1.33667 0 0 0 0
1.34333 0 0 0 0
1.35 0 0 0 0
1.35667 0 0 0 0
1.36333 0 0 0 0
1.37 0 0 0 0
1.37667 0 0 0 0
1.38333 0 0 0 0
1.39 0 0 0 0
1.39667 0 0 0 0
1.40333 0 0 0 0
1.41 0 0 0 0
1.41667 0 0 0 0
1.42333 0 0 0 0
1.43 0 0 0 0
1.43667 0 0 0 0
1.44333 0 0 0 0
1.45 0 0 0 0
1.45667 0 0 0 0
1.46333 0 0 0 0
1.47 0 0 0 0
1.47667 0 0 0 0
1.48333 0 0 0 0
1.49 0 0 0 0
1.49667 0 0 0 0
1.50333 0 0 0 0
1.51 0 0 0 0
1.51667 0 0 0 0
1.52333 0 0 0 0
1.53 0 0 0 0
1.53667 0 0 0 0
1.54333 0 0 0 0
1.55 0 0 0 0
1.55667 0 0 0 0
1.56333 0 0 0 0
1.57 0 0 0 0
1.57667 0 0 0 0
1.58333 0 0 0 0
1.59 0 0 0 0
1.59667 0 0 0 0
1.60333 0 0 0 0
1.61 0 0 0 0
1.61667 0 0 0 0
1.62333 0 0 0 0
1.63 0 0 0 0
1.63667 0 0 0 0
1.64333 0 0 0 0
1.65 0 0 0 0
1.65667 0 0 0 0
1.66333 0 0 0 0
1.67 0 0 0 0
1.67667 0 0 0 0
1.68333 0 0 0 0
1.69 0 0 0 0
1.69667 0 0 0 0
1.70333 0 0 0 0
1.71 0 0 0 0
1.71667 0 0 0 0
1.72333 0 0 0 0
1.73 0 0 0 0
1.73667 0 0 0 0
1.74333 0 0 0 0
1.75 0 0 0 0
1.75667 0 0 0 0
1.76333 0 0 0 0
1.77 0 0 0 0
1.77667 0 0 0 0
1.78333 0 0 0 0
1.79 0 0 0 0
1.79667 0 0 0 0
1.80333 0 0 0 0
1.81 0 0 0 0
1.81667 0 0 0 0
1.82333 0 0 0 0
1.83 0 0 0 0
1.83667 0 0 0 0
1.84333 0 0 0 0
1.85 0 0 0 0
1.85667 0 0 0 0
1.86333 0 0 0 0
1.87 0 0 0 0
1.87667 0 0 0 0
1.88333 0 0 0 0
1.89 0 0 0 0
1.89667 0 0 0 0
1.90333 0 0 0 0
1.91 0 0 0 0
1.91667 0 0 0 0
1.92333 0 0 0 0
1.93 0 0 0 0
1.93667 0 0 0 0
1.94333 0 0 0 0
1.95 0 0 0 0
1.95667 0 0 0 0
1.96333 0 0 0 0
1.97 0 0 0 0
1.97667 0 0 0 0
1.98333 0 0 0 0
1.99 0 0 0 0
1.99667 0 0 0 0
