0.00333333 27 74 4 1
0.01 29 72 11 2
0.0166667 37 86 6 1
0.0233333 35 91 6 0
0.03 25 117 14 3
0.0366667 70 120 14 3
0.0433333 64 169 13 3
0.05 85 202 23 1
0.0566667 100 224 25 10
0.0633333 114 281 23 5
0.07 127 248 36 7
0.0766667 82 283 26 8
0.0833333 112 274 27 5
0.09 130 294 35 8
0.0966667 118 299 30 7
0.103333 109 317 19 8
0.11 121 292 27 7
0.116667 100 256 27 3
0.123333 101 260 21 13
0.13 91 283 22 4
0.136667 84 304 28 5
0.143333 87 267 20 3
0.15 77 211 21 2
0.156667 78 252 20 2
0.163333 79 224 23 6
0.17 71 197 18 3
0.176667 84 188 21 6
0.183333 73 215 33 2
0.19 83 247 23 2
0.196667 88 198 24 5
0.203333 83 199 16 3
0.21 64 188 15 1
0.216667 56 177 14 7
0.223333 85 191 13 2
0.23 53 168 15 5
0.236667 53 181 12 4
0.243333 71 151 13 5
0.25 55 159 15 3
0.256667 40 149 14 5
0.263333 40 129 18 3
0.27 52 131 14 7
0.276667 53 120 6 8
0.283333 42 144 10 7
0.29 37 136 8 3
0.296667 51 111 21 4
0.303333 38 89 20 2
0.31 45 111 12 4
0.316667 59 110 9 2
0.323333 44 97 8 7
0.33 40 87 12 3
0.336667 38 95 12 2
0.343333 47 102 9 0
0.35 32 100 8 2
0.356667 37 80 16 0
0.363333 33 83 6 2
0.37 28 106 12 3
0.376667 28 97 4 1
0.383333 32 83 14 3
0.39 32 81 9 0
0.396667 50 81 5 2
0.403333 29 89 9 4
0.41 29 76 10 5
0.416667 25 71 10 6
0.423333 25 72 3 2
0.43 20 74 9 1
0.436667 23 75 7 3
0.443333 25 77 11 2
0.45 26 72 11 2
0.456667 29 75 14 4
0.463333 37 86 4 1
0.47 23 62 11 1
0.476667 26 62 6 2
0.483333 15 46 10 1
0.49 20 46 8 1
0.496667 21 38 7 0
0.503333 24 41 2 4
0.51 19 36 8 2
0.516667 17 53 9 2
0.523333 9 46 5 0
0.53 24 33 4 1
0.536667 17 41 8 1
0.543333 12 36 7 3
0.55 17 38 1 0
0.556667 20 35 4 1
0.563333 12 31 4 0
0.57 12 29 7 4
0.576667 11 32 3 0
0.583333 15 23 2 1
0.59 14 28 3 5
0.596667 11 34 5 2
0.603333 8 25 0 1
0.61 17 40 3 3
0.616667 12 30 8 1
0.623333 13 31 3 2
0.63 17 35 2 3
0.636667 11 41 2 2
0.643333 7 24 3 2
0.65 13 25 3 1
0.656667 10 35 4 1
0.663333 590 2224 125 40
0.67 0 0 0 0
0.676667 0 0 0 0
0.683333 0 0 0 0
0.69 0 0 0 0
0.696667 0 0 0 0
0.703333 0 0 0 0
0.71 0 0 0 0
0.716667 0 0 0 0
0.723333 0 0 0 0
0.73 0 0 0 0
0.736667 0 0 0 0
0.743333 0 0 0 0
0.75 0 0 0 0
0.756667 0 0 0 0
0.763333 0 0 0 0
0.77 0 0 0 0
0.776667 0 0 0 0
0.783333 0 0 0 0
0.79 0 0 0 0
0.796667 0 0 0 0
0.803333 0 0 0 0
0.81 0 0 0 0
0.816667 0 0 0 0
0.823333 0 0 0 0
0.83 0 0 0 0
0.836667 0 0 0 0
0.843333 0 0 0 0
0.85 0 0 0 0
0.856667 0 0 0 0
0.863333 0 0 0 0
0.87 0 0 0 0
0.876667 0 0 0 0
0.883333 0 0 0 0
0.89 0 0 0 0
0.896667 0 0 0 0
0.903333 0 0 0 0
0.91 0 0 0 0
0.916667 0 0 0 0
0.923333 0 0 0 0
0.93 0 0 0 0
0.936667 0 0 0 0
0.943333 0 0 0 0
0.95 0 0 0 0
0.956667 0 0 0 0
0.963333 0 0 0 0
0.97 0 0 0 0
0.976667 0 0 0 0
0.983333 0 0 0 0
0.99 0 0 0 0
0.996667 0 0 0 0
1.00333 0 0 0 0
1.01 0 0 0 0
1.01667 0 0 0 0
1.02333 0 0 0 0
1.03 0 0 0 0
1.03667 0 0 0 0
1.04333 0 0 0 0
1.05 0 0 0 0
1.05667 0 0 0 0
1.06333 0 0 0 0
1.07 0 0 0 0
1.07667 0 0 0 0
1.08333 0 0 0 0
1.09 0 0 0 0
1.09667 0 0 0 0
1.10333 0 0 0 0
1.11 0 0 0 0
1.11667 0 0 0 0
1.12333 0 0 0 0
1.13 0 0 0 0
1.13667 0 0 0 0
1.14333 0 0 0 0
1.15 0 0 0 0
1.15667 0 0 0 0
1.16333 0 0 0 0
1.17 0 0 0 0
1.17667 0 0 0 0
1.18333 0 0 0 0
1.19 0 0 0 0
1.19667 0 0 0 0
1.20333 0 0 0 0
1.21 0 0 0 0
1.21667 0 0 0 0
1.22333 0 0 0 0
1.23 0 0 0 0
1.23667 0 0 0 0
1.24333 0 0 0 0
1.25 0 0 0 0
1.25667 0 0 0 0
1.26333 0 0 0 0
1.27 0 0 0 0
1.27667 0 0 0 0
1.28333 0 0 0 0
1.29 0 0 0 0
1.29667 0 0 0 0
1.30333 0 0 0 0
1.31 0 0 0 0
1.31667 0 0 0 0
1.32333 0 0 0 0
1.33 0 0 0 0
1.33667 0 0 0 0
1.34333 0 0 0 0
1.35 0 0 0 0
1.35667 0 0 0 0
1.36333 0 0 0 0
1.37 0 0 0 0
1.37667 0 0 0 0
1.38333 0 0 0 0
1.39 0 0 0 0
1.39667 0 0 0 0
1.40333 0 0 0 0
1.41 0 0 0 0
1.41667 0 0 0 0
1.42333 0 0 0 0
1.43 0 0 0 0
1.43667 0 0 0 0
1.44333 0 0 0 0
1.45 0 0 0 0
1.45667 0 0 0 0
1.46333 0 0 0 0
1.47 0 0 0 0
1.47667 0 0 0 0
1.48333 0 0 0 0
1.49 0 0 0 0
1.49667 0 0 0 0
1.50333 0 0 0 0
1.51 0 0 0 0
1.51667 0 0 0 0
1.52333 0 0 0 0
1.53 0 0 0 0
1.53667 0 0 0 0
1.54333 0 0 0 0
1.55 0 0 0 0
1.55667 0 0 0 0
1.56333 0 0 0 0
1.57 0 0 0 0
1.57667 0 0 0 0
1.58333 0 0 0 0
1.59 0 0 0 0
1.59667 0 0 0 0
1.60333 0 0 0 0
1.61 0 0 0 0
1.61667 0 0 0 0
1.62333 0 0 0 0
1.63 0 0 0 0
1.63667 0 0 0 0
1.64333 0 0 0 0
1.65 0 0 0 0
1.65667 0 0 0 0
1.66333 0 0 0 0
1.67 0 0 0 0
1.67667 0 0 0 0
1.68333 0 0 0 0
1.69 0 0 0 0
1.69667 0 0 0 0
1.70333 0 0 0 0
1.71 0 0 0 0
1.71667 0 0 0 0
1.72333 0 0 0 0
1.73 0 0 0 0
1.73667 0 0 0 0
1.74333 0 0 0 0
1.75 0 0 0 0
1.75667 0 0 0 0
1.76333 0 0 0 0
1.77 0 0 0 0
1.77667 0 0 0 0
1.78333 0 0 0 0
1.79 0 0 0 0
1.79667 0 0 0 0
1.80333 0 0 0 0
1.81 0 0 0 0
1.81667 0 0 0 0
1.82333 0 0 0 0
1.83 0 0 0 0
1.83667 0 0 0 0
1.84333 0 0 0 0
1.85 0 0 0 0
1.85667 0 0 0 0
1.86333 0 0 0 0
1.87 0 0 0 0
1.87667 0 0 0 0
1.88333 0 0 0 0
1.89 0 0 0 0
1.89667 0 0 0 0
1.90333 0 0 0 0
1.91 0 0 0 0
1.91667 0 0 0 0
1.92333 0 0 0 0
1.93 0 0 0 0
1.93667 0 0 0 0
1.94333 0 0 0 0
1.95 0 0 0 0
1.95667 0 0 0 0
1.96333 0 0 0 0
1.97 0 0 0 0
1.97667 0 0 0 0
1.98333 0 0 0 0
1.99 0 0 0 0
1.99667 0 0 0 0
