0.00333333 2 14 19 34
0.01 4 7 19 31
0.0166667 2 11 16 31
0.0233333 0 12 14 31
0.03 5 17 20 33
0.0366667 2 16 29 26
0.0433333 3 18 34 42
0.05 5 21 36 46
0.0566667 3 17 45 37
0.0633333 5 25 38 46
0.07 1 15 52 48
0.0766667 6 14 57 41
0.0833333 4 16 47 45
0.09 5 24 52 59
0.0966667 4 24 46 45
0.103333 6 14 45 51
0.11 3 11 44 57
0.116667 5 22 37 46
0.123333 2 18 35 49
0.13 1 19 45 51
0.136667 4 17 43 37
0.143333 4 13 34 50
0.15 3 13 33 61
0.156667 3 21 32 57
0.163333 5 19 32 61
0.17 6 15 27 48
0.176667 1 15 30 46
0.183333 5 15 32 46
0.19 4 22 36 53
0.196667 6 17 44 66
0.203333 4 16 33 56
0.21 0 16 38 49
0.216667 2 17 42 54
0.223333 3 20 27 39
0.23 6 21 27 53
0.236667 6 21 28 55
0.243333 6 20 32 60
0.25 5 13 24 50
0.256667 4 17 28 42
0.263333 1 17 24 37
0.27 4 20 25 50
0.276667 2 14 29 51
0.283333 2 14 29 57
0.29 2 12 34 55
0.296667 3 13 26 53
0.303333 3 18 27 41
0.31 4 16 27 41
0.316667 3 10 25 43
0.323333 4 11 18 30
0.33 3 16 27 45
0.336667 2 13 32 35
0.343333 5 16 22 42
0.35 0 14 30 46
0.356667 3 10 25 37
0.363333 3 13 28 48
0.37 5 16 28 44
0.376667 2 18 18 37
0.383333 1 12 19 38
0.39 1 19 23 37
0.396667 3 13 26 47
0.403333 1 9 15 45
0.41 5 15 18 40
0.416667 1 7 24 42
0.423333 3 16 25 38
0.43 1 12 22 50
0.436667 6 18 18 39
0.443333 4 17 32 44
0.45 4 20 23 39
0.456667 2 18 27 43
0.463333 0 17 18 47
0.47 6 14 26 37
0.476667 2 20 18 35
0.483333 3 7 14 23
0.49 2 4 12 18
0.496667 1 5 15 20
0.503333 3 7 24 17
0.51 3 5 6 17
0.516667 0 8 9 9
0.523333 0 6 12 12
0.53 0 6 11 14
0.536667 5 1 4 14
0.543333 1 1 12 7
0.55 4 3 8 10
0.556667 2 4 9 6
0.563333 2 3 7 9
0.57 1 3 14 8
0.576667 1 6 12 11
0.583333 0 4 11 7
0.59 1 0 8 9
0.596667 0 3 10 6
0.603333 2 3 10 5
0.61 4 3 4 5
0.616667 0 2 9 4
0.623333 1 1 9 4
0.63 0 6 3 7
0.636667 3 7 11 16
0.643333 3 0 14 4
0.65 6 1 8 8
0.656667 1 0 9 2
0.663333 108 908 881 2355
0.67 0 0 0 0
0.676667 0 0 0 0
0.683333 0 0 0 0
0.69 0 0 0 0
0.696667 0 0 0 0
0.703333 0 0 0 0
0.71 0 0 0 0
0.716667 0 0 0 0
0.723333 0 0 0 0
0.73 0 0 0 0
0.736667 0 0 0 0
0.743333 0 0 0 0
0.75 0 0 0 0
0.756667 0 0 0 0
0.763333 0 0 0 0
0.77 0 0 0 0
0.776667 0 0 0 0
0.783333 0 0 0 0
0.79 0 0 0 0
0.796667 0 0 0 0
0.803333 0 0 0 0
0.81 0 0 0 0
0.816667 0 0 0 0
0.823333 0 0 0 0
0.83 0 0 0 0
0.836667 0 0 0 0
0.843333 0 0 0 0
0.85 0 0 0 0
0.856667 0 0 0 0
0.863333 0 0 0 0
0.87 0 0 0 0
0.876667 0 0 0 0
0.883333 0 0 0 0
0.89 0 0 0 0
0.896667 0 0 0 0
0.903333 0 0 0 0
0.91 0 0 0 0
0.916667 0 0 0 0
0.923333 0 0 0 0
0.93 0 0 0 0
0.936667 0 0 0 0
0.943333 0 0 0 0
0.95 0 0 0 0
0.956667 0 0 0 0
0.963333 0 0 0 0
0.97 0 0 0 0
0.976667 0 0 0 0
0.983333 0 0 0 0
0.99 0 0 0 0
0.996667 0 0 0 0
1.00333 0 0 0 0
1.01 0 0 0 0
1.01667 0 0 0 0
1.02333 0 0 0 0
1.03 0 0 0 0
1.03667 0 0 0 0
1.04333 0 0 0 0
1.05 0 0 0 0
1.05667 0 0 0 0
1.06333 0 0 0 0
1.07 0 0 0 0
1.07667 0 0 0 0
1.08333 0 0 0 0
1.09 0 0 0 0
1.09667 0 0 0 0
1.10333 0 0 0 0
1.11 0 0 0 0
1.11667 0 0 0 0
1.12333 0 0 0 0
1.13 0 0 0 0
1.13667 0 0 0 0
1.14333 0 0 0 0
1.15 0 0 0 0
1.15667 0 0 0 0
1.16333 0 0 0 0
1.17 0 0 0 0
1.17667 0 0 0 0
1.18333 0 0 0 0
1.19 0 0 0 0
1.19667 0 0 0 0
1.20333 0 0 0 0
1.21 0 0 0 0
1.21667 0 0 0 0
1.22333 0 0 0 0
1.23 0 0 0 0
1.23667 0 0 0 0
1.24333 0 0 0 0
1.25 0 0 0 0
1.25667 0 0 0 0
1.26333 0 0 0 0
1.27 0 0 0 0
1.27667 0 0 0 0
1.28333 0 0 0 0
1.29 0 0 0 0
1.29667 0 0 0 0
1.30333 0 0 0 0
1.31 0 0 0 0
1.31667 0 0 0 0
1.32333 0 0 0 0
1.33 0 0 0 0
1.33667 0 0 0 0
1.34333 0 0 0 0
1.35 0 0 0 0
1.35667 0 0 0 0
1.36333 0 0 0 0
1.37 0 0 0 0
1.37667 0 0 0 0
1.38333 0 0 0 0
1.39 0 0 0 0
1.39667 0 0 0 0
1.40333 0 0 0 0
1.41 0 0 0 0
1.41667 0 0 0 0
1.42333 0 0 0 0
1.43 0 0 0 0
1.43667 0 0 0 0
1.44333 0 0 0 0
1.45 0 0 0 0
1.45667 0 0 0 0
1.46333 0 0 0 0
1.47 0 0 0 0
1.47667 0 0 0 0
1.48333 0 0 0 0
1.49 0 0 0 0
1.49667 0 0 0 0
1.50333 0 0 0 0
1.51 0 0 0 0
1.51667 0 0 0 0
1.52333 0 0 0 0
1.53 0 0 0 0
1.53667 0 0 0 0
1.54333 0 0 0 0
1.55 0 0 0 0
1.55667 0 0 0 0
1.56333 0 0 0 0
1.57 0 0 0 0
1.57667 0 0 0 0
1.58333 0 0 0 0
1.59 0 0 0 0
1.59667 0 0 0 0
1.60333 0 0 0 0
1.61 0 0 0 0
1.61667 0 0 0 0
1.62333 0 0 0 0
1.63 0 0 0 0
1.63667 0 0 0 0
1.64333 0 0 0 0
1.65 0 0 0 0
1.65667 0 0 0 0
1.66333 0 0 0 0
1.67 0 0 0 0
1.67667 0 0 0 0
1.68333 0 0 0 0
1.69 0 0 0 0
1.69667 0 0 0 0
1.70333 0 0 0 0
1.71 0 0 0 0
1.71667 0 0 0 0
1.72333 0 0 0 0
1.73 0 0 0 0
1.73667 0 0 0 0
1.74333 0 0 0 0
1.75 0 0 0 0
1.75667 0 0 0 0
1.76333 0 0 0 0
1.77 0 0 0 0
1.77667 0 0 0 0
1.78333 0 0 0 0
1.79 0 0 0 0
1.79667 0 0 0 0
1.80333 0 0 0 0
1.81 0 0 0 0
1.81667 0 0 0 0
1.82333 0 0 0 0
1.83 0 0 0 0
1.83667 0 0 0 0
1.84333 0 0 0 0
1.85 0 0 0 0
1.85667 0 0 0 0
1.86333 0 0 0 0
1.87 0 0 0 0
1.87667 0 0 0 0
1.88333 0 0 0 0
1.89 0 0 0 0
1.89667 0 0 0 0
1.90333 0 0 0 0
1.91 0 0 0 0
1.91667 0 0 0 0
1.92333 0 0 0 0
1.93 0 0 0 0
1.93667 0 0 0 0
1.94333 0 0 0 0
1.95 0 0 0 0
1.95667 0 0 0 0
1.96333 0 0 0 0
1.97 0 0 0 0
1.97667 0 0 0 0
1.98333 0 0 0 0
1.99 0 0 0 0
1.99667 0 0 0 0
