0.00333333 12 148 2 1
0.01 30 141 4 3
0.0166667 29 174 8 3
0.0233333 17 178 6 6
0.03 22 183 7 6
0.0366667 35 192 5 4
0.0433333 56 232 10 2
0.05 60 243 14 3
0.0566667 62 333 14 2
0.0633333 79 358 11 5
0.07 76 360 13 15
0.0766667 82 404 22 5
0.0833333 88 424 21 4
0.09 90 451 15 5
0.0966667 78 435 26 7
0.103333 68 445 11 10
0.11 90 457 22 9
0.116667 81 462 15 12
0.123333 70 461 12 11
0.13 54 501 11 9
0.136667 61 504 12 11
0.143333 62 441 14 9
0.15 60 457 6 6
0.156667 45 443 9 4
0.163333 45 481 9 10
0.17 49 423 9 3
0.176667 46 429 11 7
0.183333 44 468 9 6
0.19 59 593 12 7
0.196667 50 595 6 7
0.203333 39 522 8 10
0.21 55 501 4 11
0.216667 43 434 11 8
0.223333 32 455 7 5
0.23 38 397 10 11
0.236667 40 367 7 12
0.243333 48 345 2 5
0.25 37 341 10 4
0.256667 34 305 6 10
0.263333 35 261 6 7
0.27 31 256 7 7
0.276667 38 264 9 4
0.283333 28 258 4 7
0.29 31 274 8 7
0.296667 21 216 7 2
0.303333 34 196 5 4
0.31 32 246 5 5
0.316667 34 240 3 5
0.323333 31 201 3 3
0.33 29 167 3 3
0.336667 27 188 2 4
0.343333 28 198 5 3
0.35 28 193 2 3
0.356667 18 182 4 2
0.363333 21 190 5 2
0.37 17 178 6 6
0.376667 25 197 4 5
0.383333 19 202 1 3
0.39 24 176 5 4
0.396667 24 158 2 7
0.403333 22 166 3 5
0.41 30 151 3 6
0.416667 24 186 2 7
0.423333 16 184 4 1
0.43 18 165 3 4
0.436667 22 183 4 7
0.443333 28 181 1 3
0.45 18 186 5 1
0.456667 16 178 6 4
0.463333 22 169 1 1
0.47 15 183 5 4
0.476667 11 158 3 5
0.483333 11 85 6 1
0.49 27 80 2 2
0.496667 16 87 4 3
0.503333 11 71 1 3
0.51 18 72 1 2
0.516667 15 83 3 1
0.523333 11 74 3 3
0.53 14 78 6 1
0.536667 18 68 3 5
0.543333 10 59 3 4
0.55 8 67 2 2
0.556667 9 63 3 4
0.563333 9 69 3 2
0.57 10 51 5 2
0.576667 8 56 3 4
0.583333 13 68 0 3
0.59 14 63 5 3
0.596667 10 58 2 3
0.603333 4 55 3 1
0.61 9 58 2 3
0.616667 6 47 4 5
0.623333 11 47 1 3
0.63 7 53 2 1
0.636667 6 76 3 2
0.643333 8 39 2 3
0.65 11 48 4 2
0.656667 7 51 1 0
0.663333 325 7885 67 120
0.67 0 0 0 0
0.676667 0 0 0 0
0.683333 0 0 0 0
0.69 0 0 0 0
0.696667 0 0 0 0
0.703333 0 0 0 0
0.71 0 0 0 0
0.716667 0 0 0 0
0.723333 0 0 0 0
0.73 0 0 0 0
0.736667 0 0 0 0
0.743333 0 0 0 0
0.75 0 0 0 0
0.756667 0 0 0 0
0.763333 0 0 0 0
0.77 0 0 0 0
0.776667 0 0 0 0
0.783333 0 0 0 0
0.79 0 0 0 0
0.796667 0 0 0 0
0.803333 0 0 0 0
0.81 0 0 0 0
0.816667 0 0 0 0
0.823333 0 0 0 0
0.83 0 0 0 0
0.836667 0 0 0 0
0.843333 0 0 0 0
0.85 0 0 0 0
0.856667 0 0 0 0
0.863333 0 0 0 0
0.87 0 0 0 0
0.876667 0 0 0 0
0.883333 0 0 0 0
0.89 0 0 0 0
0.896667 0 0 0 0
0.903333 0 0 0 0
0.91 0 0 0 0
0.916667 0 0 0 0
0.923333 0 0 0 0
0.93 0 0 0 0
0.936667 0 0 0 0
0.943333 0 0 0 0
0.95 0 0 0 0
0.956667 0 0 0 0
0.963333 0 0 0 0
0.97 0 0 0 0
0.976667 0 0 0 0
0.983333 0 0 0 0
0.99 0 0 0 0
0.996667 0 0 0 0
1.00333 0 0 0 0
1.01 0 0 0 0
1.01667 0 0 0 0
1.02333 0 0 0 0
1.03 0 0 0 0
1.03667 0 0 0 0
1.04333 0 0 0 0
1.05 0 0 0 0
1.05667 0 0 0 0
1.06333 0 0 0 0
1.07 0 0 0 0
1.07667 0 0 0 0
1.08333 0 0 0 0
1.09 0 0 0 0
1.09667 0 0 0 0
1.10333 0 0 0 0
1.11 0 0 0 0
1.11667 0 0 0 0
1.12333 0 0 0 0
1.13 0 0 0 0
1.13667 0 0 0 0
1.14333 0 0 0 0
1.15 0 0 0 0
1.15667 0 0 0 0
1.16333 0 0 0 0
1.17 0 0 0 0
1.17667 0 0 0 0
1.18333 0 0 0 0
1.19 0 0 0 0
1.19667 0 0 0 0
1.20333 0 0 0 0
1.21 0 0 0 0
1.21667 0 0 0 0
1.22333 0 0 0 0
1.23 0 0 0 0
1.23667 0 0 0 0
1.24333 0 0 0 0
1.25 0 0 0 0
1.25667 0 0 0 0
1.26333 0 0 0 0
1.27 0 0 0 0
1.27667 0 0 0 0
1.28333 0 0 0 0
1.29 0 0 0 0
1.29667 0 0 0 0
1.30333 0 0 0 0
1.31 0 0 0 0
1.31667 0 0 0 0
1.32333 0 0 0 0
1.33 0 0 0 0
1.33667 0 0 0 0
1.34333 0 0 0 0
1.35 0 0 0 0
1.35667 0 0 0 0
1.36333 0 0 0 0
1.37 0 0 0 0
1.37667 0 0 0 0
1.38333 0 0 0 0
1.39 0 0 0 0
1.39667 0 0 0 0
1.40333 0 0 0 0
1.41 0 0 0 0
1.41667 0 0 0 0
1.42333 0 0 0 0
1.43 0 0 0 0
1.43667 0 0 0 0
1.44333 0 0 0 0
1.45 0 0 0 0
1.45667 0 0 0 0
1.46333 0 0 0 0
1.47 0 0 0 0
1.47667 0 0 0 0
1.48333 0 0 0 0
1.49 0 0 0 0
1.49667 0 0 0 0
1.50333 0 0 0 0
1.51 0 0 0 0
1.51667 0 0 0 0
1.52333 0 0 0 0
1.53 0 0 0 0
1.53667 0 0 0 0
1.54333 0 0 0 0
1.55 0 0 0 0
1.55667 0 0 0 0
1.56333 0 0 0 0
1.57 0 0 0 0
1.57667 0 0 0 0
1.58333 0 0 0 0
1.59 0 0 0 0
1.59667 0 0 0 0
1.60333 0 0 0 0
1.61 0 0 0 0
1.61667 0 0 0 0
1.62333 0 0 0 0
1.63 0 0 0 0
1.63667 0 0 0 0
1.64333 0 0 0 0
1.65 0 0 0 0
1.65667 0 0 0 0
1.66333 0 0 0 0
1.67 0 0 0 0
1.67667 0 0 0 0
1.68333 0 0 0 0
1.69 0 0 0 0
1.69667 0 0 0 0
1.70333 0 0 0 0
1.71 0 0 0 0
1.71667 0 0 0 0
1.72333 0 0 0 0
1.73 0 0 0 0
1.73667 0 0 0 0
1.74333 0 0 0 0
1.75 0 0 0 0
1.75667 0 0 0 0
1.76333 0 0 0 0
1.77 0 0 0 0
1.77667 0 0 0 0
1.78333 0 0 0 0
1.79 0 0 0 0
1.79667 0 0 0 0
1.80333 0 0 0 0
1.81 0 0 0 0
1.81667 0 0 0 0
1.82333 0 0 0 0
1.83 0 0 0 0
1.83667 0 0 0 0
1.84333 0 0 0 0
1.85 0 0 0 0
1.85667 0 0 0 0
1.86333 0 0 0 0
1.87 0 0 0 0
1.87667 0 0 0 0
1.88333 0 0 0 0
1.89 0 0 0 0
1.89667 0 0 0 0
1.90333 0 0 0 0
1.91 0 0 0 0
1.91667 0 0 0 0
1.92333 0 0 0 0
1.93 0 0 0 0
1.93667 0 0 0 0
1.94333 0 0 0 0
1.95 0 0 0 0
1.95667 0 0 0 0
1.96333 0 0 0 0
1.97 0 0 0 0
1.97667 0 0 0 0
1.98333 0 0 0 0
1.99 0 0 0 0
1.99667 0 0 0 0
