0.00333333 7 46 14 2
0.01 22 39 22 4
0.0166667 16 61 13 2
0.0233333 21 68 16 2
0.03 23 71 24 3
0.0366667 26 75 22 4
0.0433333 26 116 32 10
0.05 34 157 39 10
0.0566667 59 157 50 10
0.0633333 65 181 63 9
0.07 72 199 53 14
0.0766667 58 215 45 12
0.0833333 64 191 72 10
0.09 69 213 64 10
0.0966667 67 190 58 17
0.103333 60 212 43 12
0.11 59 211 40 15
0.116667 62 182 65 13
0.123333 49 186 44 12
0.13 41 210 44 13
0.136667 52 177 37 6
0.143333 58 173 38 3
0.15 38 165 51 11
0.156667 53 153 38 5
0.163333 42 146 40 11
0.17 57 146 36 12
0.176667 42 146 45 8
0.183333 57 140 44 10
0.19 44 146 43 7
0.196667 39 141 44 13
0.203333 39 128 36 3
0.21 45 126 16 4
0.216667 33 138 35 9
0.223333 36 115 26 7
0.23 38 112 27 8
0.236667 33 124 30 12
0.243333 35 101 29 7
0.25 33 116 24 9
0.256667 29 106 26 7
0.263333 23 94 27 3
0.27 25 91 28 4
0.276667 19 102 19 4
0.283333 20 75 14 8
0.29 19 78 29 5
0.296667 28 101 21 8
0.303333 20 87 35 3
0.31 25 72 11 3
0.316667 20 86 13 5
0.323333 18 64 20 4
0.33 17 68 21 8
0.336667 26 61 27 6
0.343333 12 82 23 5
0.35 26 67 13 6
0.356667 23 54 22 3
0.363333 19 60 17 4
0.37 20 74 15 7
0.376667 20 55 17 6
0.383333 21 58 18 3
0.39 21 50 12 3
0.396667 18 54 11 2
0.403333 23 65 15 7
0.41 20 52 18 5
0.416667 17 64 20 6
0.423333 16 61 15 2
0.43 20 52 13 3
0.436667 23 55 12 2
0.443333 19 41 20 5
0.45 18 53 13 5
0.456667 8 50 16 4
0.463333 22 49 17 6
0.47 13 53 13 4
0.476667 18 36 13 0
0.483333 12 27 17 4
0.49 4 36 8 2
0.496667 16 25 14 3
0.503333 10 31 5 4
0.51 10 32 9 3
0.516667 9 32 11 2
0.523333 8 28 10 2
0.53 16 39 12 4
0.536667 5 35 13 2
0.543333 12 28 12 3
0.55 6 21 7 5
0.556667 7 26 8 0
0.563333 12 28 6 2
0.57 6 21 11 4
0.576667 17 21 6 5
0.583333 6 24 13 2
0.59 11 30 5 1
0.596667 8 25 9 2
0.603333 7 30 8 3
0.61 8 26 5 2
0.616667 7 28 6 3
0.623333 15 24 6 2
0.63 12 20 5 2
0.636667 9 26 5 3
0.643333 7 25 7 0
0.65 11 26 10 3
0.656667 3 23 9 1
0.663333 375 1296 301 54
0.67 0 0 0 0
0.676667 0 0 0 0
0.683333 0 0 0 0
0.69 0 0 0 0
0.696667 0 0 0 0
0.703333 0 0 0 0
0.71 0 0 0 0
0.716667 0 0 0 0
0.723333 0 0 0 0
0.73 0 0 0 0
0.736667 0 0 0 0
0.743333 0 0 0 0
0.75 0 0 0 0
0.756667 0 0 0 0
0.763333 0 0 0 0
0.77 0 0 0 0
0.776667 0 0 0 0
0.783333 0 0 0 0
0.79 0 0 0 0
0.796667 0 0 0 0
0.803333 0 0 0 0
0.81 0 0 0 0
0.816667 0 0 0 0
0.823333 0 0 0 0
0.83 0 0 0 0
0.836667 0 0 0 0
0.843333 0 0 0 0
0.85 0 0 0 0
0.856667 0 0 0 0
0.863333 0 0 0 0
0.87 0 0 0 0
0.876667 0 0 0 0
0.883333 0 0 0 0
0.89 0 0 0 0
0.896667 0 0 0 0
0.903333 0 0 0 0
0.91 0 0 0 0
0.916667 0 0 0 0
0.923333 0 0 0 0
0.93 0 0 0 0
0.936667 0 0 0 0
0.943333 0 0 0 0
0.95 0 0 0 0
0.956667 0 0 0 0
0.963333 0 0 0 0
0.97 0 0 0 0
0.976667 0 0 0 0
0.983333 0 0 0 0
0.99 0 0 0 0
0.996667 0 0 0 0
1.00333 0 0 0 0
1.01 0 0 0 0
1.01667 0 0 0 0
1.02333 0 0 0 0
1.03 0 0 0 0
1.03667 0 0 0 0
1.04333 0 0 0 0
1.05 0 0 0 0
1.05667 0 0 0 0
1.06333 0 0 0 0
1.07 0 0 0 0
1.07667 0 0 0 0
1.08333 0 0 0 0
1.09 0 0 0 0
1.09667 0 0 0 0
1.10333 0 0 0 0
1.11 0 0 0 0
1.11667 0 0 0 0
1.12333 0 0 0 0
1.13 0 0 0 0
1.13667 0 0 0 0
1.14333 0 0 0 0
1.15 0 0 0 0
1.15667 0 0 0 0
1.16333 0 0 0 0
1.17 0 0 0 0
1.17667 0 0 0 0
1.18333 0 0 0 0
1.19 0 0 0 0
1.19667 0 0 0 0
1.20333 0 0 0 0
1.21 0 0 0 0
1.21667 0 0 0 0
1.22333 0 0 0 0
1.23 0 0 0 0
1.23667 0 0 0 0
1.24333 0 0 0 0
1.25 0 0 0 0
1.25667 0 0 0 0
1.26333 0 0 0 0
1.27 0 0 0 0
1.27667 0 0 0 0
1.28333 0 0 0 0
1.29 0 0 0 0
1.29667 0 0 0 0
1.30333 0 0 0 0
1.31 0 0 0 0
1.31667 0 0 0 0
1.32333 0 0 0 0
1.33 0 0 0 0
1.33667 0 0 0 0
1.34333 0 0 0 0
1.35 0 0 0 0
1.35667 0 0 0 0
1.36333 0 0 0 0
1.37 0 0 0 0
1.37667 0 0 0 0
1.38333 0 0 0 0
1.39 0 0 0 0
1.39667 0 0 0 0
1.40333 0 0 0 0
1.41 0 0 0 0
1.41667 0 0 0 0
1.42333 0 0 0 0
1.43 0 0 0 0
1.43667 0 0 0 0
1.44333 0 0 0 0
1.45 0 0 0 0
1.45667 0 0 0 0
1.46333 0 0 0 0
1.47 0 0 0 0
1.47667 0 0 0 0
1.48333 0 0 0 0
1.49 0 0 0 0
1.49667 0 0 0 0
1.50333 0 0 0 0
1.51 0 0 0 0
1.51667 0 0 0 0
1.52333 0 0 0 0
1.53 0 0 0 0
1.53667 0 0 0 0
1.54333 0 0 0 0
1.55 0 0 0 0
1.55667 0 0 0 0
1.56333 0 0 0 0
1.57 0 0 0 0
1.57667 0 0 0 0
1.58333 0 0 0 0
1.59 0 0 0 0
1.59667 0 0 0 0
1.60333 0 0 0 0
1.61 0 0 0 0
1.61667 0 0 0 0
1.62333 0 0 0 0
1.63 0 0 0 0
1.63667 0 0 0 0
1.64333 0 0 0 0
1.65 0 0 0 0
1.65667 0 0 0 0
1.66333 0 0 0 0
1.67 0 0 0 0
1.67667 0 0 0 0
1.68333 0 0 0 0
1.69 0 0 0 0
1.69667 0 0 0 0
1.70333 0 0 0 0
1.71 0 0 0 0
1.71667 0 0 0 0
1.72333 0 0 0 0
1.73 0 0 0 0
1.73667 0 0 0 0
1.74333 0 0 0 0
1.75 0 0 0 0
1.75667 0 0 0 0
1.76333 0 0 0 0
1.77 0 0 0 0
1.77667 0 0 0 0
1.78333 0 0 0 0
1.79 0 0 0 0
1.79667 0 0 0 0
1.80333 0 0 0 0
1.81 0 0 0 0
1.81667 0 0 0 0
1.82333 0 0 0 0
1.83 0 0 0 0
1.83667 0 0 0 0
1.84333 0 0 0 0
1.85 0 0 0 0
1.85667 0 0 0 0
1.86333 0 0 0 0
1.87 0 0 0 0
1.87667 0 0 0 0
1.88333 0 0 0 0
1.89 0 0 0 0
1.89667 0 0 0 0
1.90333 0 0 0 0
1.91 0 0 0 0
1.91667 0 0 0 0
1.92333 0 0 0 0
1.93 0 0 0 0
1.93667 0 0 0 0
1.94333 0 0 0 0
1.95 0 0 0 0
1.95667 0 0 0 0
1.96333 0 0 0 0
1.97 0 0 0 0
1.97667 0 0 0 0
1.98333 0 0 0 0
1.99 0 0 0 0
1.99667 0 0 0 0
