0.00333333 1 5 13 181
0.01 0 4 16 168
0.0166667 0 6 12 162
0.0233333 0 6 13 172
0.03 0 6 12 180
0.0366667 1 5 16 176
0.0433333 0 3 33 197
0.05 1 4 25 240
0.0566667 1 5 36 299
0.0633333 0 7 35 288
0.07 1 5 34 320
0.0766667 1 9 39 289
0.0833333 0 7 39 349
0.09 1 10 40 334
0.0966667 0 4 44 330
0.103333 0 10 31 317
0.11 0 10 36 375
0.116667 1 9 40 347
0.123333 0 10 38 377
0.13 0 11 26 390
0.136667 0 12 21 357
0.143333 0 11 25 395
0.15 2 13 27 416
0.156667 0 8 29 393
0.163333 0 11 23 385
0.17 0 9 25 368
0.176667 0 7 20 386
0.183333 1 18 20 463
0.19 0 9 18 591
0.196667 0 14 26 575
0.203333 0 14 27 558
0.21 2 11 21 513
0.216667 1 9 27 522
0.223333 1 11 27 474
0.23 1 11 26 439
0.236667 0 12 20 389
0.243333 0 7 19 327
0.25 2 6 14 353
0.256667 0 5 16 307
0.263333 1 5 26 298
0.27 0 8 10 284
0.276667 0 6 13 264
0.283333 0 6 17 270
0.29 2 8 19 239
0.296667 0 9 10 233
0.303333 0 7 17 231
0.31 0 10 20 223
0.316667 1 7 13 233
0.323333 1 5 22 205
0.33 0 9 15 230
0.336667 0 8 19 207
0.343333 1 6 10 228
0.35 1 4 11 207
0.356667 0 7 20 220
0.363333 0 2 23 190
0.37 0 6 19 184
0.376667 1 3 24 204
0.383333 0 11 11 189
0.39 0 7 18 175
0.396667 0 6 18 178
0.403333 0 6 16 178
0.41 0 7 12 201
0.416667 0 5 14 184
0.423333 0 10 6 167
0.43 1 12 12 188
0.436667 0 5 8 187
0.443333 0 6 10 188
0.45 0 2 16 191
0.456667 0 5 12 211
0.463333 0 9 14 196
0.47 1 8 10 189
0.476667 0 6 16 179
0.483333 0 2 15 90
0.49 1 4 17 88
0.496667 0 5 6 76
0.503333 0 3 12 87
0.51 0 2 9 75
0.516667 0 3 7 63
0.523333 0 2 4 59
0.53 0 4 10 46
0.536667 1 2 7 56
0.543333 0 4 7 61
0.55 0 4 8 48
0.556667 0 4 3 57
0.563333 0 0 7 51
0.57 0 2 6 53
0.576667 0 3 8 52
0.583333 0 2 7 57
0.59 1 2 8 55
0.596667 0 8 10 47
0.603333 0 1 7 46
0.61 0 2 6 41
0.616667 0 4 4 39
0.623333 1 2 8 50
0.63 0 2 8 44
0.636667 0 2 5 72
0.643333 0 4 8 51
0.65 1 2 3 42
0.656667 0 4 9 40
0.663333 1 264 160 10731
0.67 0 0 0 0
0.676667 0 0 0 0
0.683333 0 0 0 0
0.69 0 0 0 0
0.696667 0 0 0 0
0.703333 0 0 0 0
0.71 0 0 0 0
0.716667 0 0 0 0
0.723333 0 0 0 0
0.73 0 0 0 0
0.736667 0 0 0 0
0.743333 0 0 0 0
0.75 0 0 0 0
0.756667 0 0 0 0
0.763333 0 0 0 0
0.77 0 0 0 0
0.776667 0 0 0 0
0.783333 0 0 0 0
0.79 0 0 0 0
0.796667 0 0 0 0
0.803333 0 0 0 0
0.81 0 0 0 0
0.816667 0 0 0 0
0.823333 0 0 0 0
0.83 0 0 0 0
0.836667 0 0 0 0
0.843333 0 0 0 0
0.85 0 0 0 0
0.856667 0 0 0 0
0.863333 0 0 0 0
0.87 0 0 0 0
0.876667 0 0 0 0
0.883333 0 0 0 0
0.89 0 0 0 0
0.896667 0 0 0 0
0.903333 0 0 0 0
0.91 0 0 0 0
0.916667 0 0 0 0
0.923333 0 0 0 0
0.93 0 0 0 0
0.936667 0 0 0 0
0.943333 0 0 0 0
0.95 0 0 0 0
0.956667 0 0 0 0
0.963333 0 0 0 0
0.97 0 0 0 0
0.976667 0 0 0 0
0.983333 0 0 0 0
0.99 0 0 0 0
0.996667 0 0 0 0
1.00333 0 0 0 0
1.01 0 0 0 0
1.01667 0 0 0 0
1.02333 0 0 0 0
1.03 0 0 0 0
1.03667 0 0 0 0
1.04333 0 0 0 0
1.05 0 0 0 0
1.05667 0 0 0 0
1.06333 0 0 0 0
1.07 0 0 0 0
1.07667 0 0 0 0
1.08333 0 0 0 0
1.09 0 0 0 0
1.09667 0 0 0 0
1.10333 0 0 0 0
1.11 0 0 0 0
1.11667 0 0 0 0
1.12333 0 0 0 0
1.13 0 0 0 0
1.13667 0 0 0 0
1.14333 0 0 0 0
1.15 0 0 0 0
1.15667 0 0 0 0
1.16333 0 0 0 0
1.17 0 0 0 0
1.17667 0 0 0 0
1.18333 0 0 0 0
1.19 0 0 0 0
1.19667 0 0 0 0
1.20333 0 0 0 0
1.21 0 0 0 0
1.21667 0 0 0 0
1.22333 0 0 0 0
1.23 0 0 0 0
1.23667 0 0 0 0
1.24333 0 0 0 0
1.25 0 0 0 0
1.25667 0 0 0 0
1.26333 0 0 0 0
1.27 0 0 0 0
1.27667 0 0 0 0
1.28333 0 0 0 0
1.29 0 0 0 0
1.29667 0 0 0 0
1.30333 0 0 0 0
1.31 0 0 0 0
1.31667 0 0 0 0
1.32333 0 0 0 0
1.33 0 0 0 0
1.33667 0 0 0 0
1.34333 0 0 0 0
1.35 0 0 0 0
1.35667 0 0 0 0
1.36333 0 0 0 0
1.37 0 0 0 0
1.37667 0 0 0 0
1.38333 0 0 0 0
1.39 0 0 0 0
1.39667 0 0 0 0
1.40333 0 0 0 0
1.41 0 0 0 0
1.41667 0 0 0 0
1.42333 0 0 0 0
1.43 0 0 0 0
1.43667 0 0 0 0
1.44333 0 0 0 0
1.45 0 0 0 0
1.45667 0 0 0 0
1.46333 0 0 0 0
1.47 0 0 0 0
1.47667 0 0 0 0
1.48333 0 0 0 0
1.49 0 0 0 0
1.49667 0 0 0 0
1.50333 0 0 0 0
1.51 0 0 0 0
1.51667 0 0 0 0
1.52333 0 0 0 0
1.53 0 0 0 0
1.53667 0 0 0 0
1.54333 0 0 0 0
1.55 0 0 0 0
1.55667 0 0 0 0
1.56333 0 0 0 0
1.57 0 0 0 0
1.57667 0 0 0 0
1.58333 0 0 0 0
1.59 0 0 0 0
1.59667 0 0 0 0
1.60333 0 0 0 0
1.61 0 0 0 0
1.61667 0 0 0 0
1.62333 0 0 0 0
1.63 0 0 0 0
1.63667 0 0 0 0
1.64333 0 0 0 0
1.65 0 0 0 0
1.65667 0 0 0 0
1.66333 0 0 0 0
1.67 0 0 0 0
1.67667 0 0 0 0
1.68333 0 0 0 0
1.69 0 0 0 0
1.69667 0 0 0 0
1.70333 0 0 0 0
1.71 0 0 0 0
1.71667 0 0 0 0
1.72333 0 0 0 0
1.73 0 0 0 0
1.73667 0 0 0 0
1.74333 0 0 0 0
1.75 0 0 0 0
1.75667 0 0 0 0
1.76333 0 0 0 0
1.77 0 0 0 0
1.77667 0 0 0 0
1.78333 0 0 0 0
1.79 0 0 0 0
1.79667 0 0 0 0
1.80333 0 0 0 0
1.81 0 0 0 0
1.81667 0 0 0 0
1.82333 0 0 0 0
1.83 0 0 0 0
1.83667 0 0 0 0
1.84333 0 0 0 0
1.85 0 0 0 0
1.85667 0 0 0 0
1.86333 0 0 0 0
1.87 0 0 0 0
1.87667 0 0 0 0
1.88333 0 0 0 0
1.89 0 0 0 0
1.89667 0 0 0 0
1.90333 0 0 0 0
1.91 0 0 0 0
1.91667 0 0 0 0
1.92333 0 0 0 0
1.93 0 0 0 0
1.93667 0 0 0 0
1.94333 0 0 0 0
1.95 0 0 0 0
1.95667 0 0 0 0
1.96333 0 0 0 0
1.97 0 0 0 0
1.97667 0 0 0 0
1.98333 0 0 0 0
1.99 0 0 0 0
1.99667 0 0 0 0
