0.00333333 340 8 5 0
0.01 347 7 2 0
0.0166667 361 6 5 0
0.0233333 399 7 7 0
0.03 388 6 6 0
0.0366667 424 3 8 0
0.0433333 492 13 11 0
0.05 548 9 11 0
0.0566667 595 9 17 0
0.0633333 688 19 14 0
0.07 691 16 14 0
0.0766667 781 15 16 0
0.0833333 878 14 17 0
0.09 925 21 17 0
0.0966667 862 17 19 0
0.103333 853 21 16 0
0.11 871 14 19 0
0.116667 926 17 12 0
0.123333 927 23 14 0
0.13 1003 20 4 0
0.136667 958 10 18 0
0.143333 909 13 6 0
0.15 893 20 15 0
0.156667 923 13 14 0
0.163333 864 20 7 0
0.17 874 22 10 0
0.176667 846 13 13 0
0.183333 958 12 22 0
0.19 1110 13 14 0
0.196667 1102 18 10 0
0.203333 1018 8 7 0
0.21 984 2 13 0
0.216667 841 9 12 0
0.223333 898 15 10 0
0.23 813 7 8 0
0.236667 736 13 11 0
0.243333 717 13 1 0
0.25 642 15 6 0
0.256667 607 13 10 0
0.263333 572 6 10 0
0.27 525 8 10 0
0.276667 537 12 4 0
0.283333 503 10 7 0
0.29 479 6 6 0
0.296667 549 10 14 0
0.303333 463 8 5 0
0.31 500 9 5 0
0.316667 453 8 5 0
0.323333 451 6 10 0
0.33 440 13 7 0
0.336667 390 7 4 0
0.343333 450 6 5 0
0.35 391 11 7 0
0.356667 406 7 6 0
0.363333 374 6 6 0
0.37 344 8 6 0
0.376667 378 10 10 0
0.383333 401 8 7 0
0.39 362 4 3 0
0.396667 379 11 3 0
0.403333 372 8 9 0
0.41 341 11 9 0
0.416667 370 9 8 0
0.423333 354 10 3 0
0.43 371 7 5 0
0.436667 374 3 8 0
0.443333 333 7 7 0
0.45 372 6 7 0
0.456667 355 13 10 0
0.463333 391 2 1 0
0.47 392 4 6 0
0.476667 321 7 5 0
0.483333 197 7 8 0
0.49 210 3 6 0
0.496667 176 5 2 0
0.503333 157 6 2 0
0.51 159 4 3 0
0.516667 194 6 5 0
0.523333 155 4 1 0
0.53 157 5 3 0
0.536667 164 1 4 0
0.543333 146 4 5 0
0.55 174 5 1 0
0.556667 146 2 3 0
0.563333 170 4 6 0
0.57 171 7 3 0
0.576667 158 13 4 0
0.583333 175 3 6 0
0.59 137 3 2 0
0.596667 117 2 3 0
0.603333 124 6 2 0
0.61 135 4 2 0
0.616667 134 5 4 0
0.623333 110 5 3 0
0.63 106 4 2 0
0.636667 185 4 2 0
0.643333 115 5 5 0
0.65 132 3 3 0
0.656667 107 5 2 0
0.663333 15567 111 60 0
0.67 0 0 0 0
0.676667 0 0 0 0
0.683333 0 0 0 0
0.69 0 0 0 0
0.696667 0 0 0 0
0.703333 0 0 0 0
0.71 0 0 0 0
0.716667 0 0 0 0
0.723333 0 0 0 0
0.73 0 0 0 0
0.736667 0 0 0 0
0.743333 0 0 0 0
0.75 0 0 0 0
0.756667 0 0 0 0
0.763333 0 0 0 0
0.77 0 0 0 0
0.776667 0 0 0 0
0.783333 0 0 0 0
0.79 0 0 0 0
0.796667 0 0 0 0
0.803333 0 0 0 0
0.81 0 0 0 0
0.816667 0 0 0 0
0.823333 0 0 0 0
0.83 0 0 0 0
0.836667 0 0 0 0
0.843333 0 0 0 0
0.85 0 0 0 0
0.856667 0 0 0 0
0.863333 0 0 0 0
0.87 0 0 0 0
0.876667 0 0 0 0
0.883333 0 0 0 0
0.89 0 0 0 0
0.896667 0 0 0 0
0.903333 0 0 0 0
0.91 0 0 0 0
0.916667 0 0 0 0
0.923333 0 0 0 0
0.93 0 0 0 0
0.936667 0 0 0 0
0.943333 0 0 0 0
0.95 0 0 0 0
0.956667 0 0 0 0
0.963333 0 0 0 0
0.97 0 0 0 0
0.976667 0 0 0 0
0.983333 0 0 0 0
0.99 0 0 0 0
0.996667 0 0 0 0
1.00333 0 0 0 0
1.01 0 0 0 0
1.01667 0 0 0 0
1.02333 0 0 0 0
1.03 0 0 0 0
1.03667 0 0 0 0
1.04333 0 0 0 0
1.05 0 0 0 0
1.05667 0 0 0 0
1.06333 0 0 0 0
1.07 0 0 0 0
1.07667 0 0 0 0
1.08333 0 0 0 0
1.09 0 0 0 0
1.09667 0 0 0 0
1.10333 0 0 0 0
1.11 0 0 0 0
1.11667 0 0 0 0
1.12333 0 0 0 0
1.13 0 0 0 0
1.13667 0 0 0 0
1.14333 0 0 0 0
1.15 0 0 0 0
1.15667 0 0 0 0
1.16333 0 0 0 0
1.17 0 0 0 0
1.17667 0 0 0 0
1.18333 0 0 0 0
1.19 0 0 0 0
1.19667 0 0 0 0
1.20333 0 0 0 0
1.21 0 0 0 0
1.21667 0 0 0 0
1.22333 0 0 0 0
1.23 0 0 0 0
1.23667 0 0 0 0
1.24333 0 0 0 0
1.25 0 0 0 0
1.25667 0 0 0 0
1.26333 0 0 0 0
1.27 0 0 0 0
1.27667 0 0 0 0
1.28333 0 0 0 0
1.29 0 0 0 0
1.29667 0 0 0 0
1.30333 0 0 0 0
1.31 0 0 0 0
1.31667 0 0 0 0
1.32333 0 0 0 0
1.33 0 0 0 0
1.33667 0 0 0 0
1.34333 0 0 0 0
1.35 0 0 0 0
1.35667 0 0 0 0
1.36333 0 0 0 0
1.37 0 0 0 0
1.37667 0 0 0 0
1.38333 0 0 0 0
1.39 0 0 0 0
1.39667 0 0 0 0
1.40333 0 0 0 0
1.41 0 0 0 0
1.41667 0 0 0 0
1.42333 0 0 0 0
1.43 0 0 0 0
1.43667 0 0 0 0
1.44333 0 0 0 0
1.45 0 0 0 0
1.45667 0 0 0 0
1.46333 0 0 0 0
1.47 0 0 0 0
1.47667 0 0 0 0
1.48333 0 0 0 0
1.49 0 0 0 0
1.49667 0 0 0 0
1.50333 0 0 0 0
1.51 0 0 0 0
1.51667 0 0 0 0
1.52333 0 0 0 0
1.53 0 0 0 0
1.53667 0 0 0 0
1.54333 0 0 0 0
1.55 0 0 0 0
1.55667 0 0 0 0
1.56333 0 0 0 0
1.57 0 0 0 0
1.57667 0 0 0 0
1.58333 0 0 0 0
1.59 0 0 0 0
1.59667 0 0 0 0
1.60333 0 0 0 0
1.61 0 0 0 0
1.61667 0 0 0 0
1.62333 0 0 0 0
1.63 0 0 0 0
1.63667 0 0 0 0
1.64333 0 0 0 0
1.65 0 0 0 0
1.65667 0 0 0 0
1.66333 0 0 0 0
1.67 0 0 0 0
1.67667 0 0 0 0
1.68333 0 0 0 0
1.69 0 0 0 0
1.69667 0 0 0 0
1.70333 0 0 0 0
1.71 0 0 0 0
1.71667 0 0 0 0
1.72333 0 0 0 0
1.73 0 0 0 0
1.73667 0 0 0 0
1.74333 0 0 0 0
1.75 0 0 0 0
1.75667 0 0 0 0
1.76333 0 0 0 0
1.77 0 0 0 0
1.77667 0 0 0 0
1.78333 0 0 0 0
1.79 0 0 0 0
1.79667 0 0 0 0
1.80333 0 0 0 0
1.81 0 0 0 0
1.81667 0 0 0 0
1.82333 0 0 0 0
1.83 0 0 0 0
1.83667 0 0 0 0
1.84333 0 0 0 0
1.85 0 0 0 0
1.85667 0 0 0 0
1.86333 0 0 0 0
1.87 0 0 0 0
1.87667 0 0 0 0
1.88333 0 0 0 0
1.89 0 0 0 0
1.89667 0 0 0 0
1.90333 0 0 0 0
1.91 0 0 0 0
1.91667 0 0 0 0
1.92333 0 0 0 0
1.93 0 0 0 0
1.93667 0 0 0 0
1.94333 0 0 0 0
1.95 0 0 0 0
1.95667 0 0 0 0
1.96333 0 0 0 0
1.97 0 0 0 0
1.97667 0 0 0 0
1.98333 0 0 0 0
1.99 0 0 0 0
1.99667 0 0 0 0
