0.00333333 9 21 22 0
0.01 18 25 30 0
0.0166667 10 37 23 0
0.0233333 8 31 24 0
0.03 17 29 56 0
0.0366667 28 35 45 1
0.0433333 29 61 47 1
0.05 43 70 87 0
0.0566667 48 89 102 2
0.0633333 48 93 99 1
0.07 50 109 107 0
0.0766667 49 138 116 1
0.0833333 45 111 122 1
0.09 39 121 97 1
0.0966667 40 113 121 1
0.103333 50 112 105 0
0.11 35 116 119 0
0.116667 36 123 86 0
0.123333 41 108 119 0
0.13 25 113 85 0
0.136667 36 93 101 0
0.143333 37 88 91 0
0.15 30 110 75 1
0.156667 33 90 73 0
0.163333 24 76 67 1
0.17 38 75 78 0
0.176667 23 86 78 0
0.183333 35 71 84 1
0.19 29 72 94 0
0.196667 28 77 66 0
0.203333 40 81 71 0
0.21 21 70 75 0
0.216667 23 67 69 0
0.223333 25 61 57 0
0.23 19 58 60 0
0.236667 20 56 61 0
0.243333 12 63 54 0
0.25 17 49 65 0
0.256667 24 65 43 0
0.263333 17 49 52 0
0.27 16 63 54 0
0.276667 18 42 40 1
0.283333 11 39 52 0
0.29 13 39 43 0
0.296667 17 43 48 0
0.303333 19 47 37 0
0.31 16 36 39 0
0.316667 18 39 29 0
0.323333 20 41 34 0
0.33 17 34 33 0
0.336667 19 36 30 0
0.343333 11 39 45 1
0.35 14 43 33 0
0.356667 7 37 34 0
0.363333 13 28 32 1
0.37 14 30 38 1
0.376667 20 33 37 1
0.383333 18 38 36 0
0.39 13 36 27 0
0.396667 16 30 22 0
0.403333 14 35 24 0
0.41 16 30 35 1
0.416667 12 39 28 0
0.423333 7 26 21 0
0.43 7 30 28 1
0.436667 15 31 21 0
0.443333 15 25 40 0
0.45 14 33 27 0
0.456667 8 29 32 0
0.463333 11 35 27 0
0.47 7 34 28 0
0.476667 11 25 19 0
0.483333 7 21 24 1
0.49 18 10 18 0
0.496667 7 21 17 1
0.503333 9 18 24 0
0.51 11 20 15 0
0.516667 11 12 18 0
0.523333 11 17 15 0
0.53 8 16 12 0
0.536667 6 9 13 0
0.543333 9 14 14 0
0.55 11 17 13 0
0.556667 11 13 14 0
0.563333 3 15 9 0
0.57 7 17 17 0
0.576667 9 10 15 0
0.583333 9 18 18 0
0.59 7 11 14 0
0.596667 7 20 12 0
0.603333 5 17 11 0
0.61 5 11 21 0
0.616667 1 16 7 0
0.623333 11 10 9 0
0.63 6 9 12 0
0.636667 4 15 14 0
0.643333 3 14 16 1
0.65 6 14 16 0
0.656667 10 7 9 0
0.663333 128 647 565 0
0.67 0 0 0 0
0.676667 0 0 0 0
0.683333 0 0 0 0
0.69 0 0 0 0
0.696667 0 0 0 0
0.703333 0 0 0 0
0.71 0 0 0 0
0.716667 0 0 0 0
0.723333 0 0 0 0
0.73 0 0 0 0
0.736667 0 0 0 0
0.743333 0 0 0 0
0.75 0 0 0 0
0.756667 0 0 0 0
0.763333 0 0 0 0
0.77 0 0 0 0
0.776667 0 0 0 0
0.783333 0 0 0 0
0.79 0 0 0 0
0.796667 0 0 0 0
0.803333 0 0 0 0
0.81 0 0 0 0
0.816667 0 0 0 0
0.823333 0 0 0 0
0.83 0 0 0 0
0.836667 0 0 0 0
0.843333 0 0 0 0
0.85 0 0 0 0
0.856667 0 0 0 0
0.863333 0 0 0 0
0.87 0 0 0 0
0.876667 0 0 0 0
0.883333 0 0 0 0
0.89 0 0 0 0
0.896667 0 0 0 0
0.903333 0 0 0 0
0.91 0 0 0 0
0.916667 0 0 0 0
0.923333 0 0 0 0
0.93 0 0 0 0
0.936667 0 0 0 0
0.943333 0 0 0 0
0.95 0 0 0 0
0.956667 0 0 0 0
0.963333 0 0 0 0
0.97 0 0 0 0
0.976667 0 0 0 0
0.983333 0 0 0 0
0.99 0 0 0 0
0.996667 0 0 0 0
1.00333 0 0 0 0
1.01 0 0 0 0
1.01667 0 0 0 0
1.02333 0 0 0 0
1.03 0 0 0 0
1.03667 0 0 0 0
1.04333 0 0 0 0
1.05 0 0 0 0
1.05667 0 0 0 0
1.06333 0 0 0 0
1.07 0 0 0 0
1.07667 0 0 0 0
1.08333 0 0 0 0
1.09 0 0 0 0
1.09667 0 0 0 0
1.10333 0 0 0 0
1.11 0 0 0 0
1.11667 0 0 0 0
1.12333 0 0 0 0
1.13 0 0 0 0
1.13667 0 0 0 0
1.14333 0 0 0 0
1.15 0 0 0 0
1.15667 0 0 0 0
1.16333 0 0 0 0
1.17 0 0 0 0
1.17667 0 0 0 0
1.18333 0 0 0 0
1.19 0 0 0 0
1.19667 0 0 0 0
1.20333 0 0 0 0
1.21 0 0 0 0
1.21667 0 0 0 0
1.22333 0 0 0 0
1.23 0 0 0 0
1.23667 0 0 0 0
1.24333 0 0 0 0
1.25 0 0 0 0
1.25667 0 0 0 0
1.26333 0 0 0 0
1.27 0 0 0 0
1.27667 0 0 0 0
1.28333 0 0 0 0
1.29 0 0 0 0
1.29667 0 0 0 0
1.30333 0 0 0 0
1.31 0 0 0 0
1.31667 0 0 0 0
1.32333 0 0 0 0
1.33 0 0 0 0
1.33667 0 0 0 0
1.34333 0 0 0 0
1.35 0 0 0 0
1.35667 0 0 0 0
1.36333 0 0 0 0
1.37 0 0 0 0
1.37667 0 0 0 0
1.38333 0 0 0 0
1.39 0 0 0 0
1.39667 0 0 0 0
1.40333 0 0 0 0
1.41 0 0 0 0
1.41667 0 0 0 0
1.42333 0 0 0 0
1.43 0 0 0 0
1.43667 0 0 0 0
1.44333 0 0 0 0
1.45 0 0 0 0
1.45667 0 0 0 0
1.46333 0 0 0 0
1.47 0 0 0 0
1.47667 0 0 0 0
1.48333 0 0 0 0
1.49 0 0 0 0
1.49667 0 0 0 0
1.50333 0 0 0 0
1.51 0 0 0 0
1.51667 0 0 0 0
1.52333 0 0 0 0
1.53 0 0 0 0
1.53667 0 0 0 0
1.54333 0 0 0 0
1.55 0 0 0 0
1.55667 0 0 0 0
1.56333 0 0 0 0
1.57 0 0 0 0
1.57667 0 0 0 0
1.58333 0 0 0 0
1.59 0 0 0 0
1.59667 0 0 0 0
1.60333 0 0 0 0
1.61 0 0 0 0
1.61667 0 0 0 0
1.62333 0 0 0 0
1.63 0 0 0 0
1.63667 0 0 0 0
1.64333 0 0 0 0
1.65 0 0 0 0
1.65667 0 0 0 0
1.66333 0 0 0 0
1.67 0 0 0 0
1.67667 0 0 0 0
1.68333 0 0 0 0
1.69 0 0 0 0
1.69667 0 0 0 0
1.70333 0 0 0 0
1.71 0 0 0 0
1.71667 0 0 0 0
1.72333 0 0 0 0
1.73 0 0 0 0
1.73667 0 0 0 0
1.74333 0 0 0 0
1.75 0 0 0 0
1.75667 0 0 0 0
1.76333 0 0 0 0
1.77 0 0 0 0
1.77667 0 0 0 0
1.78333 0 0 0 0
1.79 0 0 0 0
1.79667 0 0 0 0
1.80333 0 0 0 0
1.81 0 0 0 0
1.81667 0 0 0 0
1.82333 0 0 0 0
1.83 0 0 0 0
1.83667 0 0 0 0
1.84333 0 0 0 0
1.85 0 0 0 0
1.85667 0 0 0 0
1.86333 0 0 0 0
1.87 0 0 0 0
1.87667 0 0 0 0
1.88333 0 0 0 0
1.89 0 0 0 0
1.89667 0 0 0 0
1.90333 0 0 0 0
1.91 0 0 0 0
1.91667 0 0 0 0
1.92333 0 0 0 0
1.93 0 0 0 0
1.93667 0 0 0 0
1.94333 0 0 0 0
1.95 0 0 0 0
1.95667 0 0 0 0
1.96333 0 0 0 0
1.97 0 0 0 0
1.97667 0 0 0 0
1.98333 0 0 0 0
1.99 0 0 0 0
1.99667 0 0 0 0
