0.00333333 59 9 7 0
0.01 69 7 10 0
0.0166667 87 16 8 0
0.0233333 95 16 9 0
0.03 88 9 3 0
0.0366667 118 11 9 0
0.0433333 171 14 17 1
0.05 202 21 16 0
0.0566667 230 33 28 0
0.0633333 264 23 27 0
0.07 287 28 18 0
0.0766667 286 38 24 0
0.0833333 287 40 30 1
0.09 274 29 23 0
0.0966667 247 50 29 0
0.103333 266 41 22 0
0.11 296 35 23 0
0.116667 279 48 24 0
0.123333 278 34 23 0
0.13 270 29 16 0
0.136667 277 28 16 0
0.143333 269 36 20 0
0.15 225 32 15 0
0.156667 231 31 12 0
0.163333 209 37 12 0
0.17 207 31 14 0
0.176667 209 28 10 0
0.183333 222 33 12 0
0.19 191 42 22 0
0.196667 229 30 10 0
0.203333 193 30 19 0
0.21 168 27 8 0
0.216667 190 29 6 1
0.223333 186 28 12 0
0.23 196 18 10 0
0.236667 162 25 16 0
0.243333 171 22 12 0
0.25 148 30 17 0
0.256667 147 25 12 1
0.263333 142 17 13 0
0.27 156 15 6 0
0.276667 128 23 14 0
0.283333 112 14 12 0
0.29 124 19 5 0
0.296667 127 14 17 0
0.303333 122 14 13 0
0.31 129 10 10 0
0.316667 133 18 5 0
0.323333 116 13 11 0
0.33 115 15 3 0
0.336667 123 18 7 1
0.343333 123 18 10 0
0.35 98 11 7 0
0.356667 110 12 10 0
0.363333 99 14 12 0
0.37 93 17 9 0
0.376667 81 18 12 0
0.383333 96 11 8 0
0.39 101 12 8 0
0.396667 95 9 9 0
0.403333 103 17 6 0
0.41 66 14 4 0
0.416667 78 11 6 0
0.423333 75 11 2 0
0.43 71 18 6 0
0.436667 83 13 7 0
0.443333 84 10 4 0
0.45 93 14 4 0
0.456667 68 14 9 0
0.463333 82 10 7 0
0.47 76 17 3 1
0.476667 57 10 5 0
0.483333 59 9 4 0
0.49 53 9 6 0
0.496667 41 7 5 0
0.503333 58 14 5 0
0.51 42 8 5 0
0.516667 47 12 2 0
0.523333 53 7 4 0
0.53 40 9 4 0
0.536667 42 13 6 0
0.543333 45 9 1 0
0.55 48 10 0 0
0.556667 45 6 6 0
0.563333 46 6 9 0
0.57 38 7 5 0
0.576667 51 9 4 0
0.583333 52 7 5 0
0.59 34 6 2 0
0.596667 39 6 4 0
0.603333 38 10 1 0
0.61 44 2 2 0
0.616667 44 10 5 0
0.623333 42 9 4 0
0.63 39 6 0 0
0.636667 35 6 3 0
0.643333 35 6 6 0
0.65 44 5 3 0
0.656667 31 7 5 0
0.663333 1905 324 101 0
0.67 0 0 0 0
0.676667 0 0 0 0
0.683333 0 0 0 0
0.69 0 0 0 0
0.696667 0 0 0 0
0.703333 0 0 0 0
0.71 0 0 0 0
0.716667 0 0 0 0
0.723333 0 0 0 0
0.73 0 0 0 0
0.736667 0 0 0 0
0.743333 0 0 0 0
0.75 0 0 0 0
0.756667 0 0 0 0
0.763333 0 0 0 0
0.77 0 0 0 0
0.776667 0 0 0 0
0.783333 0 0 0 0
0.79 0 0 0 0
0.796667 0 0 0 0
0.803333 0 0 0 0
0.81 0 0 0 0
0.816667 0 0 0 0
0.823333 0 0 0 0
0.83 0 0 0 0
0.836667 0 0 0 0
0.843333 0 0 0 0
0.85 0 0 0 0
0.856667 0 0 0 0
0.863333 0 0 0 0
0.87 0 0 0 0
0.876667 0 0 0 0
0.883333 0 0 0 0
0.89 0 0 0 0
0.896667 0 0 0 0
0.903333 0 0 0 0
0.91 0 0 0 0
0.916667 0 0 0 0
0.923333 0 0 0 0
0.93 0 0 0 0
0.936667 0 0 0 0
0.943333 0 0 0 0
0.95 0 0 0 0
0.956667 0 0 0 0
0.963333 0 0 0 0
0.97 0 0 0 0
0.976667 0 0 0 0
0.983333 0 0 0 0
0.99 0 0 0 0
0.996667 0 0 0 0
1.00333 0 0 0 0
1.01 0 0 0 0
1.01667 0 0 0 0
1.02333 0 0 0 0
1.03 0 0 0 0
1.03667 0 0 0 0
1.04333 0 0 0 0
1.05 0 0 0 0
1.05667 0 0 0 0
1.06333 0 0 0 0
1.07 0 0 0 0
1.07667 0 0 0 0
1.08333 0 0 0 0
1.09 0 0 0 0
1.09667 0 0 0 0
1.10333 0 0 0 0
1.11 0 0 0 0
1.11667 0 0 0 0
1.12333 0 0 0 0
1.13 0 0 0 0
1.13667 0 0 0 0
1.14333 0 0 0 0
1.15 0 0 0 0
1.15667 0 0 0 0
1.16333 0 0 0 0
1.17 0 0 0 0
1.17667 0 0 0 0
1.18333 0 0 0 0
1.19 0 0 0 0
1.19667 0 0 0 0
1.20333 0 0 0 0
1.21 0 0 0 0
1.21667 0 0 0 0
1.22333 0 0 0 0
1.23 0 0 0 0
1.23667 0 0 0 0
1.24333 0 0 0 0
1.25 0 0 0 0
1.25667 0 0 0 0
1.26333 0 0 0 0
1.27 0 0 0 0
1.27667 0 0 0 0
1.28333 0 0 0 0
1.29 0 0 0 0
1.29667 0 0 0 0
1.30333 0 0 0 0
1.31 0 0 0 0
1.31667 0 0 0 0
1.32333 0 0 0 0
1.33 0 0 0 0
1.33667 0 0 0 0
1.34333 0 0 0 0
1.35 0 0 0 0
1.35667 0 0 0 0
1.36333 0 0 0 0
1.37 0 0 0 0
1.37667 0 0 0 0
1.38333 0 0 0 0
1.39 0 0 0 0
1.39667 0 0 0 0
1.40333 0 0 0 0
1.41 0 0 0 0
1.41667 0 0 0 0
1.42333 0 0 0 0
1.43 0 0 0 0
1.43667 0 0 0 0
1.44333 0 0 0 0
1.45 0 0 0 0
1.45667 0 0 0 0
1.46333 0 0 0 0
1.47 0 0 0 0
1.47667 0 0 0 0
1.48333 0 0 0 0
1.49 0 0 0 0
1.49667 0 0 0 0
1.50333 0 0 0 0
1.51 0 0 0 0
1.51667 0 0 0 0
1.52333 0 0 0 0
1.53 0 0 0 0
1.53667 0 0 0 0
1.54333 0 0 0 0
1.55 0 0 0 0
1.55667 0 0 0 0
1.56333 0 0 0 0
1.57 0 0 0 0
1.57667 0 0 0 0
1.58333 0 0 0 0
1.59 0 0 0 0
1.59667 0 0 0 0
1.60333 0 0 0 0
1.61 0 0 0 0
1.61667 0 0 0 0
1.62333 0 0 0 0
1.63 0 0 0 0
1.63667 0 0 0 0
1.64333 0 0 0 0
1.65 0 0 0 0
1.65667 0 0 0 0
1.66333 0 0 0 0
1.67 0 0 0 0
1.67667 0 0 0 0
1.68333 0 0 0 0
1.69 0 0 0 0
1.69667 0 0 0 0
1.70333 0 0 0 0
1.71 0 0 0 0
1.71667 0 0 0 0
1.72333 0 0 0 0
1.73 0 0 0 0
1.73667 0 0 0 0
1.74333 0 0 0 0
1.75 0 0 0 0
1.75667 0 0 0 0
1.76333 0 0 0 0
1.77 0 0 0 0
1.77667 0 0 0 0
1.78333 0 0 0 0
1.79 0 0 0 0
1.79667 0 0 0 0
1.80333 0 0 0 0
1.81 0 0 0 0
1.81667 0 0 0 0
1.82333 0 0 0 0
1.83 0 0 0 0
1.83667 0 0 0 0
1.84333 0 0 0 0
1.85 0 0 0 0
1.85667 0 0 0 0
1.86333 0 0 0 0
1.87 0 0 0 0
1.87667 0 0 0 0
1.88333 0 0 0 0
1.89 0 0 0 0
1.89667 0 0 0 0
1.90333 0 0 0 0
1.91 0 0 0 0
1.91667 0 0 0 0
1.92333 0 0 0 0
1.93 0 0 0 0
1.93667 0 0 0 0
1.94333 0 0 0 0
1.95 0 0 0 0
1.95667 0 0 0 0
1.96333 0 0 0 0
1.97 0 0 0 0
1.97667 0 0 0 0
1.98333 0 0 0 0
1.99 0 0 0 0
1.99667 0 0 0 0
