0.00333333 0 50 57 0
0.01 1 52 47 0
0.0166667 2 64 78 2
0.0233333 1 60 80 8
0.03 2 89 77 1
0.0366667 1 60 106 5
0.0433333 1 157 136 5
0.05 1 154 195 8
0.0566667 1 167 187 3
0.0633333 2 244 229 3
0.07 2 237 231 12
0.0766667 2 222 248 9
0.0833333 2 243 251 8
0.09 1 244 253 14
0.0966667 2 241 268 4
0.103333 4 247 227 8
0.11 0 210 234 8
0.116667 1 188 260 4
0.123333 1 219 251 4
0.13 3 213 207 2
0.136667 4 200 221 4
0.143333 0 203 217 11
0.15 1 158 187 4
0.156667 1 203 167 4
0.163333 0 155 196 1
0.17 2 174 178 3
0.176667 2 147 170 6
0.183333 1 154 182 7
0.19 0 188 177 3
0.196667 1 174 196 7
0.203333 1 137 175 1
0.21 2 148 191 10
0.216667 1 158 144 3
0.223333 2 130 138 4
0.23 2 134 140 4
0.236667 0 130 143 6
0.243333 0 110 128 9
0.25 0 123 132 4
0.256667 1 111 126 5
0.263333 0 106 111 2
0.27 1 105 123 0
0.276667 0 88 105 1
0.283333 0 91 92 2
0.29 1 86 114 1
0.296667 2 87 98 1
0.303333 0 89 109 4
0.31 0 88 106 3
0.316667 0 83 85 4
0.323333 1 72 101 2
0.33 1 80 78 2
0.336667 0 63 91 2
0.343333 0 83 84 2
0.35 1 71 93 5
0.356667 2 73 77 3
0.363333 1 56 67 1
0.37 1 63 67 5
0.376667 0 58 68 2
0.383333 0 65 78 1
0.39 0 60 78 3
0.396667 2 56 66 4
0.403333 0 69 79 1
0.41 0 60 56 3
0.416667 0 57 64 1
0.423333 0 63 60 4
0.43 0 56 68 2
0.436667 1 56 55 2
0.443333 0 62 61 1
0.45 0 56 57 1
0.456667 0 62 52 7
0.463333 1 43 62 1
0.47 0 63 76 0
0.476667 0 47 45 2
0.483333 1 36 50 5
0.49 0 33 45 5
0.496667 0 35 49 1
0.503333 2 30 45 1
0.51 0 35 46 1
0.516667 3 30 34 1
0.523333 0 29 33 0
0.53 0 44 35 3
0.536667 0 36 38 1
0.543333 0 24 44 4
0.55 0 33 42 3
0.556667 0 32 33 2
0.563333 0 32 21 1
0.57 1 23 30 3
0.576667 2 25 27 2
0.583333 1 30 33 1
0.59 2 31 29 2
0.596667 0 24 35 2
0.603333 0 24 27 4
0.61 0 24 28 0
0.616667 0 32 23 0
0.623333 0 24 36 0
0.63 0 21 37 0
0.636667 0 34 38 1
0.643333 0 28 28 1
0.65 0 14 27 0
0.656667 0 20 21 0
0.663333 3 1446 1772 16
0.67 0 0 0 0
0.676667 0 0 0 0
0.683333 0 0 0 0
0.69 0 0 0 0
0.696667 0 0 0 0
0.703333 0 0 0 0
0.71 0 0 0 0
0.716667 0 0 0 0
0.723333 0 0 0 0
0.73 0 0 0 0
0.736667 0 0 0 0
0.743333 0 0 0 0
0.75 0 0 0 0
0.756667 0 0 0 0
0.763333 0 0 0 0
0.77 0 0 0 0
0.776667 0 0 0 0
0.783333 0 0 0 0
0.79 0 0 0 0
0.796667 0 0 0 0
0.803333 0 0 0 0
0.81 0 0 0 0
0.816667 0 0 0 0
0.823333 0 0 0 0
0.83 0 0 0 0
0.836667 0 0 0 0
0.843333 0 0 0 0
0.85 0 0 0 0
0.856667 0 0 0 0
0.863333 0 0 0 0
0.87 0 0 0 0
0.876667 0 0 0 0
0.883333 0 0 0 0
0.89 0 0 0 0
0.896667 0 0 0 0
0.903333 0 0 0 0
0.91 0 0 0 0
0.916667 0 0 0 0
0.923333 0 0 0 0
0.93 0 0 0 0
0.936667 0 0 0 0
0.943333 0 0 0 0
0.95 0 0 0 0
0.956667 0 0 0 0
0.963333 0 0 0 0
0.97 0 0 0 0
0.976667 0 0 0 0
0.983333 0 0 0 0
0.99 0 0 0 0
0.996667 0 0 0 0
1.00333 0 0 0 0
1.01 0 0 0 0
1.01667 0 0 0 0
1.02333 0 0 0 0
1.03 0 0 0 0
1.03667 0 0 0 0
1.04333 0 0 0 0
1.05 0 0 0 0
1.05667 0 0 0 0
1.06333 0 0 0 0
1.07 0 0 0 0
1.07667 0 0 0 0
1.08333 0 0 0 0
1.09 0 0 0 0
1.09667 0 0 0 0
1.10333 0 0 0 0
1.11 0 0 0 0
1.11667 0 0 0 0
1.12333 0 0 0 0
1.13 0 0 0 0
1.13667 0 0 0 0
1.14333 0 0 0 0
1.15 0 0 0 0
1.15667 0 0 0 0
1.16333 0 0 0 0
1.17 0 0 0 0
1.17667 0 0 0 0
1.18333 0 0 0 0
1.19 0 0 0 0
1.19667 0 0 0 0
1.20333 0 0 0 0
1.21 0 0 0 0
1.21667 0 0 0 0
1.22333 0 0 0 0
1.23 0 0 0 0
1.23667 0 0 0 0
1.24333 0 0 0 0
1.25 0 0 0 0
1.25667 0 0 0 0
1.26333 0 0 0 0
1.27 0 0 0 0
1.27667 0 0 0 0
1.28333 0 0 0 0
1.29 0 0 0 0
1.29667 0 0 0 0
1.30333 0 0 0 0
1.31 0 0 0 0
1.31667 0 0 0 0
1.32333 0 0 0 0
1.33 0 0 0 0
1.33667 0 0 0 0
1.34333 0 0 0 0
1.35 0 0 0 0
1.35667 0 0 0 0
1.36333 0 0 0 0
1.37 0 0 0 0
1.37667 0 0 0 0
1.38333 0 0 0 0
1.39 0 0 0 0
1.39667 0 0 0 0
1.40333 0 0 0 0
1.41 0 0 0 0
1.41667 0 0 0 0
1.42333 0 0 0 0
1.43 0 0 0 0
1.43667 0 0 0 0
1.44333 0 0 0 0
1.45 0 0 0 0
1.45667 0 0 0 0
1.46333 0 0 0 0
1.47 0 0 0 0
1.47667 0 0 0 0
1.48333 0 0 0 0
1.49 0 0 0 0
1.49667 0 0 0 0
1.50333 0 0 0 0
1.51 0 0 0 0
1.51667 0 0 0 0
1.52333 0 0 0 0
1.53 0 0 0 0
1.53667 0 0 0 0
1.54333 0 0 0 0
1.55 0 0 0 0
1.55667 0 0 0 0
1.56333 0 0 0 0
1.57 0 0 0 0
1.57667 0 0 0 0
1.58333 0 0 0 0
1.59 0 0 0 0
1.59667 0 0 0 0
1.60333 0 0 0 0
1.61 0 0 0 0
1.61667 0 0 0 0
1.62333 0 0 0 0
1.63 0 0 0 0
1.63667 0 0 0 0
1.64333 0 0 0 0
1.65 0 0 0 0
1.65667 0 0 0 0
1.66333 0 0 0 0
1.67 0 0 0 0
1.67667 0 0 0 0
1.68333 0 0 0 0
1.69 0 0 0 0
1.69667 0 0 0 0
1.70333 0 0 0 0
1.71 0 0 0 0
1.71667 0 0 0 0
1.72333 0 0 0 0
1.73 0 0 0 0
1.73667 0 0 0 0
1.74333 0 0 0 0
1.75 0 0 0 0
1.75667 0 0 0 0
1.76333 0 0 0 0
1.77 0 0 0 0
1.77667 0 0 0 0
1.78333 0 0 0 0
1.79 0 0 0 0
1.79667 0 0 0 0
1.80333 0 0 0 0
1.81 0 0 0 0
1.81667 0 0 0 0
1.82333 0 0 0 0
1.83 0 0 0 0
1.83667 0 0 0 0
1.84333 0 0 0 0
1.85 0 0 0 0
1.85667 0 0 0 0
1.86333 0 0 0 0
1.87 0 0 0 0
1.87667 0 0 0 0
1.88333 0 0 0 0
1.89 0 0 0 0
1.89667 0 0 0 0
1.90333 0 0 0 0
1.91 0 0 0 0
1.91667 0 0 0 0
1.92333 0 0 0 0
1.93 0 0 0 0
1.93667 0 0 0 0
1.94333 0 0 0 0
1.95 0 0 0 0
1.95667 0 0 0 0
1.96333 0 0 0 0
1.97 0 0 0 0
1.97667 0 0 0 0
1.98333 0 0 0 0
1.99 0 0 0 0
1.99667 0 0 0 0
