0.00333333 1 76 7 1
0.01 2 76 8 1
0.0166667 0 81 19 1
0.0233333 2 105 12 0
0.03 3 88 23 0
0.0366667 3 100 23 1
0.0433333 2 97 27 3
0.05 0 123 25 4
0.0566667 2 121 56 1
0.0633333 4 131 30 6
0.07 2 114 34 2
0.0766667 2 125 49 2
0.0833333 2 131 41 3
0.09 3 149 44 4
0.0966667 1 112 41 3
0.103333 3 127 38 3
0.11 6 141 49 2
0.116667 5 129 47 2
0.123333 0 151 35 2
0.13 2 157 37 5
0.136667 2 152 31 3
0.143333 5 122 34 5
0.15 6 136 26 2
0.156667 1 124 23 1
0.163333 2 144 35 6
0.17 1 130 20 2
0.176667 3 145 28 1
0.183333 2 153 30 3
0.19 5 123 27 4
0.196667 3 164 33 6
0.203333 2 163 23 5
0.21 2 139 30 6
0.216667 2 167 27 3
0.223333 2 158 23 2
0.23 1 163 19 2
0.236667 7 161 24 3
0.243333 3 138 29 2
0.25 2 141 21 2
0.256667 2 156 31 1
0.263333 4 149 19 2
0.27 3 129 26 4
0.276667 2 121 21 2
0.283333 2 119 24 2
0.29 1 106 23 2
0.296667 3 125 22 0
0.303333 2 133 24 0
0.31 4 91 26 1
0.316667 1 112 14 4
0.323333 3 104 18 2
0.33 3 96 24 1
0.336667 1 93 22 3
0.343333 0 104 22 1
0.35 5 94 26 1
0.356667 1 94 23 2
0.363333 2 103 27 2
0.37 1 98 21 2
0.376667 1 109 19 6
0.383333 1 102 9 0
0.39 2 95 21 1
0.396667 1 88 24 3
0.403333 2 109 19 1
0.41 4 97 18 4
0.416667 3 90 17 5
0.423333 1 104 20 2
0.43 1 97 19 1
0.436667 1 87 17 4
0.443333 1 84 23 1
0.45 3 100 14 1
0.456667 1 99 24 1
0.463333 1 91 14 3
0.47 2 93 17 3
0.476667 0 89 17 2
0.483333 1 39 11 2
0.49 1 38 13 1
0.496667 1 29 11 2
0.503333 2 42 13 3
0.51 0 26 11 1
0.516667 2 33 8 1
0.523333 0 18 9 2
0.53 1 23 9 2
0.536667 1 26 8 2
0.543333 0 25 8 1
0.55 0 21 10 3
0.556667 3 25 7 3
0.563333 2 22 9 1
0.57 3 13 7 1
0.576667 1 13 9 3
0.583333 1 22 3 0
0.59 1 25 12 0
0.596667 3 20 15 2
0.603333 2 21 7 0
0.61 2 14 13 1
0.616667 1 17 9 0
0.623333 3 18 8 0
0.63 0 22 16 1
0.636667 0 35 10 1
0.643333 1 11 10 2
0.65 1 13 12 1
0.656667 2 15 10 2
0.663333 14 6644 523 21
0.67 0 0 0 0
0.676667 0 0 0 0
0.683333 0 0 0 0
0.69 0 0 0 0
0.696667 0 0 0 0
0.703333 0 0 0 0
0.71 0 0 0 0
0.716667 0 0 0 0
0.723333 0 0 0 0
0.73 0 0 0 0
0.736667 0 0 0 0
0.743333 0 0 0 0
0.75 0 0 0 0
0.756667 0 0 0 0
0.763333 0 0 0 0
0.77 0 0 0 0
0.776667 0 0 0 0
0.783333 0 0 0 0
0.79 0 0 0 0
0.796667 0 0 0 0
0.803333 0 0 0 0
0.81 0 0 0 0
0.816667 0 0 0 0
0.823333 0 0 0 0
0.83 0 0 0 0
0.836667 0 0 0 0
0.843333 0 0 0 0
0.85 0 0 0 0
0.856667 0 0 0 0
0.863333 0 0 0 0
0.87 0 0 0 0
0.876667 0 0 0 0
0.883333 0 0 0 0
0.89 0 0 0 0
0.896667 0 0 0 0
0.903333 0 0 0 0
0.91 0 0 0 0
0.916667 0 0 0 0
0.923333 0 0 0 0
0.93 0 0 0 0
0.936667 0 0 0 0
0.943333 0 0 0 0
0.95 0 0 0 0
0.956667 0 0 0 0
0.963333 0 0 0 0
0.97 0 0 0 0
0.976667 0 0 0 0
0.983333 0 0 0 0
0.99 0 0 0 0
0.996667 0 0 0 0
1.00333 0 0 0 0
1.01 0 0 0 0
1.01667 0 0 0 0
1.02333 0 0 0 0
1.03 0 0 0 0
1.03667 0 0 0 0
1.04333 0 0 0 0
1.05 0 0 0 0
1.05667 0 0 0 0
1.06333 0 0 0 0
1.07 0 0 0 0
1.07667 0 0 0 0
1.08333 0 0 0 0
1.09 0 0 0 0
1.09667 0 0 0 0
1.10333 0 0 0 0
1.11 0 0 0 0
1.11667 0 0 0 0
1.12333 0 0 0 0
1.13 0 0 0 0
1.13667 0 0 0 0
1.14333 0 0 0 0
1.15 0 0 0 0
1.15667 0 0 0 0
1.16333 0 0 0 0
1.17 0 0 0 0
1.17667 0 0 0 0
1.18333 0 0 0 0
1.19 0 0 0 0
1.19667 0 0 0 0
1.20333 0 0 0 0
1.21 0 0 0 0
1.21667 0 0 0 0
1.22333 0 0 0 0
1.23 0 0 0 0
1.23667 0 0 0 0
1.24333 0 0 0 0
1.25 0 0 0 0
1.25667 0 0 0 0
1.26333 0 0 0 0
1.27 0 0 0 0
1.27667 0 0 0 0
1.28333 0 0 0 0
1.29 0 0 0 0
1.29667 0 0 0 0
1.30333 0 0 0 0
1.31 0 0 0 0
1.31667 0 0 0 0
1.32333 0 0 0 0
1.33 0 0 0 0
1.33667 0 0 0 0
1.34333 0 0 0 0
1.35 0 0 0 0
1.35667 0 0 0 0
1.36333 0 0 0 0
1.37 0 0 0 0
1.37667 0 0 0 0
1.38333 0 0 0 0
1.39 0 0 0 0
1.39667 0 0 0 0
1.40333 0 0 0 0
1.41 0 0 0 0
1.41667 0 0 0 0
1.42333 0 0 0 0
1.43 0 0 0 0
1.43667 0 0 0 0
1.44333 0 0 0 0
1.45 0 0 0 0
1.45667 0 0 0 0
1.46333 0 0 0 0
1.47 0 0 0 0
1.47667 0 0 0 0
1.48333 0 0 0 0
1.49 0 0 0 0
1.49667 0 0 0 0
1.50333 0 0 0 0
1.51 0 0 0 0
1.51667 0 0 0 0
1.52333 0 0 0 0
1.53 0 0 0 0
1.53667 0 0 0 0
1.54333 0 0 0 0
1.55 0 0 0 0
1.55667 0 0 0 0
1.56333 0 0 0 0
1.57 0 0 0 0
1.57667 0 0 0 0
1.58333 0 0 0 0
1.59 0 0 0 0
1.59667 0 0 0 0
1.60333 0 0 0 0
1.61 0 0 0 0
1.61667 0 0 0 0
1.62333 0 0 0 0
1.63 0 0 0 0
1.63667 0 0 0 0
1.64333 0 0 0 0
1.65 0 0 0 0
1.65667 0 0 0 0
1.66333 0 0 0 0
1.67 0 0 0 0
1.67667 0 0 0 0
1.68333 0 0 0 0
1.69 0 0 0 0
1.69667 0 0 0 0
1.70333 0 0 0 0
1.71 0 0 0 0
1.71667 0 0 0 0
1.72333 0 0 0 0
1.73 0 0 0 0
1.73667 0 0 0 0
1.74333 0 0 0 0
1.75 0 0 0 0
1.75667 0 0 0 0
1.76333 0 0 0 0
1.77 0 0 0 0
1.77667 0 0 0 0
1.78333 0 0 0 0
1.79 0 0 0 0
1.79667 0 0 0 0
1.80333 0 0 0 0
1.81 0 0 0 0
1.81667 0 0 0 0
1.82333 0 0 0 0
1.83 0 0 0 0
1.83667 0 0 0 0
1.84333 0 0 0 0
1.85 0 0 0 0
1.85667 0 0 0 0
1.86333 0 0 0 0
1.87 0 0 0 0
1.87667 0 0 0 0
1.88333 0 0 0 0
1.89 0 0 0 0
1.89667 0 0 0 0
1.90333 0 0 0 0
1.91 0 0 0 0
1.91667 0 0 0 0
1.92333 0 0 0 0
1.93 0 0 0 0
1.93667 0 0 0 0
1.94333 0 0 0 0
1.95 0 0 0 0
1.95667 0 0 0 0
1.96333 0 0 0 0
1.97 0 0 0 0
1.97667 0 0 0 0
1.98333 0 0 0 0
1.99 0 0 0 0
1.99667 0 0 0 0
