0.00333333 18 10 16 0
0.01 28 11 19 0
0.0166667 33 20 13 0
0.0233333 37 16 20 0
0.03 35 25 22 0
0.0366667 52 28 25 1
0.0433333 72 33 42 0
0.05 108 44 47 0
0.0566667 112 51 59 1
0.0633333 91 48 44 0
0.07 97 51 76 0
0.0766667 110 59 59 0
0.0833333 107 70 73 0
0.09 120 58 52 0
0.0966667 110 50 70 0
0.103333 93 62 68 0
0.11 99 53 57 0
0.116667 91 69 44 0
0.123333 82 51 65 0
0.13 76 58 67 0
0.136667 81 44 48 0
0.143333 75 43 66 1
0.15 93 69 47 1
0.156667 85 40 37 0
0.163333 86 41 56 0
0.17 64 51 46 0
0.176667 52 44 48 0
0.183333 78 46 48 0
0.19 69 53 46 0
0.196667 64 41 39 0
0.203333 54 36 46 0
0.21 69 46 44 0
0.216667 45 29 35 0
0.223333 42 25 33 0
0.23 46 34 37 0
0.236667 38 33 38 0
0.243333 41 31 28 0
0.25 49 29 37 0
0.256667 38 31 31 0
0.263333 43 35 30 0
0.27 38 34 38 0
0.276667 42 20 21 0
0.283333 37 26 34 1
0.29 38 18 21 0
0.296667 38 19 28 0
0.303333 56 26 31 0
0.31 42 27 14 0
0.316667 55 12 26 0
0.323333 28 26 24 0
0.33 40 20 23 0
0.336667 49 19 25 1
0.343333 42 16 19 0
0.35 35 24 22 0
0.356667 34 17 30 0
0.363333 33 18 21 1
0.37 32 15 18 0
0.376667 30 17 23 1
0.383333 25 16 19 0
0.39 28 27 24 0
0.396667 32 17 17 0
0.403333 32 17 12 0
0.41 29 15 16 0
0.416667 35 23 19 0
0.423333 23 22 15 1
0.43 19 15 17 0
0.436667 30 14 16 1
0.443333 28 13 17 0
0.45 36 19 16 0
0.456667 28 20 20 0
0.463333 31 22 15 0
0.47 16 13 23 0
0.476667 18 18 20 0
0.483333 16 15 18 1
0.49 22 10 13 0
0.496667 16 9 4 0
0.503333 26 12 19 0
0.51 22 13 11 0
0.516667 22 8 11 0
0.523333 22 12 14 0
0.53 12 7 7 0
0.536667 14 8 11 0
0.543333 21 12 9 0
0.55 20 12 7 0
0.556667 12 7 10 0
0.563333 16 9 9 0
0.57 20 11 10 0
0.576667 15 11 13 0
0.583333 14 7 10 0
0.59 15 12 11 0
0.596667 16 12 11 0
0.603333 19 10 12 0
0.61 10 2 11 0
0.616667 17 3 7 1
0.623333 8 6 10 0
0.63 18 5 9 0
0.636667 10 6 13 0
0.643333 13 0 7 0
0.65 11 13 9 0
0.656667 15 7 5 0
0.663333 456 306 348 1
0.67 0 0 0 0
0.676667 0 0 0 0
0.683333 0 0 0 0
0.69 0 0 0 0
0.696667 0 0 0 0
0.703333 0 0 0 0
0.71 0 0 0 0
0.716667 0 0 0 0
0.723333 0 0 0 0
0.73 0 0 0 0
0.736667 0 0 0 0
0.743333 0 0 0 0
0.75 0 0 0 0
0.756667 0 0 0 0
0.763333 0 0 0 0
0.77 0 0 0 0
0.776667 0 0 0 0
0.783333 0 0 0 0
0.79 0 0 0 0
0.796667 0 0 0 0
0.803333 0 0 0 0
0.81 0 0 0 0
0.816667 0 0 0 0
0.823333 0 0 0 0
0.83 0 0 0 0
0.836667 0 0 0 0
0.843333 0 0 0 0
0.85 0 0 0 0
0.856667 0 0 0 0
0.863333 0 0 0 0
0.87 0 0 0 0
0.876667 0 0 0 0
0.883333 0 0 0 0
0.89 0 0 0 0
0.896667 0 0 0 0
0.903333 0 0 0 0
0.91 0 0 0 0
0.916667 0 0 0 0
0.923333 0 0 0 0
0.93 0 0 0 0
0.936667 0 0 0 0
0.943333 0 0 0 0
0.95 0 0 0 0
0.956667 0 0 0 0
0.963333 0 0 0 0
0.97 0 0 0 0
0.976667 0 0 0 0
0.983333 0 0 0 0
0.99 0 0 0 0
0.996667 0 0 0 0
1.00333 0 0 0 0
1.01 0 0 0 0
1.01667 0 0 0 0
1.02333 0 0 0 0
1.03 0 0 0 0
1.03667 0 0 0 0
1.04333 0 0 0 0
1.05 0 0 0 0
1.05667 0 0 0 0
1.06333 0 0 0 0
1.07 0 0 0 0
1.07667 0 0 0 0
1.08333 0 0 0 0
1.09 0 0 0 0
1.09667 0 0 0 0
1.10333 0 0 0 0
1.11 0 0 0 0
1.11667 0 0 0 0
1.12333 0 0 0 0
1.13 0 0 0 0
1.13667 0 0 0 0
1.14333 0 0 0 0
1.15 0 0 0 0
1.15667 0 0 0 0
1.16333 0 0 0 0
1.17 0 0 0 0
1.17667 0 0 0 0
1.18333 0 0 0 0
1.19 0 0 0 0
1.19667 0 0 0 0
1.20333 0 0 0 0
1.21 0 0 0 0
1.21667 0 0 0 0
1.22333 0 0 0 0
1.23 0 0 0 0
1.23667 0 0 0 0
1.24333 0 0 0 0
1.25 0 0 0 0
1.25667 0 0 0 0
1.26333 0 0 0 0
1.27 0 0 0 0
1.27667 0 0 0 0
1.28333 0 0 0 0
1.29 0 0 0 0
1.29667 0 0 0 0
1.30333 0 0 0 0
1.31 0 0 0 0
1.31667 0 0 0 0
1.32333 0 0 0 0
1.33 0 0 0 0
1.33667 0 0 0 0
1.34333 0 0 0 0
1.35 0 0 0 0
1.35667 0 0 0 0
1.36333 0 0 0 0
1.37 0 0 0 0
1.37667 0 0 0 0
1.38333 0 0 0 0
1.39 0 0 0 0
1.39667 0 0 0 0
1.40333 0 0 0 0
1.41 0 0 0 0
1.41667 0 0 0 0
1.42333 0 0 0 0
1.43 0 0 0 0
1.43667 0 0 0 0
1.44333 0 0 0 0
1.45 0 0 0 0
1.45667 0 0 0 0
1.46333 0 0 0 0
1.47 0 0 0 0
1.47667 0 0 0 0
1.48333 0 0 0 0
1.49 0 0 0 0
1.49667 0 0 0 0
1.50333 0 0 0 0
1.51 0 0 0 0
1.51667 0 0 0 0
1.52333 0 0 0 0
1.53 0 0 0 0
1.53667 0 0 0 0
1.54333 0 0 0 0
1.55 0 0 0 0
1.55667 0 0 0 0
1.56333 0 0 0 0
1.57 0 0 0 0
1.57667 0 0 0 0
1.58333 0 0 0 0
1.59 0 0 0 0
1.59667 0 0 0 0
1.60333 0 0 0 0
1.61 0 0 0 0
1.61667 0 0 0 0
1.62333 0 0 0 0
1.63 0 0 0 0
1.63667 0 0 0 0
1.64333 0 0 0 0
1.65 0 0 0 0
1.65667 0 0 0 0
1.66333 0 0 0 0
1.67 0 0 0 0
1.67667 0 0 0 0
1.68333 0 0 0 0
1.69 0 0 0 0
1.69667 0 0 0 0
1.70333 0 0 0 0
1.71 0 0 0 0
1.71667 0 0 0 0
1.72333 0 0 0 0
1.73 0 0 0 0
1.73667 0 0 0 0
1.74333 0 0 0 0
1.75 0 0 0 0
1.75667 0 0 0 0
1.76333 0 0 0 0
1.77 0 0 0 0
1.77667 0 0 0 0
1.78333 0 0 0 0
1.79 0 0 0 0
1.79667 0 0 0 0
1.80333 0 0 0 0
1.81 0 0 0 0
1.81667 0 0 0 0
1.82333 0 0 0 0
1.83 0 0 0 0
1.83667 0 0 0 0
1.84333 0 0 0 0
1.85 0 0 0 0
1.85667 0 0 0 0
1.86333 0 0 0 0
1.87 0 0 0 0
1.87667 0 0 0 0
1.88333 0 0 0 0
1.89 0 0 0 0
1.89667 0 0 0 0
1.90333 0 0 0 0
1.91 0 0 0 0
1.91667 0 0 0 0
1.92333 0 0 0 0
1.93 0 0 0 0
1.93667 0 0 0 0
1.94333 0 0 0 0
1.95 0 0 0 0
1.95667 0 0 0 0
1.96333 0 0 0 0
1.97 0 0 0 0
1.97667 0 0 0 0
1.98333 0 0 0 0
1.99 0 0 0 0
1.99667 0 0 0 0
