0.00333333 0 62 63 0
0.01 0 53 79 1
0.0166667 2 71 70 0
0.0233333 1 73 84 2
0.03 2 103 88 1
0.0366667 2 109 122 2
0.0433333 3 132 129 5
0.05 4 188 211 2
0.0566667 2 214 242 2
0.0633333 11 256 224 1
0.07 4 252 284 5
0.0766667 5 285 291 0
0.0833333 3 237 285 6
0.09 5 286 254 3
0.0966667 5 280 280 2
0.103333 5 291 252 4
0.11 3 263 271 5
0.116667 2 249 257 5
0.123333 3 255 266 5
0.13 3 217 247 3
0.136667 3 266 247 3
0.143333 2 226 237 8
0.15 3 200 205 0
0.156667 6 215 243 1
0.163333 3 202 209 1
0.17 4 172 197 0
0.176667 2 192 197 1
0.183333 2 182 228 1
0.19 3 203 225 0
0.196667 4 199 180 0
0.203333 2 181 182 3
0.21 5 180 184 3
0.216667 0 163 192 1
0.223333 0 173 188 4
0.23 1 147 152 3
0.236667 0 153 158 3
0.243333 2 141 155 1
0.25 1 137 135 0
0.256667 0 124 126 2
0.263333 2 112 133 0
0.27 0 113 116 0
0.276667 0 101 148 2
0.283333 1 139 117 4
0.29 3 122 126 0
0.296667 2 98 113 2
0.303333 1 80 108 0
0.31 3 95 124 1
0.316667 1 112 115 1
0.323333 1 101 99 0
0.33 1 83 107 0
0.336667 1 103 97 1
0.343333 1 96 100 3
0.35 3 90 84 1
0.356667 1 81 67 0
0.363333 1 78 95 1
0.37 3 89 71 3
0.376667 0 75 72 0
0.383333 1 69 74 1
0.39 1 80 86 1
0.396667 3 78 82 2
0.403333 1 70 76 0
0.41 1 60 69 1
0.416667 2 60 78 0
0.423333 3 65 60 2
0.43 0 69 66 1
0.436667 3 78 77 1
0.443333 1 69 75 1
0.45 2 61 70 2
0.456667 2 64 86 1
0.463333 2 76 66 0
0.47 0 61 84 0
0.476667 1 63 65 1
0.483333 0 46 50 1
0.49 0 51 35 1
0.496667 2 33 34 0
0.503333 0 40 50 0
0.51 2 34 43 2
0.516667 1 50 36 0
0.523333 2 39 48 1
0.53 1 37 42 1
0.536667 0 35 44 0
0.543333 2 32 39 1
0.55 0 46 29 0
0.556667 1 32 44 2
0.563333 0 31 32 0
0.57 0 25 34 2
0.576667 1 27 26 0
0.583333 0 22 40 1
0.59 1 30 43 2
0.596667 2 29 30 1
0.603333 1 37 35 1
0.61 1 34 32 0
0.616667 1 29 34 0
0.623333 0 27 37 0
0.63 0 29 36 0
0.636667 0 39 40 0
0.643333 0 19 31 0
0.65 0 30 33 0
0.656667 0 33 34 0
0.663333 12 1877 2171 8
0.67 0 0 0 0
0.676667 0 0 0 0
0.683333 0 0 0 0
0.69 0 0 0 0
0.696667 0 0 0 0
0.703333 0 0 0 0
0.71 0 0 0 0
0.716667 0 0 0 0
0.723333 0 0 0 0
0.73 0 0 0 0
0.736667 0 0 0 0
0.743333 0 0 0 0
0.75 0 0 0 0
0.756667 0 0 0 0
0.763333 0 0 0 0
0.77 0 0 0 0
0.776667 0 0 0 0
0.783333 0 0 0 0
0.79 0 0 0 0
0.796667 0 0 0 0
0.803333 0 0 0 0
0.81 0 0 0 0
0.816667 0 0 0 0
0.823333 0 0 0 0
0.83 0 0 0 0
0.836667 0 0 0 0
0.843333 0 0 0 0
0.85 0 0 0 0
0.856667 0 0 0 0
0.863333 0 0 0 0
0.87 0 0 0 0
0.876667 0 0 0 0
0.883333 0 0 0 0
0.89 0 0 0 0
0.896667 0 0 0 0
0.903333 0 0 0 0
0.91 0 0 0 0
0.916667 0 0 0 0
0.923333 0 0 0 0
0.93 0 0 0 0
0.936667 0 0 0 0
0.943333 0 0 0 0
0.95 0 0 0 0
0.956667 0 0 0 0
0.963333 0 0 0 0
0.97 0 0 0 0
0.976667 0 0 0 0
0.983333 0 0 0 0
0.99 0 0 0 0
0.996667 0 0 0 0
1.00333 0 0 0 0
1.01 0 0 0 0
1.01667 0 0 0 0
1.02333 0 0 0 0
1.03 0 0 0 0
1.03667 0 0 0 0
1.04333 0 0 0 0
1.05 0 0 0 0
1.05667 0 0 0 0
1.06333 0 0 0 0
1.07 0 0 0 0
1.07667 0 0 0 0
1.08333 0 0 0 0
1.09 0 0 0 0
1.09667 0 0 0 0
1.10333 0 0 0 0
1.11 0 0 0 0
1.11667 0 0 0 0
1.12333 0 0 0 0
1.13 0 0 0 0
1.13667 0 0 0 0
1.14333 0 0 0 0
1.15 0 0 0 0
1.15667 0 0 0 0
1.16333 0 0 0 0
1.17 0 0 0 0
1.17667 0 0 0 0
1.18333 0 0 0 0
1.19 0 0 0 0
1.19667 0 0 0 0
1.20333 0 0 0 0
1.21 0 0 0 0
1.21667 0 0 0 0
1.22333 0 0 0 0
1.23 0 0 0 0
1.23667 0 0 0 0
1.24333 0 0 0 0
1.25 0 0 0 0
1.25667 0 0 0 0
1.26333 0 0 0 0
1.27 0 0 0 0
1.27667 0 0 0 0
1.28333 0 0 0 0
1.29 0 0 0 0
1.29667 0 0 0 0
1.30333 0 0 0 0
1.31 0 0 0 0
1.31667 0 0 0 0
1.32333 0 0 0 0
1.33 0 0 0 0
1.33667 0 0 0 0
1.34333 0 0 0 0
1.35 0 0 0 0
1.35667 0 0 0 0
1.36333 0 0 0 0
1.37 0 0 0 0
1.37667 0 0 0 0
1.38333 0 0 0 0
1.39 0 0 0 0
1.39667 0 0 0 0
1.40333 0 0 0 0
1.41 0 0 0 0
1.41667 0 0 0 0
1.42333 0 0 0 0
1.43 0 0 0 0
1.43667 0 0 0 0
1.44333 0 0 0 0
1.45 0 0 0 0
1.45667 0 0 0 0
1.46333 0 0 0 0
1.47 0 0 0 0
1.47667 0 0 0 0
1.48333 0 0 0 0
1.49 0 0 0 0
1.49667 0 0 0 0
1.50333 0 0 0 0
1.51 0 0 0 0
1.51667 0 0 0 0
1.52333 0 0 0 0
1.53 0 0 0 0
1.53667 0 0 0 0
1.54333 0 0 0 0
1.55 0 0 0 0
1.55667 0 0 0 0
1.56333 0 0 0 0
1.57 0 0 0 0
1.57667 0 0 0 0
1.58333 0 0 0 0
1.59 0 0 0 0
1.59667 0 0 0 0
1.60333 0 0 0 0
1.61 0 0 0 0
1.61667 0 0 0 0
1.62333 0 0 0 0
1.63 0 0 0 0
1.63667 0 0 0 0
1.64333 0 0 0 0
1.65 0 0 0 0
1.65667 0 0 0 0
1.66333 0 0 0 0
1.67 0 0 0 0
1.67667 0 0 0 0
1.68333 0 0 0 0
1.69 0 0 0 0
1.69667 0 0 0 0
1.70333 0 0 0 0
1.71 0 0 0 0
1.71667 0 0 0 0
1.72333 0 0 0 0
1.73 0 0 0 0
1.73667 0 0 0 0
1.74333 0 0 0 0
1.75 0 0 0 0
1.75667 0 0 0 0
1.76333 0 0 0 0
1.77 0 0 0 0
1.77667 0 0 0 0
1.78333 0 0 0 0
1.79 0 0 0 0
1.79667 0 0 0 0
1.80333 0 0 0 0
1.81 0 0 0 0
1.81667 0 0 0 0
1.82333 0 0 0 0
1.83 0 0 0 0
1.83667 0 0 0 0
1.84333 0 0 0 0
1.85 0 0 0 0
1.85667 0 0 0 0
1.86333 0 0 0 0
1.87 0 0 0 0
1.87667 0 0 0 0
1.88333 0 0 0 0
1.89 0 0 0 0
1.89667 0 0 0 0
1.90333 0 0 0 0
1.91 0 0 0 0
1.91667 0 0 0 0
1.92333 0 0 0 0
1.93 0 0 0 0
1.93667 0 0 0 0
1.94333 0 0 0 0
1.95 0 0 0 0
1.95667 0 0 0 0
1.96333 0 0 0 0
1.97 0 0 0 0
1.97667 0 0 0 0
1.98333 0 0 0 0
1.99 0 0 0 0
1.99667 0 0 0 0
