0.00333333 0 39 67 1
0.01 0 59 63 2
0.0166667 1 51 69 3
0.0233333 0 62 87 3
0.03 1 62 78 0
0.0366667 1 73 102 2
0.0433333 2 109 132 6
0.05 3 140 183 8
0.0566667 0 169 193 1
0.0633333 5 206 220 3
0.07 3 197 202 14
0.0766667 3 195 240 5
0.0833333 6 223 257 9
0.09 3 215 274 8
0.0966667 3 211 280 8
0.103333 1 213 239 6
0.11 3 184 239 4
0.116667 3 200 261 7
0.123333 2 202 249 5
0.13 3 195 235 8
0.136667 3 191 235 4
0.143333 0 177 226 5
0.15 2 160 186 2
0.156667 0 169 191 3
0.163333 0 131 179 1
0.17 0 144 175 6
0.176667 3 153 189 3
0.183333 1 162 188 3
0.19 0 144 194 2
0.196667 2 147 202 3
0.203333 0 131 193 2
0.21 3 153 163 6
0.216667 0 138 181 4
0.223333 1 129 148 2
0.23 4 110 140 6
0.236667 0 123 152 1
0.243333 2 106 134 1
0.25 0 98 124 4
0.256667 0 96 127 4
0.263333 0 91 110 1
0.27 0 78 115 4
0.276667 1 81 118 4
0.283333 0 90 115 5
0.29 1 78 112 1
0.296667 2 103 116 4
0.303333 2 84 110 4
0.31 1 79 92 1
0.316667 1 64 103 4
0.323333 1 62 100 1
0.33 2 73 96 0
0.336667 0 79 87 5
0.343333 2 62 81 4
0.35 0 55 82 5
0.356667 1 68 86 0
0.363333 1 58 72 1
0.37 0 63 64 2
0.376667 0 60 79 2
0.383333 0 54 83 2
0.39 0 72 75 0
0.396667 2 59 66 3
0.403333 1 68 83 4
0.41 0 63 62 1
0.416667 1 51 68 2
0.423333 0 47 68 4
0.43 0 50 73 3
0.436667 1 48 60 0
0.443333 1 49 69 1
0.45 1 52 74 1
0.456667 0 51 65 2
0.463333 1 45 70 1
0.47 0 53 74 2
0.476667 0 37 49 2
0.483333 0 38 46 5
0.49 0 40 50 1
0.496667 1 44 38 1
0.503333 0 28 41 1
0.51 1 34 51 3
0.516667 2 43 31 1
0.523333 1 35 32 1
0.53 1 34 33 0
0.536667 1 26 44 1
0.543333 0 23 49 1
0.55 0 25 46 1
0.556667 0 29 45 2
0.563333 1 34 35 1
0.57 0 23 38 1
0.576667 0 25 34 1
0.583333 1 32 35 0
0.59 2 28 33 3
0.596667 1 32 33 2
0.603333 0 18 30 0
0.61 0 26 38 0
0.616667 0 24 35 0
0.623333 0 18 34 0
0.63 0 23 32 0
0.636667 0 30 43 1
0.643333 0 18 24 0
0.65 0 20 30 0
0.656667 0 20 27 2
0.663333 5 1312 1984 8
0.67 0 0 0 0
0.676667 0 0 0 0
0.683333 0 0 0 0
0.69 0 0 0 0
0.696667 0 0 0 0
0.703333 0 0 0 0
0.71 0 0 0 0
0.716667 0 0 0 0
0.723333 0 0 0 0
0.73 0 0 0 0
0.736667 0 0 0 0
0.743333 0 0 0 0
0.75 0 0 0 0
0.756667 0 0 0 0
0.763333 0 0 0 0
0.77 0 0 0 0
0.776667 0 0 0 0
0.783333 0 0 0 0
0.79 0 0 0 0
0.796667 0 0 0 0
0.803333 0 0 0 0
0.81 0 0 0 0
0.816667 0 0 0 0
0.823333 0 0 0 0
0.83 0 0 0 0
0.836667 0 0 0 0
0.843333 0 0 0 0
0.85 0 0 0 0
0.856667 0 0 0 0
0.863333 0 0 0 0
0.87 0 0 0 0
0.876667 0 0 0 0
0.883333 0 0 0 0
0.89 0 0 0 0
0.896667 0 0 0 0
0.903333 0 0 0 0
0.91 0 0 0 0
0.916667 0 0 0 0
0.923333 0 0 0 0
0.93 0 0 0 0
0.936667 0 0 0 0
0.943333 0 0 0 0
0.95 0 0 0 0
0.956667 0 0 0 0
0.963333 0 0 0 0
0.97 0 0 0 0
0.976667 0 0 0 0
0.983333 0 0 0 0
0.99 0 0 0 0
0.996667 0 0 0 0
1.00333 0 0 0 0
1.01 0 0 0 0
1.01667 0 0 0 0
1.02333 0 0 0 0
1.03 0 0 0 0
1.03667 0 0 0 0
1.04333 0 0 0 0
1.05 0 0 0 0
1.05667 0 0 0 0
1.06333 0 0 0 0
1.07 0 0 0 0
1.07667 0 0 0 0
1.08333 0 0 0 0
1.09 0 0 0 0
1.09667 0 0 0 0
1.10333 0 0 0 0
1.11 0 0 0 0
1.11667 0 0 0 0
1.12333 0 0 0 0
1.13 0 0 0 0
1.13667 0 0 0 0
1.14333 0 0 0 0
1.15 0 0 0 0
1.15667 0 0 0 0
1.16333 0 0 0 0
1.17 0 0 0 0
1.17667 0 0 0 0
1.18333 0 0 0 0
1.19 0 0 0 0
1.19667 0 0 0 0
1.20333 0 0 0 0
1.21 0 0 0 0
1.21667 0 0 0 0
1.22333 0 0 0 0
1.23 0 0 0 0
1.23667 0 0 0 0
1.24333 0 0 0 0
1.25 0 0 0 0
1.25667 0 0 0 0
1.26333 0 0 0 0
1.27 0 0 0 0
1.27667 0 0 0 0
1.28333 0 0 0 0
1.29 0 0 0 0
1.29667 0 0 0 0
1.30333 0 0 0 0
1.31 0 0 0 0
1.31667 0 0 0 0
1.32333 0 0 0 0
1.33 0 0 0 0
1.33667 0 0 0 0
1.34333 0 0 0 0
1.35 0 0 0 0
1.35667 0 0 0 0
1.36333 0 0 0 0
1.37 0 0 0 0
1.37667 0 0 0 0
1.38333 0 0 0 0
1.39 0 0 0 0
1.39667 0 0 0 0
1.40333 0 0 0 0
1.41 0 0 0 0
1.41667 0 0 0 0
1.42333 0 0 0 0
1.43 0 0 0 0
1.43667 0 0 0 0
1.44333 0 0 0 0
1.45 0 0 0 0
1.45667 0 0 0 0
1.46333 0 0 0 0
1.47 0 0 0 0
1.47667 0 0 0 0
1.48333 0 0 0 0
1.49 0 0 0 0
1.49667 0 0 0 0
1.50333 0 0 0 0
1.51 0 0 0 0
1.51667 0 0 0 0
1.52333 0 0 0 0
1.53 0 0 0 0
1.53667 0 0 0 0
1.54333 0 0 0 0
1.55 0 0 0 0
1.55667 0 0 0 0
1.56333 0 0 0 0
1.57 0 0 0 0
1.57667 0 0 0 0
1.58333 0 0 0 0
1.59 0 0 0 0
1.59667 0 0 0 0
1.60333 0 0 0 0
1.61 0 0 0 0
1.61667 0 0 0 0
1.62333 0 0 0 0
1.63 0 0 0 0
1.63667 0 0 0 0
1.64333 0 0 0 0
1.65 0 0 0 0
1.65667 0 0 0 0
1.66333 0 0 0 0
1.67 0 0 0 0
1.67667 0 0 0 0
1.68333 0 0 0 0
1.69 0 0 0 0
1.69667 0 0 0 0
1.70333 0 0 0 0
1.71 0 0 0 0
1.71667 0 0 0 0
1.72333 0 0 0 0
1.73 0 0 0 0
1.73667 0 0 0 0
1.74333 0 0 0 0
1.75 0 0 0 0
1.75667 0 0 0 0
1.76333 0 0 0 0
1.77 0 0 0 0
1.77667 0 0 0 0
1.78333 0 0 0 0
1.79 0 0 0 0
1.79667 0 0 0 0
1.80333 0 0 0 0
1.81 0 0 0 0
1.81667 0 0 0 0
1.82333 0 0 0 0
1.83 0 0 0 0
1.83667 0 0 0 0
1.84333 0 0 0 0
1.85 0 0 0 0
1.85667 0 0 0 0
1.86333 0 0 0 0
1.87 0 0 0 0
1.87667 0 0 0 0
1.88333 0 0 0 0
1.89 0 0 0 0
1.89667 0 0 0 0
1.90333 0 0 0 0
1.91 0 0 0 0
1.91667 0 0 0 0
1.92333 0 0 0 0
1.93 0 0 0 0
1.93667 0 0 0 0
1.94333 0 0 0 0
1.95 0 0 0 0
1.95667 0 0 0 0
1.96333 0 0 0 0
1.97 0 0 0 0
1.97667 0 0 0 0
1.98333 0 0 0 0
1.99 0 0 0 0
1.99667 0 0 0 0
