0.00333333 129 9 3 0
0.01 139 12 3 0
0.0166667 132 16 7 0
0.0233333 154 10 0 0
0.03 159 16 5 0
0.0366667 153 18 0 0
0.0433333 207 18 3 0
0.05 220 19 12 0
0.0566667 233 23 4 0
0.0633333 283 26 9 0
0.07 297 17 7 0
0.0766667 282 23 11 0
0.0833333 334 27 12 0
0.09 364 17 13 0
0.0966667 373 28 8 0
0.103333 374 22 10 1
0.11 343 20 8 0
0.116667 389 29 9 0
0.123333 333 30 6 0
0.13 326 21 7 1
0.136667 339 22 3 0
0.143333 371 24 6 0
0.15 299 26 2 0
0.156667 332 17 4 0
0.163333 318 26 9 0
0.17 341 22 4 0
0.176667 294 25 5 0
0.183333 303 30 3 0
0.19 339 40 6 0
0.196667 359 35 3 0
0.203333 308 24 6 0
0.21 317 23 6 0
0.216667 312 23 8 0
0.223333 322 26 4 0
0.23 306 28 8 0
0.236667 286 23 4 0
0.243333 284 27 4 0
0.25 273 22 6 0
0.256667 233 12 6 0
0.263333 257 23 8 0
0.27 255 22 5 0
0.276667 227 24 3 0
0.283333 261 25 5 0
0.29 208 19 4 0
0.296667 222 17 6 0
0.303333 215 16 4 1
0.31 204 14 2 0
0.316667 208 26 2 0
0.323333 210 14 1 0
0.33 196 14 1 0
0.336667 157 12 4 0
0.343333 185 9 7 0
0.35 182 20 2 0
0.356667 172 13 5 0
0.363333 170 15 0 0
0.37 157 14 7 0
0.376667 174 14 3 0
0.383333 159 19 1 0
0.39 154 12 1 0
0.396667 150 15 1 0
0.403333 144 15 3 0
0.41 152 19 2 0
0.416667 146 21 3 0
0.423333 137 19 4 0
0.43 159 15 4 0
0.436667 157 14 6 0
0.443333 143 16 3 0
0.45 160 19 0 0
0.456667 153 14 3 0
0.463333 148 16 2 0
0.47 150 12 3 0
0.476667 128 11 3 0
0.483333 100 13 3 0
0.49 85 7 0 0
0.496667 99 4 1 0
0.503333 93 12 1 0
0.51 82 5 0 0
0.516667 82 12 2 0
0.523333 92 8 1 0
0.53 77 5 3 0
0.536667 98 11 0 0
0.543333 81 6 3 0
0.55 66 7 4 0
0.556667 63 10 2 0
0.563333 61 6 1 0
0.57 66 9 3 0
0.576667 67 1 4 0
0.583333 72 6 1 0
0.59 61 5 1 0
0.596667 85 7 1 0
0.603333 48 10 3 0
0.61 67 4 2 0
0.616667 61 8 2 0
0.623333 78 2 0 0
0.63 70 6 0 0
0.636667 66 5 1 0
0.643333 59 7 2 0
0.65 54 2 1 0
0.656667 47 4 0 0
0.663333 5000 627 34 0
0.67 0 0 0 0
0.676667 0 0 0 0
0.683333 0 0 0 0
0.69 0 0 0 0
0.696667 0 0 0 0
0.703333 0 0 0 0
0.71 0 0 0 0
0.716667 0 0 0 0
0.723333 0 0 0 0
0.73 0 0 0 0
0.736667 0 0 0 0
0.743333 0 0 0 0
0.75 0 0 0 0
0.756667 0 0 0 0
0.763333 0 0 0 0
0.77 0 0 0 0
0.776667 0 0 0 0
0.783333 0 0 0 0
0.79 0 0 0 0
0.796667 0 0 0 0
0.803333 0 0 0 0
0.81 0 0 0 0
0.816667 0 0 0 0
0.823333 0 0 0 0
0.83 0 0 0 0
0.836667 0 0 0 0
0.843333 0 0 0 0
0.85 0 0 0 0
0.856667 0 0 0 0
0.863333 0 0 0 0
0.87 0 0 0 0
0.876667 0 0 0 0
0.883333 0 0 0 0
0.89 0 0 0 0
0.896667 0 0 0 0
0.903333 0 0 0 0
0.91 0 0 0 0
0.916667 0 0 0 0
0.923333 0 0 0 0
0.93 0 0 0 0
0.936667 0 0 0 0
0.943333 0 0 0 0
0.95 0 0 0 0
0.956667 0 0 0 0
0.963333 0 0 0 0
0.97 0 0 0 0
0.976667 0 0 0 0
0.983333 0 0 0 0
0.99 0 0 0 0
0.996667 0 0 0 0
1.00333 0 0 0 0
1.01 0 0 0 0
1.01667 0 0 0 0
1.02333 0 0 0 0
1.03 0 0 0 0
1.03667 0 0 0 0
1.04333 0 0 0 0
1.05 0 0 0 0
1.05667 0 0 0 0
1.06333 0 0 0 0
1.07 0 0 0 0
1.07667 0 0 0 0
1.08333 0 0 0 0
1.09 0 0 0 0
1.09667 0 0 0 0
1.10333 0 0 0 0
1.11 0 0 0 0
1.11667 0 0 0 0
1.12333 0 0 0 0
1.13 0 0 0 0
1.13667 0 0 0 0
1.14333 0 0 0 0
1.15 0 0 0 0
1.15667 0 0 0 0
1.16333 0 0 0 0
1.17 0 0 0 0
1.17667 0 0 0 0
1.18333 0 0 0 0
1.19 0 0 0 0
1.19667 0 0 0 0
1.20333 0 0 0 0
1.21 0 0 0 0
1.21667 0 0 0 0
1.22333 0 0 0 0
1.23 0 0 0 0
1.23667 0 0 0 0
1.24333 0 0 0 0
1.25 0 0 0 0
1.25667 0 0 0 0
1.26333 0 0 0 0
1.27 0 0 0 0
1.27667 0 0 0 0
1.28333 0 0 0 0
1.29 0 0 0 0
1.29667 0 0 0 0
1.30333 0 0 0 0
1.31 0 0 0 0
1.31667 0 0 0 0
1.32333 0 0 0 0
1.33 0 0 0 0
1.33667 0 0 0 0
1.34333 0 0 0 0
1.35 0 0 0 0
1.35667 0 0 0 0
1.36333 0 0 0 0
1.37 0 0 0 0
1.37667 0 0 0 0
1.38333 0 0 0 0
1.39 0 0 0 0
1.39667 0 0 0 0
1.40333 0 0 0 0
1.41 0 0 0 0
1.41667 0 0 0 0
1.42333 0 0 0 0
1.43 0 0 0 0
1.43667 0 0 0 0
1.44333 0 0 0 0
1.45 0 0 0 0
1.45667 0 0 0 0
1.46333 0 0 0 0
1.47 0 0 0 0
1.47667 0 0 0 0
1.48333 0 0 0 0
1.49 0 0 0 0
1.49667 0 0 0 0
1.50333 0 0 0 0
1.51 0 0 0 0
1.51667 0 0 0 0
1.52333 0 0 0 0
1.53 0 0 0 0
1.53667 0 0 0 0
1.54333 0 0 0 0
1.55 0 0 0 0
1.55667 0 0 0 0
1.56333 0 0 0 0
1.57 0 0 0 0
1.57667 0 0 0 0
1.58333 0 0 0 0
1.59 0 0 0 0
1.59667 0 0 0 0
1.60333 0 0 0 0
1.61 0 0 0 0
1.61667 0 0 0 0
1.62333 0 0 0 0
1.63 0 0 0 0
1.63667 0 0 0 0
1.64333 0 0 0 0
1.65 0 0 0 0
1.65667 0 0 0 0
1.66333 0 0 0 0
1.67 0 0 0 0
1.67667 0 0 0 0
1.68333 0 0 0 0
1.69 0 0 0 0
1.69667 0 0 0 0
1.70333 0 0 0 0
1.71 0 0 0 0
1.71667 0 0 0 0
1.72333 0 0 0 0
1.73 0 0 0 0
1.73667 0 0 0 0
1.74333 0 0 0 0
1.75 0 0 0 0
1.75667 0 0 0 0
1.76333 0 0 0 0
1.77 0 0 0 0
1.77667 0 0 0 0
1.78333 0 0 0 0
1.79 0 0 0 0
1.79667 0 0 0 0
1.80333 0 0 0 0
1.81 0 0 0 0
1.81667 0 0 0 0
1.82333 0 0 0 0
1.83 0 0 0 0
1.83667 0 0 0 0
1.84333 0 0 0 0
1.85 0 0 0 0
1.85667 0 0 0 0
1.86333 0 0 0 0
1.87 0 0 0 0
1.87667 0 0 0 0
1.88333 0 0 0 0
1.89 0 0 0 0
1.89667 0 0 0 0
1.90333 0 0 0 0
1.91 0 0 0 0
1.91667 0 0 0 0
1.92333 0 0 0 0
1.93 0 0 0 0
1.93667 0 0 0 0
1.94333 0 0 0 0
1.95 0 0 0 0
1.95667 0 0 0 0
1.96333 0 0 0 0
1.97 0 0 0 0
1.97667 0 0 0 0
1.98333 0 0 0 0
1.99 0 0 0 0
1.99667 0 0 0 0
