0.00333333 0 49 41 4
0.01 1 44 58 1
0.0166667 2 53 58 7
0.0233333 1 68 64 3
0.03 0 64 71 2
0.0366667 2 68 96 4
0.0433333 1 115 126 5
0.05 1 157 168 9
0.0566667 1 167 183 7
0.0633333 1 201 233 15
0.07 1 196 230 19
0.0766667 1 227 234 12
0.0833333 0 202 203 8
0.09 1 202 228 16
0.0966667 2 214 234 14
0.103333 2 203 213 11
0.11 0 194 218 13
0.116667 0 173 231 13
0.123333 2 203 223 7
0.13 2 197 203 14
0.136667 2 162 194 9
0.143333 0 162 217 14
0.15 0 149 155 7
0.156667 1 151 141 11
0.163333 0 156 177 9
0.17 2 142 162 8
0.176667 2 129 159 5
0.183333 0 124 151 8
0.19 0 160 172 8
0.196667 1 137 184 6
0.203333 2 130 141 6
0.21 1 140 162 7
0.216667 2 135 130 9
0.223333 1 107 133 7
0.23 1 107 119 6
0.236667 1 119 110 3
0.243333 0 90 110 8
0.25 0 80 114 5
0.256667 1 93 122 3
0.263333 0 96 115 8
0.27 0 104 103 7
0.276667 1 76 120 6
0.283333 0 89 87 5
0.29 0 80 108 3
0.296667 0 77 86 4
0.303333 0 68 99 2
0.31 0 78 91 3
0.316667 1 80 88 6
0.323333 0 74 96 4
0.33 0 76 66 2
0.336667 0 55 80 7
0.343333 0 67 78 3
0.35 1 64 75 7
0.356667 2 80 63 3
0.363333 0 53 66 4
0.37 1 64 61 9
0.376667 0 58 71 2
0.383333 2 74 61 2
0.39 1 57 64 4
0.396667 0 45 55 3
0.403333 0 65 62 1
0.41 0 44 51 5
0.416667 1 52 55 2
0.423333 0 55 48 2
0.43 0 50 59 3
0.436667 0 50 51 3
0.443333 0 49 52 5
0.45 0 60 52 3
0.456667 0 47 48 4
0.463333 2 41 60 1
0.47 0 56 72 4
0.476667 0 38 49 3
0.483333 1 31 39 3
0.49 0 28 38 3
0.496667 0 21 39 1
0.503333 1 25 42 3
0.51 0 28 43 1
0.516667 1 32 41 5
0.523333 0 28 27 2
0.53 0 40 32 2
0.536667 0 22 37 2
0.543333 0 22 34 4
0.55 0 29 28 2
0.556667 1 33 18 2
0.563333 0 28 24 1
0.57 2 23 32 3
0.576667 2 20 22 4
0.583333 0 27 19 1
0.59 0 22 23 3
0.596667 0 26 33 3
0.603333 0 21 21 4
0.61 0 24 30 2
0.616667 0 27 22 0
0.623333 0 23 30 1
0.63 0 17 35 0
0.636667 0 28 34 3
0.643333 0 26 20 2
0.65 0 26 25 2
0.656667 1 23 17 0
0.663333 3 1262 1492 24
0.67 0 0 0 0
0.676667 0 0 0 0
0.683333 0 0 0 0
0.69 0 0 0 0
0.696667 0 0 0 0
0.703333 0 0 0 0
0.71 0 0 0 0
0.716667 0 0 0 0
0.723333 0 0 0 0
0.73 0 0 0 0
0.736667 0 0 0 0
0.743333 0 0 0 0
0.75 0 0 0 0
0.756667 0 0 0 0
0.763333 0 0 0 0
0.77 0 0 0 0
0.776667 0 0 0 0
0.783333 0 0 0 0
0.79 0 0 0 0
0.796667 0 0 0 0
0.803333 0 0 0 0
0.81 0 0 0 0
0.816667 0 0 0 0
0.823333 0 0 0 0
0.83 0 0 0 0
0.836667 0 0 0 0
0.843333 0 0 0 0
0.85 0 0 0 0
0.856667 0 0 0 0
0.863333 0 0 0 0
0.87 0 0 0 0
0.876667 0 0 0 0
0.883333 0 0 0 0
0.89 0 0 0 0
0.896667 0 0 0 0
0.903333 0 0 0 0
0.91 0 0 0 0
0.916667 0 0 0 0
0.923333 0 0 0 0
0.93 0 0 0 0
0.936667 0 0 0 0
0.943333 0 0 0 0
0.95 0 0 0 0
0.956667 0 0 0 0
0.963333 0 0 0 0
0.97 0 0 0 0
0.976667 0 0 0 0
0.983333 0 0 0 0
0.99 0 0 0 0
0.996667 0 0 0 0
1.00333 0 0 0 0
1.01 0 0 0 0
1.01667 0 0 0 0
1.02333 0 0 0 0
1.03 0 0 0 0
1.03667 0 0 0 0
1.04333 0 0 0 0
1.05 0 0 0 0
1.05667 0 0 0 0
1.06333 0 0 0 0
1.07 0 0 0 0
1.07667 0 0 0 0
1.08333 0 0 0 0
1.09 0 0 0 0
1.09667 0 0 0 0
1.10333 0 0 0 0
1.11 0 0 0 0
1.11667 0 0 0 0
1.12333 0 0 0 0
1.13 0 0 0 0
1.13667 0 0 0 0
1.14333 0 0 0 0
1.15 0 0 0 0
1.15667 0 0 0 0
1.16333 0 0 0 0
1.17 0 0 0 0
1.17667 0 0 0 0
1.18333 0 0 0 0
1.19 0 0 0 0
1.19667 0 0 0 0
1.20333 0 0 0 0
1.21 0 0 0 0
1.21667 0 0 0 0
1.22333 0 0 0 0
1.23 0 0 0 0
1.23667 0 0 0 0
1.24333 0 0 0 0
1.25 0 0 0 0
1.25667 0 0 0 0
1.26333 0 0 0 0
1.27 0 0 0 0
1.27667 0 0 0 0
1.28333 0 0 0 0
1.29 0 0 0 0
1.29667 0 0 0 0
1.30333 0 0 0 0
1.31 0 0 0 0
1.31667 0 0 0 0
1.32333 0 0 0 0
1.33 0 0 0 0
1.33667 0 0 0 0
1.34333 0 0 0 0
1.35 0 0 0 0
1.35667 0 0 0 0
1.36333 0 0 0 0
1.37 0 0 0 0
1.37667 0 0 0 0
1.38333 0 0 0 0
1.39 0 0 0 0
1.39667 0 0 0 0
1.40333 0 0 0 0
1.41 0 0 0 0
1.41667 0 0 0 0
1.42333 0 0 0 0
1.43 0 0 0 0
1.43667 0 0 0 0
1.44333 0 0 0 0
1.45 0 0 0 0
1.45667 0 0 0 0
1.46333 0 0 0 0
1.47 0 0 0 0
1.47667 0 0 0 0
1.48333 0 0 0 0
1.49 0 0 0 0
1.49667 0 0 0 0
1.50333 0 0 0 0
1.51 0 0 0 0
1.51667 0 0 0 0
1.52333 0 0 0 0
1.53 0 0 0 0
1.53667 0 0 0 0
1.54333 0 0 0 0
1.55 0 0 0 0
1.55667 0 0 0 0
1.56333 0 0 0 0
1.57 0 0 0 0
1.57667 0 0 0 0
1.58333 0 0 0 0
1.59 0 0 0 0
1.59667 0 0 0 0
1.60333 0 0 0 0
1.61 0 0 0 0
1.61667 0 0 0 0
1.62333 0 0 0 0
1.63 0 0 0 0
1.63667 0 0 0 0
1.64333 0 0 0 0
1.65 0 0 0 0
1.65667 0 0 0 0
1.66333 0 0 0 0
1.67 0 0 0 0
1.67667 0 0 0 0
1.68333 0 0 0 0
1.69 0 0 0 0
1.69667 0 0 0 0
1.70333 0 0 0 0
1.71 0 0 0 0
1.71667 0 0 0 0
1.72333 0 0 0 0
1.73 0 0 0 0
1.73667 0 0 0 0
1.74333 0 0 0 0
1.75 0 0 0 0
1.75667 0 0 0 0
1.76333 0 0 0 0
1.77 0 0 0 0
1.77667 0 0 0 0
1.78333 0 0 0 0
1.79 0 0 0 0
1.79667 0 0 0 0
1.80333 0 0 0 0
1.81 0 0 0 0
1.81667 0 0 0 0
1.82333 0 0 0 0
1.83 0 0 0 0
1.83667 0 0 0 0
1.84333 0 0 0 0
1.85 0 0 0 0
1.85667 0 0 0 0
1.86333 0 0 0 0
1.87 0 0 0 0
1.87667 0 0 0 0
1.88333 0 0 0 0
1.89 0 0 0 0
1.89667 0 0 0 0
1.90333 0 0 0 0
1.91 0 0 0 0
1.91667 0 0 0 0
1.92333 0 0 0 0
1.93 0 0 0 0
1.93667 0 0 0 0
1.94333 0 0 0 0
1.95 0 0 0 0
1.95667 0 0 0 0
1.96333 0 0 0 0
1.97 0 0 0 0
1.97667 0 0 0 0
1.98333 0 0 0 0
1.99 0 0 0 0
1.99667 0 0 0 0
