0.00333333 30 10 15 0
0.01 35 16 14 0
0.0166667 57 21 12 0
0.0233333 40 16 17 0
0.03 63 18 13 0
0.0366667 61 22 19 0
0.0433333 119 21 30 0
0.05 118 46 31 0
0.0566667 156 50 36 0
0.0633333 171 43 47 0
0.07 158 56 48 0
0.0766667 157 73 51 0
0.0833333 177 41 54 0
0.09 183 60 54 0
0.0966667 172 54 51 0
0.103333 165 63 52 0
0.11 153 53 44 0
0.116667 145 59 46 0
0.123333 148 39 44 0
0.13 160 51 33 0
0.136667 140 29 44 0
0.143333 128 46 34 0
0.15 99 43 38 0
0.156667 132 45 35 0
0.163333 120 30 30 0
0.17 109 42 27 0
0.176667 93 45 40 0
0.183333 110 34 33 0
0.19 113 43 24 0
0.196667 109 42 32 0
0.203333 108 43 28 0
0.21 101 38 16 0
0.216667 76 29 28 0
0.223333 90 38 21 0
0.23 85 40 28 0
0.236667 69 27 29 0
0.243333 67 23 21 0
0.25 74 28 23 0
0.256667 62 29 23 0
0.263333 74 29 21 0
0.27 55 32 22 0
0.276667 64 29 20 0
0.283333 64 25 17 0
0.29 49 23 12 0
0.296667 64 23 24 0
0.303333 69 20 27 0
0.31 55 26 16 0
0.316667 74 25 10 0
0.323333 65 16 15 0
0.33 50 22 19 1
0.336667 68 20 17 1
0.343333 65 20 22 0
0.35 47 30 13 1
0.356667 51 24 21 0
0.363333 53 25 19 0
0.37 58 20 16 0
0.376667 51 26 14 1
0.383333 37 19 17 0
0.39 52 18 9 1
0.396667 49 10 13 0
0.403333 41 21 11 0
0.41 36 22 11 0
0.416667 43 16 11 0
0.423333 42 28 11 0
0.43 34 11 12 0
0.436667 36 14 17 0
0.443333 39 24 13 0
0.45 32 11 12 0
0.456667 29 18 11 0
0.463333 38 18 7 0
0.47 33 10 7 0
0.476667 46 18 9 0
0.483333 32 8 7 0
0.49 33 15 9 0
0.496667 21 11 12 0
0.503333 32 13 8 0
0.51 32 7 5 0
0.516667 32 9 6 0
0.523333 18 9 6 0
0.53 23 7 11 0
0.536667 23 10 5 0
0.543333 20 9 7 0
0.55 25 7 7 0
0.556667 29 7 5 0
0.563333 28 9 5 0
0.57 21 8 4 0
0.576667 18 13 10 0
0.583333 24 6 7 0
0.59 20 5 14 1
0.596667 14 6 7 0
0.603333 29 4 2 0
0.61 16 6 7 0
0.616667 13 11 7 0
0.623333 20 11 3 0
0.63 21 8 3 0
0.636667 14 5 8 0
0.643333 25 8 9 0
0.65 19 8 6 0
0.656667 24 8 8 0
0.663333 702 336 220 0
0.67 0 0 0 0
0.676667 0 0 0 0
0.683333 0 0 0 0
0.69 0 0 0 0
0.696667 0 0 0 0
0.703333 0 0 0 0
0.71 0 0 0 0
0.716667 0 0 0 0
0.723333 0 0 0 0
0.73 0 0 0 0
0.736667 0 0 0 0
0.743333 0 0 0 0
0.75 0 0 0 0
0.756667 0 0 0 0
0.763333 0 0 0 0
0.77 0 0 0 0
0.776667 0 0 0 0
0.783333 0 0 0 0
0.79 0 0 0 0
0.796667 0 0 0 0
0.803333 0 0 0 0
0.81 0 0 0 0
0.816667 0 0 0 0
0.823333 0 0 0 0
0.83 0 0 0 0
0.836667 0 0 0 0
0.843333 0 0 0 0
0.85 0 0 0 0
0.856667 0 0 0 0
0.863333 0 0 0 0
0.87 0 0 0 0
0.876667 0 0 0 0
0.883333 0 0 0 0
0.89 0 0 0 0
0.896667 0 0 0 0
0.903333 0 0 0 0
0.91 0 0 0 0
0.916667 0 0 0 0
0.923333 0 0 0 0
0.93 0 0 0 0
0.936667 0 0 0 0
0.943333 0 0 0 0
0.95 0 0 0 0
0.956667 0 0 0 0
0.963333 0 0 0 0
0.97 0 0 0 0
0.976667 0 0 0 0
0.983333 0 0 0 0
0.99 0 0 0 0
0.996667 0 0 0 0
1.00333 0 0 0 0
1.01 0 0 0 0
1.01667 0 0 0 0
1.02333 0 0 0 0
1.03 0 0 0 0
1.03667 0 0 0 0
1.04333 0 0 0 0
1.05 0 0 0 0
1.05667 0 0 0 0
1.06333 0 0 0 0
1.07 0 0 0 0
1.07667 0 0 0 0
1.08333 0 0 0 0
1.09 0 0 0 0
1.09667 0 0 0 0
1.10333 0 0 0 0
1.11 0 0 0 0
1.11667 0 0 0 0
1.12333 0 0 0 0
1.13 0 0 0 0
1.13667 0 0 0 0
1.14333 0 0 0 0
1.15 0 0 0 0
1.15667 0 0 0 0
1.16333 0 0 0 0
1.17 0 0 0 0
1.17667 0 0 0 0
1.18333 0 0 0 0
1.19 0 0 0 0
1.19667 0 0 0 0
1.20333 0 0 0 0
1.21 0 0 0 0
1.21667 0 0 0 0
1.22333 0 0 0 0
1.23 0 0 0 0
1.23667 0 0 0 0
1.24333 0 0 0 0
1.25 0 0 0 0
1.25667 0 0 0 0
1.26333 0 0 0 0
1.27 0 0 0 0
1.27667 0 0 0 0
1.28333 0 0 0 0
1.29 0 0 0 0
1.29667 0 0 0 0
1.30333 0 0 0 0
1.31 0 0 0 0
1.31667 0 0 0 0
1.32333 0 0 0 0
1.33 0 0 0 0
1.33667 0 0 0 0
1.34333 0 0 0 0
1.35 0 0 0 0
1.35667 0 0 0 0
1.36333 0 0 0 0
1.37 0 0 0 0
1.37667 0 0 0 0
1.38333 0 0 0 0
1.39 0 0 0 0
1.39667 0 0 0 0
1.40333 0 0 0 0
1.41 0 0 0 0
1.41667 0 0 0 0
1.42333 0 0 0 0
1.43 0 0 0 0
1.43667 0 0 0 0
1.44333 0 0 0 0
1.45 0 0 0 0
1.45667 0 0 0 0
1.46333 0 0 0 0
1.47 0 0 0 0
1.47667 0 0 0 0
1.48333 0 0 0 0
1.49 0 0 0 0
1.49667 0 0 0 0
1.50333 0 0 0 0
1.51 0 0 0 0
1.51667 0 0 0 0
1.52333 0 0 0 0
1.53 0 0 0 0
1.53667 0 0 0 0
1.54333 0 0 0 0
1.55 0 0 0 0
1.55667 0 0 0 0
1.56333 0 0 0 0
1.57 0 0 0 0
1.57667 0 0 0 0
1.58333 0 0 0 0
1.59 0 0 0 0
1.59667 0 0 0 0
1.60333 0 0 0 0
1.61 0 0 0 0
1.61667 0 0 0 0
1.62333 0 0 0 0
1.63 0 0 0 0
1.63667 0 0 0 0
1.64333 0 0 0 0
1.65 0 0 0 0
1.65667 0 0 0 0
1.66333 0 0 0 0
1.67 0 0 0 0
1.67667 0 0 0 0
1.68333 0 0 0 0
1.69 0 0 0 0
1.69667 0 0 0 0
1.70333 0 0 0 0
1.71 0 0 0 0
1.71667 0 0 0 0
1.72333 0 0 0 0
1.73 0 0 0 0
1.73667 0 0 0 0
1.74333 0 0 0 0
1.75 0 0 0 0
1.75667 0 0 0 0
1.76333 0 0 0 0
1.77 0 0 0 0
1.77667 0 0 0 0
1.78333 0 0 0 0
1.79 0 0 0 0
1.79667 0 0 0 0
1.80333 0 0 0 0
1.81 0 0 0 0
1.81667 0 0 0 0
1.82333 0 0 0 0
1.83 0 0 0 0
1.83667 0 0 0 0
1.84333 0 0 0 0
1.85 0 0 0 0
1.85667 0 0 0 0
1.86333 0 0 0 0
1.87 0 0 0 0
1.87667 0 0 0 0
1.88333 0 0 0 0
1.89 0 0 0 0
1.89667 0 0 0 0
1.90333 0 0 0 0
1.91 0 0 0 0
1.91667 0 0 0 0
1.92333 0 0 0 0
1.93 0 0 0 0
1.93667 0 0 0 0
1.94333 0 0 0 0
1.95 0 0 0 0
1.95667 0 0 0 0
1.96333 0 0 0 0
1.97 0 0 0 0
1.97667 0 0 0 0
1.98333 0 0 0 0
1.99 0 0 0 0
1.99667 0 0 0 0
