0.00333333 1 32 49 1
0.01 2 51 58 1
0.0166667 0 69 65 1
0.0233333 0 70 85 0
0.03 2 74 84 0
0.0366667 4 92 111 0
0.0433333 4 120 109 0
0.05 2 168 174 1
0.0566667 7 189 205 1
0.0633333 4 188 197 3
0.07 6 222 235 2
0.0766667 9 197 216 3
0.0833333 9 217 241 2
0.09 7 230 254 4
0.0966667 2 253 246 3
0.103333 3 229 262 3
0.11 8 225 229 0
0.116667 7 220 247 3
0.123333 4 209 244 1
0.13 3 209 222 4
0.136667 6 187 215 0
0.143333 7 194 181 1
0.15 3 174 210 4
0.156667 4 203 194 2
0.163333 2 169 197 0
0.17 4 174 190 4
0.176667 2 172 162 1
0.183333 4 159 165 1
0.19 4 181 198 2
0.196667 9 156 181 2
0.203333 4 166 154 0
0.21 3 144 168 4
0.216667 5 145 172 0
0.223333 4 138 153 1
0.23 3 138 156 1
0.236667 3 111 132 0
0.243333 3 130 133 1
0.25 6 126 116 1
0.256667 2 117 97 0
0.263333 2 109 112 0
0.27 1 102 110 1
0.276667 4 117 110 0
0.283333 4 108 108 0
0.29 6 89 103 0
0.296667 3 100 92 0
0.303333 0 78 102 0
0.31 4 99 108 1
0.316667 4 76 92 0
0.323333 0 84 98 1
0.33 4 61 85 0
0.336667 2 72 91 1
0.343333 2 81 94 2
0.35 2 73 83 3
0.356667 3 84 73 1
0.363333 2 62 82 0
0.37 6 66 70 0
0.376667 1 86 72 1
0.383333 3 72 82 1
0.39 3 65 67 1
0.396667 4 51 98 3
0.403333 2 66 51 0
0.41 3 63 72 0
0.416667 2 65 81 0
0.423333 0 61 49 1
0.43 3 60 47 1
0.436667 1 55 65 1
0.443333 2 57 56 0
0.45 1 58 73 1
0.456667 2 58 65 2
0.463333 1 55 71 0
0.47 0 60 60 1
0.476667 2 50 57 0
0.483333 1 43 38 0
0.49 1 37 44 0
0.496667 1 35 53 1
0.503333 2 33 32 0
0.51 0 22 32 0
0.516667 0 30 26 0
0.523333 2 35 43 0
0.53 0 29 39 0
0.536667 0 27 37 0
0.543333 2 28 37 0
0.55 0 37 33 0
0.556667 3 27 32 0
0.563333 0 30 34 0
0.57 1 34 35 0
0.576667 1 30 29 0
0.583333 1 26 26 0
0.59 1 25 26 2
0.596667 0 36 20 0
0.603333 1 31 34 1
0.61 2 22 25 0
0.616667 0 28 25 1
0.623333 0 24 34 1
0.63 1 26 29 1
0.636667 1 23 29 0
0.643333 0 20 25 0
0.65 2 21 35 2
0.656667 4 26 30 1
0.663333 8 1503 1870 4
0.67 0 0 0 0
0.676667 0 0 0 0
0.683333 0 0 0 0
0.69 0 0 0 0
0.696667 0 0 0 0
0.703333 0 0 0 0
0.71 0 0 0 0
0.716667 0 0 0 0
0.723333 0 0 0 0
0.73 0 0 0 0
0.736667 0 0 0 0
0.743333 0 0 0 0
0.75 0 0 0 0
0.756667 0 0 0 0
0.763333 0 0 0 0
0.77 0 0 0 0
0.776667 0 0 0 0
0.783333 0 0 0 0
0.79 0 0 0 0
0.796667 0 0 0 0
0.803333 0 0 0 0
0.81 0 0 0 0
0.816667 0 0 0 0
0.823333 0 0 0 0
0.83 0 0 0 0
0.836667 0 0 0 0
0.843333 0 0 0 0
0.85 0 0 0 0
0.856667 0 0 0 0
0.863333 0 0 0 0
0.87 0 0 0 0
0.876667 0 0 0 0
0.883333 0 0 0 0
0.89 0 0 0 0
0.896667 0 0 0 0
0.903333 0 0 0 0
0.91 0 0 0 0
0.916667 0 0 0 0
0.923333 0 0 0 0
0.93 0 0 0 0
0.936667 0 0 0 0
0.943333 0 0 0 0
0.95 0 0 0 0
0.956667 0 0 0 0
0.963333 0 0 0 0
0.97 0 0 0 0
0.976667 0 0 0 0
0.983333 0 0 0 0
0.99 0 0 0 0
0.996667 0 0 0 0
1.00333 0 0 0 0
1.01 0 0 0 0
1.01667 0 0 0 0
1.02333 0 0 0 0
1.03 0 0 0 0
1.03667 0 0 0 0
1.04333 0 0 0 0
1.05 0 0 0 0
1.05667 0 0 0 0
1.06333 0 0 0 0
1.07 0 0 0 0
1.07667 0 0 0 0
1.08333 0 0 0 0
1.09 0 0 0 0
1.09667 0 0 0 0
1.10333 0 0 0 0
1.11 0 0 0 0
1.11667 0 0 0 0
1.12333 0 0 0 0
1.13 0 0 0 0
1.13667 0 0 0 0
1.14333 0 0 0 0
1.15 0 0 0 0
1.15667 0 0 0 0
1.16333 0 0 0 0
1.17 0 0 0 0
1.17667 0 0 0 0
1.18333 0 0 0 0
1.19 0 0 0 0
1.19667 0 0 0 0
1.20333 0 0 0 0
1.21 0 0 0 0
1.21667 0 0 0 0
1.22333 0 0 0 0
1.23 0 0 0 0
1.23667 0 0 0 0
1.24333 0 0 0 0
1.25 0 0 0 0
1.25667 0 0 0 0
1.26333 0 0 0 0
1.27 0 0 0 0
1.27667 0 0 0 0
1.28333 0 0 0 0
1.29 0 0 0 0
1.29667 0 0 0 0
1.30333 0 0 0 0
1.31 0 0 0 0
1.31667 0 0 0 0
1.32333 0 0 0 0
1.33 0 0 0 0
1.33667 0 0 0 0
1.34333 0 0 0 0
1.35 0 0 0 0
1.35667 0 0 0 0
1.36333 0 0 0 0
1.37 0 0 0 0
1.37667 0 0 0 0
1.38333 0 0 0 0
1.39 0 0 0 0
1.39667 0 0 0 0
1.40333 0 0 0 0
1.41 0 0 0 0
1.41667 0 0 0 0
1.42333 0 0 0 0
1.43 0 0 0 0
1.43667 0 0 0 0
1.44333 0 0 0 0
1.45 0 0 0 0
1.45667 0 0 0 0
1.46333 0 0 0 0
1.47 0 0 0 0
1.47667 0 0 0 0
1.48333 0 0 0 0
1.49 0 0 0 0
1.49667 0 0 0 0
1.50333 0 0 0 0
1.51 0 0 0 0
1.51667 0 0 0 0
1.52333 0 0 0 0
1.53 0 0 0 0
1.53667 0 0 0 0
1.54333 0 0 0 0
1.55 0 0 0 0
1.55667 0 0 0 0
1.56333 0 0 0 0
1.57 0 0 0 0
1.57667 0 0 0 0
1.58333 0 0 0 0
1.59 0 0 0 0
1.59667 0 0 0 0
1.60333 0 0 0 0
1.61 0 0 0 0
1.61667 0 0 0 0
1.62333 0 0 0 0
1.63 0 0 0 0
1.63667 0 0 0 0
1.64333 0 0 0 0
1.65 0 0 0 0
1.65667 0 0 0 0
1.66333 0 0 0 0
1.67 0 0 0 0
1.67667 0 0 0 0
1.68333 0 0 0 0
1.69 0 0 0 0
1.69667 0 0 0 0
1.70333 0 0 0 0
1.71 0 0 0 0
1.71667 0 0 0 0
1.72333 0 0 0 0
1.73 0 0 0 0
1.73667 0 0 0 0
1.74333 0 0 0 0
1.75 0 0 0 0
1.75667 0 0 0 0
1.76333 0 0 0 0
1.77 0 0 0 0
1.77667 0 0 0 0
1.78333 0 0 0 0
1.79 0 0 0 0
1.79667 0 0 0 0
1.80333 0 0 0 0
1.81 0 0 0 0
1.81667 0 0 0 0
1.82333 0 0 0 0
1.83 0 0 0 0
1.83667 0 0 0 0
1.84333 0 0 0 0
1.85 0 0 0 0
1.85667 0 0 0 0
1.86333 0 0 0 0
1.87 0 0 0 0
1.87667 0 0 0 0
1.88333 0 0 0 0
1.89 0 0 0 0
1.89667 0 0 0 0
1.90333 0 0 0 0
1.91 0 0 0 0
1.91667 0 0 0 0
1.92333 0 0 0 0
1.93 0 0 0 0
1.93667 0 0 0 0
1.94333 0 0 0 0
1.95 0 0 0 0
1.95667 0 0 0 0
1.96333 0 0 0 0
1.97 0 0 0 0
1.97667 0 0 0 0
1.98333 0 0 0 0
1.99 0 0 0 0
1.99667 0 0 0 0
