0.00333333 1 89 42 1
0.01 1 104 57 1
0.0166667 1 91 47 0
0.0233333 1 133 62 2
0.03 0 128 66 0
0.0366667 2 159 94 2
0.0433333 6 177 113 4
0.05 0 231 147 4
0.0566667 4 254 157 4
0.0633333 4 301 183 3
0.07 3 331 189 7
0.0766667 1 347 175 7
0.0833333 3 351 182 6
0.09 4 339 212 8
0.0966667 0 325 179 4
0.103333 4 370 188 7
0.11 1 353 204 2
0.116667 1 335 177 6
0.123333 4 340 189 2
0.13 1 350 173 5
0.136667 4 345 180 0
0.143333 2 331 141 5
0.15 0 287 141 1
0.156667 1 287 131 2
0.163333 2 315 130 2
0.17 1 275 140 3
0.176667 2 258 124 3
0.183333 4 301 135 2
0.19 1 345 144 2
0.196667 2 315 133 4
0.203333 1 299 113 1
0.21 3 285 128 2
0.216667 2 299 113 3
0.223333 2 275 108 4
0.23 3 264 104 1
0.236667 1 260 103 6
0.243333 1 207 106 1
0.25 1 226 99 1
0.256667 0 207 92 1
0.263333 0 195 81 1
0.27 1 178 97 1
0.276667 2 174 86 1
0.283333 0 179 75 4
0.29 0 179 79 0
0.296667 1 152 71 3
0.303333 1 135 70 0
0.31 0 152 78 2
0.316667 3 143 82 1
0.323333 0 139 65 1
0.33 0 134 76 0
0.336667 0 135 59 0
0.343333 1 112 64 3
0.35 2 134 62 1
0.356667 1 100 46 2
0.363333 2 122 67 2
0.37 2 130 60 4
0.376667 0 126 48 2
0.383333 0 104 52 2
0.39 1 106 52 1
0.396667 1 119 59 5
0.403333 1 98 49 1
0.41 0 100 45 2
0.416667 1 101 47 1
0.423333 3 95 44 4
0.43 0 102 47 1
0.436667 1 115 55 1
0.443333 0 106 47 0
0.45 0 109 45 1
0.456667 0 111 39 4
0.463333 3 84 36 0
0.47 0 90 52 0
0.476667 0 79 49 3
0.483333 0 82 33 1
0.49 0 62 33 1
0.496667 2 61 38 0
0.503333 1 50 38 2
0.51 0 56 22 0
0.516667 2 66 32 1
0.523333 0 46 26 1
0.53 1 56 22 1
0.536667 1 55 30 0
0.543333 1 50 25 1
0.55 1 48 25 1
0.556667 1 41 34 0
0.563333 0 58 26 0
0.57 0 43 22 2
0.576667 1 43 33 0
0.583333 1 41 30 0
0.59 0 52 27 0
0.596667 0 46 25 1
0.603333 1 38 23 2
0.61 1 46 16 0
0.616667 1 34 13 0
0.623333 0 37 31 1
0.63 0 45 19 1
0.636667 0 43 29 0
0.643333 0 31 24 1
0.65 0 41 24 1
0.656667 0 43 22 0
0.663333 8 3723 1154 9
0.67 0 0 0 0
0.676667 0 0 0 0
0.683333 0 0 0 0
0.69 0 0 0 0
0.696667 0 0 0 0
0.703333 0 0 0 0
0.71 0 0 0 0
0.716667 0 0 0 0
0.723333 0 0 0 0
0.73 0 0 0 0
0.736667 0 0 0 0
0.743333 0 0 0 0
0.75 0 0 0 0
0.756667 0 0 0 0
0.763333 0 0 0 0
0.77 0 0 0 0
0.776667 0 0 0 0
0.783333 0 0 0 0
0.79 0 0 0 0
0.796667 0 0 0 0
0.803333 0 0 0 0
0.81 0 0 0 0
0.816667 0 0 0 0
0.823333 0 0 0 0
0.83 0 0 0 0
0.836667 0 0 0 0
0.843333 0 0 0 0
0.85 0 0 0 0
0.856667 0 0 0 0
0.863333 0 0 0 0
0.87 0 0 0 0
0.876667 0 0 0 0
0.883333 0 0 0 0
0.89 0 0 0 0
0.896667 0 0 0 0
0.903333 0 0 0 0
0.91 0 0 0 0
0.916667 0 0 0 0
0.923333 0 0 0 0
0.93 0 0 0 0
0.936667 0 0 0 0
0.943333 0 0 0 0
0.95 0 0 0 0
0.956667 0 0 0 0
0.963333 0 0 0 0
0.97 0 0 0 0
0.976667 0 0 0 0
0.983333 0 0 0 0
0.99 0 0 0 0
0.996667 0 0 0 0
1.00333 0 0 0 0
1.01 0 0 0 0
1.01667 0 0 0 0
1.02333 0 0 0 0
1.03 0 0 0 0
1.03667 0 0 0 0
1.04333 0 0 0 0
1.05 0 0 0 0
1.05667 0 0 0 0
1.06333 0 0 0 0
1.07 0 0 0 0
1.07667 0 0 0 0
1.08333 0 0 0 0
1.09 0 0 0 0
1.09667 0 0 0 0
1.10333 0 0 0 0
1.11 0 0 0 0
1.11667 0 0 0 0
1.12333 0 0 0 0
1.13 0 0 0 0
1.13667 0 0 0 0
1.14333 0 0 0 0
1.15 0 0 0 0
1.15667 0 0 0 0
1.16333 0 0 0 0
1.17 0 0 0 0
1.17667 0 0 0 0
1.18333 0 0 0 0
1.19 0 0 0 0
1.19667 0 0 0 0
1.20333 0 0 0 0
1.21 0 0 0 0
1.21667 0 0 0 0
1.22333 0 0 0 0
1.23 0 0 0 0
1.23667 0 0 0 0
1.24333 0 0 0 0
1.25 0 0 0 0
1.25667 0 0 0 0
1.26333 0 0 0 0
1.27 0 0 0 0
1.27667 0 0 0 0
1.28333 0 0 0 0
1.29 0 0 0 0
1.29667 0 0 0 0
1.30333 0 0 0 0
1.31 0 0 0 0
1.31667 0 0 0 0
1.32333 0 0 0 0
1.33 0 0 0 0
1.33667 0 0 0 0
1.34333 0 0 0 0
1.35 0 0 0 0
1.35667 0 0 0 0
1.36333 0 0 0 0
1.37 0 0 0 0
1.37667 0 0 0 0
1.38333 0 0 0 0
1.39 0 0 0 0
1.39667 0 0 0 0
1.40333 0 0 0 0
1.41 0 0 0 0
1.41667 0 0 0 0
1.42333 0 0 0 0
1.43 0 0 0 0
1.43667 0 0 0 0
1.44333 0 0 0 0
1.45 0 0 0 0
1.45667 0 0 0 0
1.46333 0 0 0 0
1.47 0 0 0 0
1.47667 0 0 0 0
1.48333 0 0 0 0
1.49 0 0 0 0
1.49667 0 0 0 0
1.50333 0 0 0 0
1.51 0 0 0 0
1.51667 0 0 0 0
1.52333 0 0 0 0
1.53 0 0 0 0
1.53667 0 0 0 0
1.54333 0 0 0 0
1.55 0 0 0 0
1.55667 0 0 0 0
1.56333 0 0 0 0
1.57 0 0 0 0
1.57667 0 0 0 0
1.58333 0 0 0 0
1.59 0 0 0 0
1.59667 0 0 0 0
1.60333 0 0 0 0
1.61 0 0 0 0
1.61667 0 0 0 0
1.62333 0 0 0 0
1.63 0 0 0 0
1.63667 0 0 0 0
1.64333 0 0 0 0
1.65 0 0 0 0
1.65667 0 0 0 0
1.66333 0 0 0 0
1.67 0 0 0 0
1.67667 0 0 0 0
1.68333 0 0 0 0
1.69 0 0 0 0
1.69667 0 0 0 0
1.70333 0 0 0 0
1.71 0 0 0 0
1.71667 0 0 0 0
1.72333 0 0 0 0
1.73 0 0 0 0
1.73667 0 0 0 0
1.74333 0 0 0 0
1.75 0 0 0 0
1.75667 0 0 0 0
1.76333 0 0 0 0
1.77 0 0 0 0
1.77667 0 0 0 0
1.78333 0 0 0 0
1.79 0 0 0 0
1.79667 0 0 0 0
1.80333 0 0 0 0
1.81 0 0 0 0
1.81667 0 0 0 0
1.82333 0 0 0 0
1.83 0 0 0 0
1.83667 0 0 0 0
1.84333 0 0 0 0
1.85 0 0 0 0
1.85667 0 0 0 0
1.86333 0 0 0 0
1.87 0 0 0 0
1.87667 0 0 0 0
1.88333 0 0 0 0
1.89 0 0 0 0
1.89667 0 0 0 0
1.90333 0 0 0 0
1.91 0 0 0 0
1.91667 0 0 0 0
1.92333 0 0 0 0
1.93 0 0 0 0
1.93667 0 0 0 0
1.94333 0 0 0 0
1.95 0 0 0 0
1.95667 0 0 0 0
1.96333 0 0 0 0
1.97 0 0 0 0
1.97667 0 0 0 0
1.98333 0 0 0 0
1.99 0 0 0 0
1.99667 0 0 0 0
