0.00333333 2 24 74 1
0.01 3 31 99 1
0.0166667 4 51 91 2
0.0233333 4 38 94 0
0.03 1 49 118 3
0.0366667 3 53 135 1
0.0433333 7 100 163 2
0.05 6 103 197 1
0.0566667 5 123 243 0
0.0633333 15 133 256 2
0.07 8 137 289 1
0.0766667 13 138 295 0
0.0833333 11 147 307 4
0.09 10 140 317 3
0.0966667 7 150 332 0
0.103333 13 147 288 2
0.11 16 153 318 0
0.116667 8 163 314 0
0.123333 6 114 337 1
0.13 6 117 332 1
0.136667 7 105 318 0
0.143333 5 86 299 2
0.15 4 109 297 1
0.156667 8 110 302 2
0.163333 5 96 282 1
0.17 3 82 256 2
0.176667 7 75 268 1
0.183333 3 86 268 0
0.19 3 91 321 1
0.196667 6 96 312 0
0.203333 5 79 299 1
0.21 2 67 248 0
0.216667 5 69 225 0
0.223333 7 70 280 2
0.23 6 92 236 1
0.236667 6 71 221 1
0.243333 3 57 213 1
0.25 1 64 210 0
0.256667 5 58 186 0
0.263333 0 49 154 3
0.27 2 63 185 0
0.276667 3 67 172 0
0.283333 1 63 164 3
0.29 4 65 158 1
0.296667 6 59 158 2
0.303333 5 52 124 1
0.31 3 53 128 1
0.316667 1 48 131 1
0.323333 2 53 114 1
0.33 2 52 132 0
0.336667 1 44 126 0
0.343333 4 33 126 0
0.35 2 36 127 1
0.356667 2 42 114 0
0.363333 2 45 112 0
0.37 4 30 99 0
0.376667 3 38 100 1
0.383333 6 42 91 0
0.39 5 48 98 0
0.396667 4 39 92 1
0.403333 2 41 101 0
0.41 3 45 100 0
0.416667 2 39 99 1
0.423333 3 33 92 0
0.43 5 35 94 2
0.436667 5 37 87 1
0.443333 1 32 88 0
0.45 3 33 104 1
0.456667 3 31 105 0
0.463333 4 26 80 1
0.47 2 42 98 0
0.476667 4 29 99 0
0.483333 6 19 47 0
0.49 0 19 49 0
0.496667 2 24 65 0
0.503333 0 29 45 2
0.51 4 14 53 0
0.516667 4 17 48 0
0.523333 2 21 56 0
0.53 2 16 46 0
0.536667 2 22 43 0
0.543333 2 17 41 0
0.55 1 17 35 0
0.556667 2 22 34 0
0.563333 1 17 43 0
0.57 4 21 45 1
0.576667 2 18 46 1
0.583333 1 22 55 0
0.59 2 18 31 2
0.596667 0 14 45 0
0.603333 0 16 40 0
0.61 3 14 33 0
0.616667 1 14 49 0
0.623333 3 13 40 0
0.63 2 15 38 1
0.636667 1 13 50 0
0.643333 1 15 37 1
0.65 0 16 25 0
0.656667 1 17 32 0
0.663333 21 673 3655 2
0.67 0 0 0 0
0.676667 0 0 0 0
0.683333 0 0 0 0
0.69 0 0 0 0
0.696667 0 0 0 0
0.703333 0 0 0 0
0.71 0 0 0 0
0.716667 0 0 0 0
0.723333 0 0 0 0
0.73 0 0 0 0
0.736667 0 0 0 0
0.743333 0 0 0 0
0.75 0 0 0 0
0.756667 0 0 0 0
0.763333 0 0 0 0
0.77 0 0 0 0
0.776667 0 0 0 0
0.783333 0 0 0 0
0.79 0 0 0 0
0.796667 0 0 0 0
0.803333 0 0 0 0
0.81 0 0 0 0
0.816667 0 0 0 0
0.823333 0 0 0 0
0.83 0 0 0 0
0.836667 0 0 0 0
0.843333 0 0 0 0
0.85 0 0 0 0
0.856667 0 0 0 0
0.863333 0 0 0 0
0.87 0 0 0 0
0.876667 0 0 0 0
0.883333 0 0 0 0
0.89 0 0 0 0
0.896667 0 0 0 0
0.903333 0 0 0 0
0.91 0 0 0 0
0.916667 0 0 0 0
0.923333 0 0 0 0
0.93 0 0 0 0
0.936667 0 0 0 0
0.943333 0 0 0 0
0.95 0 0 0 0
0.956667 0 0 0 0
0.963333 0 0 0 0
0.97 0 0 0 0
0.976667 0 0 0 0
0.983333 0 0 0 0
0.99 0 0 0 0
0.996667 0 0 0 0
1.00333 0 0 0 0
1.01 0 0 0 0
1.01667 0 0 0 0
1.02333 0 0 0 0
1.03 0 0 0 0
1.03667 0 0 0 0
1.04333 0 0 0 0
1.05 0 0 0 0
1.05667 0 0 0 0
1.06333 0 0 0 0
1.07 0 0 0 0
1.07667 0 0 0 0
1.08333 0 0 0 0
1.09 0 0 0 0
1.09667 0 0 0 0
1.10333 0 0 0 0
1.11 0 0 0 0
1.11667 0 0 0 0
1.12333 0 0 0 0
1.13 0 0 0 0
1.13667 0 0 0 0
1.14333 0 0 0 0
1.15 0 0 0 0
1.15667 0 0 0 0
1.16333 0 0 0 0
1.17 0 0 0 0
1.17667 0 0 0 0
1.18333 0 0 0 0
1.19 0 0 0 0
1.19667 0 0 0 0
1.20333 0 0 0 0
1.21 0 0 0 0
1.21667 0 0 0 0
1.22333 0 0 0 0
1.23 0 0 0 0
1.23667 0 0 0 0
1.24333 0 0 0 0
1.25 0 0 0 0
1.25667 0 0 0 0
1.26333 0 0 0 0
1.27 0 0 0 0
1.27667 0 0 0 0
1.28333 0 0 0 0
1.29 0 0 0 0
1.29667 0 0 0 0
1.30333 0 0 0 0
1.31 0 0 0 0
1.31667 0 0 0 0
1.32333 0 0 0 0
1.33 0 0 0 0
1.33667 0 0 0 0
1.34333 0 0 0 0
1.35 0 0 0 0
1.35667 0 0 0 0
1.36333 0 0 0 0
1.37 0 0 0 0
1.37667 0 0 0 0
1.38333 0 0 0 0
1.39 0 0 0 0
1.39667 0 0 0 0
1.40333 0 0 0 0
1.41 0 0 0 0
1.41667 0 0 0 0
1.42333 0 0 0 0
1.43 0 0 0 0
1.43667 0 0 0 0
1.44333 0 0 0 0
1.45 0 0 0 0
1.45667 0 0 0 0
1.46333 0 0 0 0
1.47 0 0 0 0
1.47667 0 0 0 0
1.48333 0 0 0 0
1.49 0 0 0 0
1.49667 0 0 0 0
1.50333 0 0 0 0
1.51 0 0 0 0
1.51667 0 0 0 0
1.52333 0 0 0 0
1.53 0 0 0 0
1.53667 0 0 0 0
1.54333 0 0 0 0
1.55 0 0 0 0
1.55667 0 0 0 0
1.56333 0 0 0 0
1.57 0 0 0 0
1.57667 0 0 0 0
1.58333 0 0 0 0
1.59 0 0 0 0
1.59667 0 0 0 0
1.60333 0 0 0 0
1.61 0 0 0 0
1.61667 0 0 0 0
1.62333 0 0 0 0
1.63 0 0 0 0
1.63667 0 0 0 0
1.64333 0 0 0 0
1.65 0 0 0 0
1.65667 0 0 0 0
1.66333 0 0 0 0
1.67 0 0 0 0
1.67667 0 0 0 0
1.68333 0 0 0 0
1.69 0 0 0 0
1.69667 0 0 0 0
1.70333 0 0 0 0
1.71 0 0 0 0
1.71667 0 0 0 0
1.72333 0 0 0 0
1.73 0 0 0 0
1.73667 0 0 0 0
1.74333 0 0 0 0
1.75 0 0 0 0
1.75667 0 0 0 0
1.76333 0 0 0 0
1.77 0 0 0 0
1.77667 0 0 0 0
1.78333 0 0 0 0
1.79 0 0 0 0
1.79667 0 0 0 0
1.80333 0 0 0 0
1.81 0 0 0 0
1.81667 0 0 0 0
1.82333 0 0 0 0
1.83 0 0 0 0
1.83667 0 0 0 0
1.84333 0 0 0 0
1.85 0 0 0 0
1.85667 0 0 0 0
1.86333 0 0 0 0
1.87 0 0 0 0
1.87667 0 0 0 0
1.88333 0 0 0 0
1.89 0 0 0 0
1.89667 0 0 0 0
1.90333 0 0 0 0
1.91 0 0 0 0
1.91667 0 0 0 0
1.92333 0 0 0 0
1.93 0 0 0 0
1.93667 0 0 0 0
1.94333 0 0 0 0
1.95 0 0 0 0
1.95667 0 0 0 0
1.96333 0 0 0 0
1.97 0 0 0 0
1.97667 0 0 0 0
1.98333 0 0 0 0
1.99 0 0 0 0
1.99667 0 0 0 0
