0.00333333 2 1530 10 3
0.01 0 1653 10 2
0.0166667 2 1602 9 6
0.0233333 1 1645 11 5
0.03 0 1622 12 0
0.0366667 0 1524 15 2
0.0433333 2 1628 22 3
0.05 1 1647 27 2
0.0566667 1 1656 24 8
0.0633333 0 1523 26 7
0.07 1 1590 28 11
0.0766667 0 1487 27 6
0.0833333 2 1567 26 13
0.09 3 1580 29 7
0.0966667 1 1513 30 4
0.103333 5 1559 34 9
0.11 3 1615 28 14
0.116667 6 1572 38 3
0.123333 1 1560 34 5
0.13 0 1598 24 6
0.136667 0 1544 17 6
0.143333 0 1595 25 6
0.15 1 1624 24 5
0.156667 1 1645 20 5
0.163333 1 1701 33 11
0.17 0 1653 27 4
0.176667 4 1670 13 1
0.183333 2 2074 16 10
0.19 1 2147 18 6
0.196667 3 2268 26 4
0.203333 1 2098 19 8
0.21 1 2025 21 3
0.216667 1 1958 13 4
0.223333 2 1930 13 7
0.23 1 1979 16 9
0.236667 1 1873 11 2
0.243333 3 1853 15 4
0.25 0 1923 13 5
0.256667 1 1815 16 8
0.263333 0 1863 16 5
0.27 0 1815 17 2
0.276667 0 1831 10 3
0.283333 2 1780 16 6
0.29 2 1760 21 6
0.296667 3 1763 8 5
0.303333 1 1712 13 5
0.31 2 1793 6 1
0.316667 0 1711 18 5
0.323333 2 1727 17 5
0.33 4 1708 4 2
0.336667 1 1718 21 4
0.343333 1 1705 14 4
0.35 2 1773 9 5
0.356667 0 1672 9 2
0.363333 0 1710 12 3
0.37 1 1689 11 5
0.376667 0 1756 11 2
0.383333 0 1718 11 4
0.39 2 1735 9 4
0.396667 1 1667 11 6
0.403333 1 1723 10 2
0.41 1 1717 11 1
0.416667 1 1807 15 3
0.423333 0 1786 14 5
0.43 1 1752 12 3
0.436667 2 1823 13 3
0.443333 1 1847 14 3
0.45 1 1913 8 1
0.456667 1 1992 8 2
0.463333 0 1966 13 4
0.47 0 2056 13 1
0.476667 0 1661 9 2
0.483333 2 773 4 5
0.49 1 693 5 1
0.496667 0 638 11 0
0.503333 0 600 8 2
0.51 0 563 6 5
0.516667 0 508 4 3
0.523333 1 454 2 2
0.53 2 446 7 2
0.536667 0 412 13 4
0.543333 1 370 12 3
0.55 0 375 6 7
0.556667 0 370 5 3
0.563333 0 324 7 3
0.57 3 380 7 3
0.576667 1 340 9 1
0.583333 0 390 4 2
0.59 1 328 6 1
0.596667 0 320 5 3
0.603333 2 313 5 2
0.61 0 308 4 4
0.616667 0 261 4 5
0.623333 1 274 6 3
0.63 1 387 3 4
0.636667 0 610 6 2
0.643333 1 206 11 0
0.65 0 210 8 2
0.656667 0 229 5 0
0.663333 4 119807 171 56
0.67 0 0 0 0
0.676667 0 0 0 0
0.683333 0 0 0 0
0.69 0 0 0 0
0.696667 0 0 0 0
0.703333 0 0 0 0
0.71 0 0 0 0
0.716667 0 0 0 0
0.723333 0 0 0 0
0.73 0 0 0 0
0.736667 0 0 0 0
0.743333 0 0 0 0
0.75 0 0 0 0
0.756667 0 0 0 0
0.763333 0 0 0 0
0.77 0 0 0 0
0.776667 0 0 0 0
0.783333 0 0 0 0
0.79 0 0 0 0
0.796667 0 0 0 0
0.803333 0 0 0 0
0.81 0 0 0 0
0.816667 0 0 0 0
0.823333 0 0 0 0
0.83 0 0 0 0
0.836667 0 0 0 0
0.843333 0 0 0 0
0.85 0 0 0 0
0.856667 0 0 0 0
0.863333 0 0 0 0
0.87 0 0 0 0
0.876667 0 0 0 0
0.883333 0 0 0 0
0.89 0 0 0 0
0.896667 0 0 0 0
0.903333 0 0 0 0
0.91 0 0 0 0
0.916667 0 0 0 0
0.923333 0 0 0 0
0.93 0 0 0 0
0.936667 0 0 0 0
0.943333 0 0 0 0
0.95 0 0 0 0
0.956667 0 0 0 0
0.963333 0 0 0 0
0.97 0 0 0 0
0.976667 0 0 0 0
0.983333 0 0 0 0
0.99 0 0 0 0
0.996667 0 0 0 0
1.00333 0 0 0 0
1.01 0 0 0 0
1.01667 0 0 0 0
1.02333 0 0 0 0
1.03 0 0 0 0
1.03667 0 0 0 0
1.04333 0 0 0 0
1.05 0 0 0 0
1.05667 0 0 0 0
1.06333 0 0 0 0
1.07 0 0 0 0
1.07667 0 0 0 0
1.08333 0 0 0 0
1.09 0 0 0 0
1.09667 0 0 0 0
1.10333 0 0 0 0
1.11 0 0 0 0
1.11667 0 0 0 0
1.12333 0 0 0 0
1.13 0 0 0 0
1.13667 0 0 0 0
1.14333 0 0 0 0
1.15 0 0 0 0
1.15667 0 0 0 0
1.16333 0 0 0 0
1.17 0 0 0 0
1.17667 0 0 0 0
1.18333 0 0 0 0
1.19 0 0 0 0
1.19667 0 0 0 0
1.20333 0 0 0 0
1.21 0 0 0 0
1.21667 0 0 0 0
1.22333 0 0 0 0
1.23 0 0 0 0
1.23667 0 0 0 0
1.24333 0 0 0 0
1.25 0 0 0 0
1.25667 0 0 0 0
1.26333 0 0 0 0
1.27 0 0 0 0
1.27667 0 0 0 0
1.28333 0 0 0 0
1.29 0 0 0 0
1.29667 0 0 0 0
1.30333 0 0 0 0
1.31 0 0 0 0
1.31667 0 0 0 0
1.32333 0 0 0 0
1.33 0 0 0 0
1.33667 0 0 0 0
1.34333 0 0 0 0
1.35 0 0 0 0
1.35667 0 0 0 0
1.36333 0 0 0 0
1.37 0 0 0 0
1.37667 0 0 0 0
1.38333 0 0 0 0
1.39 0 0 0 0
1.39667 0 0 0 0
1.40333 0 0 0 0
1.41 0 0 0 0
1.41667 0 0 0 0
1.42333 0 0 0 0
1.43 0 0 0 0
1.43667 0 0 0 0
1.44333 0 0 0 0
1.45 0 0 0 0
1.45667 0 0 0 0
1.46333 0 0 0 0
1.47 0 0 0 0
1.47667 0 0 0 0
1.48333 0 0 0 0
1.49 0 0 0 0
1.49667 0 0 0 0
1.50333 0 0 0 0
1.51 0 0 0 0
1.51667 0 0 0 0
1.52333 0 0 0 0
1.53 0 0 0 0
1.53667 0 0 0 0
1.54333 0 0 0 0
1.55 0 0 0 0
1.55667 0 0 0 0
1.56333 0 0 0 0
1.57 0 0 0 0
1.57667 0 0 0 0
1.58333 0 0 0 0
1.59 0 0 0 0
1.59667 0 0 0 0
1.60333 0 0 0 0
1.61 0 0 0 0
1.61667 0 0 0 0
1.62333 0 0 0 0
1.63 0 0 0 0
1.63667 0 0 0 0
1.64333 0 0 0 0
1.65 0 0 0 0
1.65667 0 0 0 0
1.66333 0 0 0 0
1.67 0 0 0 0
1.67667 0 0 0 0
1.68333 0 0 0 0
1.69 0 0 0 0
1.69667 0 0 0 0
1.70333 0 0 0 0
1.71 0 0 0 0
1.71667 0 0 0 0
1.72333 0 0 0 0
1.73 0 0 0 0
1.73667 0 0 0 0
1.74333 0 0 0 0
1.75 0 0 0 0
1.75667 0 0 0 0
1.76333 0 0 0 0
1.77 0 0 0 0
1.77667 0 0 0 0
1.78333 0 0 0 0
1.79 0 0 0 0
1.79667 0 0 0 0
1.80333 0 0 0 0
1.81 0 0 0 0
1.81667 0 0 0 0
1.82333 0 0 0 0
1.83 0 0 0 0
1.83667 0 0 0 0
1.84333 0 0 0 0
1.85 0 0 0 0
1.85667 0 0 0 0
1.86333 0 0 0 0
1.87 0 0 0 0
1.87667 0 0 0 0
1.88333 0 0 0 0
1.89 0 0 0 0
1.89667 0 0 0 0
1.90333 0 0 0 0
1.91 0 0 0 0
1.91667 0 0 0 0
1.92333 0 0 0 0
1.93 0 0 0 0
1.93667 0 0 0 0
1.94333 0 0 0 0
1.95 0 0 0 0
1.95667 0 0 0 0
1.96333 0 0 0 0
1.97 0 0 0 0
1.97667 0 0 0 0
1.98333 0 0 0 0
1.99 0 0 0 0
1.99667 0 0 0 0
