0.00333333 1 68 44 0
0.01 0 92 44 0
0.0166667 1 105 62 0
0.0233333 3 121 67 2
0.03 1 115 75 1
0.0366667 2 153 110 3
0.0433333 4 197 121 4
0.05 0 228 149 4
0.0566667 3 256 154 4
0.0633333 5 280 192 3
0.07 4 312 189 8
0.0766667 0 327 183 3
0.0833333 2 337 173 4
0.09 5 323 206 7
0.0966667 0 332 202 3
0.103333 2 347 176 7
0.11 2 336 198 3
0.116667 2 336 191 7
0.123333 6 348 190 2
0.13 2 360 177 3
0.136667 4 343 171 3
0.143333 2 324 137 3
0.15 1 290 147 1
0.156667 1 301 140 3
0.163333 0 303 134 1
0.17 3 280 132 3
0.176667 3 261 131 5
0.183333 2 291 146 3
0.19 1 334 138 1
0.196667 2 297 129 3
0.203333 3 276 126 1
0.21 3 275 140 4
0.216667 3 273 114 5
0.223333 1 259 107 4
0.23 4 254 105 0
0.236667 0 275 93 7
0.243333 1 219 109 3
0.25 1 213 100 1
0.256667 0 196 86 2
0.263333 0 190 79 1
0.27 1 170 97 1
0.276667 2 168 84 2
0.283333 0 173 66 3
0.29 0 157 80 1
0.296667 2 148 73 3
0.303333 1 138 62 0
0.31 0 147 77 4
0.316667 0 140 77 1
0.323333 0 144 68 2
0.33 0 125 85 0
0.336667 0 140 60 0
0.343333 0 110 70 3
0.35 0 123 62 1
0.356667 1 106 42 1
0.363333 1 133 64 2
0.37 3 126 58 3
0.376667 0 114 48 0
0.383333 0 92 50 2
0.39 1 95 44 2
0.396667 1 115 55 4
0.403333 1 108 55 1
0.41 1 99 48 2
0.416667 1 96 49 1
0.423333 3 104 39 5
0.43 0 95 45 1
0.436667 1 112 58 2
0.443333 0 103 49 0
0.45 1 112 45 0
0.456667 0 111 47 5
0.463333 2 82 38 0
0.47 0 95 53 0
0.476667 0 79 48 3
0.483333 0 82 33 2
0.49 0 58 35 1
0.496667 1 68 38 0
0.503333 1 50 29 2
0.51 1 55 22 0
0.516667 1 57 33 1
0.523333 0 46 32 1
0.53 1 48 22 1
0.536667 0 52 32 0
0.543333 1 39 28 1
0.55 1 40 27 0
0.556667 1 45 32 0
0.563333 0 60 25 1
0.57 0 41 25 2
0.576667 2 41 29 0
0.583333 1 42 29 0
0.59 0 59 32 2
0.596667 0 50 25 1
0.603333 1 43 23 2
0.61 2 52 20 0
0.616667 1 38 15 0
0.623333 0 34 33 1
0.63 0 44 22 1
0.636667 0 50 28 0
0.643333 0 32 18 1
0.65 0 35 25 1
0.656667 0 41 22 0
0.663333 8 3586 1171 10
0.67 0 0 0 0
0.676667 0 0 0 0
0.683333 0 0 0 0
0.69 0 0 0 0
0.696667 0 0 0 0
0.703333 0 0 0 0
0.71 0 0 0 0
0.716667 0 0 0 0
0.723333 0 0 0 0
0.73 0 0 0 0
0.736667 0 0 0 0
0.743333 0 0 0 0
0.75 0 0 0 0
0.756667 0 0 0 0
0.763333 0 0 0 0
0.77 0 0 0 0
0.776667 0 0 0 0
0.783333 0 0 0 0
0.79 0 0 0 0
0.796667 0 0 0 0
0.803333 0 0 0 0
0.81 0 0 0 0
0.816667 0 0 0 0
0.823333 0 0 0 0
0.83 0 0 0 0
0.836667 0 0 0 0
0.843333 0 0 0 0
0.85 0 0 0 0
0.856667 0 0 0 0
0.863333 0 0 0 0
0.87 0 0 0 0
0.876667 0 0 0 0
0.883333 0 0 0 0
0.89 0 0 0 0
0.896667 0 0 0 0
0.903333 0 0 0 0
0.91 0 0 0 0
0.916667 0 0 0 0
0.923333 0 0 0 0
0.93 0 0 0 0
0.936667 0 0 0 0
0.943333 0 0 0 0
0.95 0 0 0 0
0.956667 0 0 0 0
0.963333 0 0 0 0
0.97 0 0 0 0
0.976667 0 0 0 0
0.983333 0 0 0 0
0.99 0 0 0 0
0.996667 0 0 0 0
1.00333 0 0 0 0
1.01 0 0 0 0
1.01667 0 0 0 0
1.02333 0 0 0 0
1.03 0 0 0 0
1.03667 0 0 0 0
1.04333 0 0 0 0
1.05 0 0 0 0
1.05667 0 0 0 0
1.06333 0 0 0 0
1.07 0 0 0 0
1.07667 0 0 0 0
1.08333 0 0 0 0
1.09 0 0 0 0
1.09667 0 0 0 0
1.10333 0 0 0 0
1.11 0 0 0 0
1.11667 0 0 0 0
1.12333 0 0 0 0
1.13 0 0 0 0
1.13667 0 0 0 0
1.14333 0 0 0 0
1.15 0 0 0 0
1.15667 0 0 0 0
1.16333 0 0 0 0
1.17 0 0 0 0
1.17667 0 0 0 0
1.18333 0 0 0 0
1.19 0 0 0 0
1.19667 0 0 0 0
1.20333 0 0 0 0
1.21 0 0 0 0
1.21667 0 0 0 0
1.22333 0 0 0 0
1.23 0 0 0 0
1.23667 0 0 0 0
1.24333 0 0 0 0
1.25 0 0 0 0
1.25667 0 0 0 0
1.26333 0 0 0 0
1.27 0 0 0 0
1.27667 0 0 0 0
1.28333 0 0 0 0
1.29 0 0 0 0
1.29667 0 0 0 0
1.30333 0 0 0 0
1.31 0 0 0 0
1.31667 0 0 0 0
1.32333 0 0 0 0
1.33 0 0 0 0
1.33667 0 0 0 0
1.34333 0 0 0 0
1.35 0 0 0 0
1.35667 0 0 0 0
1.36333 0 0 0 0
1.37 0 0 0 0
1.37667 0 0 0 0
1.38333 0 0 0 0
1.39 0 0 0 0
1.39667 0 0 0 0
1.40333 0 0 0 0
1.41 0 0 0 0
1.41667 0 0 0 0
1.42333 0 0 0 0
1.43 0 0 0 0
1.43667 0 0 0 0
1.44333 0 0 0 0
1.45 0 0 0 0
1.45667 0 0 0 0
1.46333 0 0 0 0
1.47 0 0 0 0
1.47667 0 0 0 0
1.48333 0 0 0 0
1.49 0 0 0 0
1.49667 0 0 0 0
1.50333 0 0 0 0
1.51 0 0 0 0
1.51667 0 0 0 0
1.52333 0 0 0 0
1.53 0 0 0 0
1.53667 0 0 0 0
1.54333 0 0 0 0
1.55 0 0 0 0
1.55667 0 0 0 0
1.56333 0 0 0 0
1.57 0 0 0 0
1.57667 0 0 0 0
1.58333 0 0 0 0
1.59 0 0 0 0
1.59667 0 0 0 0
1.60333 0 0 0 0
1.61 0 0 0 0
1.61667 0 0 0 0
1.62333 0 0 0 0
1.63 0 0 0 0
1.63667 0 0 0 0
1.64333 0 0 0 0
1.65 0 0 0 0
1.65667 0 0 0 0
1.66333 0 0 0 0
1.67 0 0 0 0
1.67667 0 0 0 0
1.68333 0 0 0 0
1.69 0 0 0 0
1.69667 0 0 0 0
1.70333 0 0 0 0
1.71 0 0 0 0
1.71667 0 0 0 0
1.72333 0 0 0 0
1.73 0 0 0 0
1.73667 0 0 0 0
1.74333 0 0 0 0
1.75 0 0 0 0
1.75667 0 0 0 0
1.76333 0 0 0 0
1.77 0 0 0 0
1.77667 0 0 0 0
1.78333 0 0 0 0
1.79 0 0 0 0
1.79667 0 0 0 0
1.80333 0 0 0 0
1.81 0 0 0 0
1.81667 0 0 0 0
1.82333 0 0 0 0
1.83 0 0 0 0
1.83667 0 0 0 0
1.84333 0 0 0 0
1.85 0 0 0 0
1.85667 0 0 0 0
1.86333 0 0 0 0
1.87 0 0 0 0
1.87667 0 0 0 0
1.88333 0 0 0 0
1.89 0 0 0 0
1.89667 0 0 0 0
1.90333 0 0 0 0
1.91 0 0 0 0
1.91667 0 0 0 0
1.92333 0 0 0 0
1.93 0 0 0 0
1.93667 0 0 0 0
1.94333 0 0 0 0
1.95 0 0 0 0
1.95667 0 0 0 0
1.96333 0 0 0 0
1.97 0 0 0 0
1.97667 0 0 0 0
1.98333 0 0 0 0
1.99 0 0 0 0
1.99667 0 0 0 0
