0.00333333 0 77 6 4
0.01 1 69 18 4
0.0166667 0 85 13 12
0.0233333 0 81 15 13
0.03 0 103 21 4
0.0366667 2 115 31 4
0.0433333 0 116 36 10
0.05 0 121 53 14
0.0566667 0 130 49 14
0.0633333 1 165 50 19
0.07 1 166 60 5
0.0766667 0 156 61 15
0.0833333 0 183 64 24
0.09 1 197 47 12
0.0966667 1 192 60 16
0.103333 0 169 53 12
0.11 0 183 61 19
0.116667 0 217 49 13
0.123333 0 218 48 19
0.13 0 213 53 17
0.136667 0 211 57 8
0.143333 0 204 33 13
0.15 2 197 46 8
0.156667 0 169 37 12
0.163333 0 201 30 9
0.17 1 177 31 8
0.176667 0 199 33 10
0.183333 1 228 52 10
0.19 0 273 42 6
0.196667 0 266 31 4
0.203333 0 220 41 9
0.21 0 235 35 9
0.216667 2 221 27 4
0.223333 0 178 34 5
0.23 1 173 33 5
0.236667 0 159 32 2
0.243333 0 170 27 4
0.25 0 150 31 8
0.256667 1 143 27 6
0.263333 0 143 25 6
0.27 0 113 29 5
0.276667 0 137 27 7
0.283333 1 136 25 9
0.29 0 113 17 4
0.296667 0 123 21 5
0.303333 0 120 29 13
0.31 0 104 17 3
0.316667 0 90 18 4
0.323333 0 102 30 9
0.33 0 118 21 8
0.336667 0 99 25 4
0.343333 1 93 23 4
0.35 0 85 14 6
0.356667 0 92 21 6
0.363333 1 100 17 6
0.37 1 64 18 3
0.376667 0 91 16 5
0.383333 1 95 14 4
0.39 0 83 23 5
0.396667 0 86 16 10
0.403333 0 77 17 10
0.41 0 103 20 3
0.416667 0 86 20 3
0.423333 0 101 13 5
0.43 0 77 9 3
0.436667 0 90 16 3
0.443333 1 95 22 6
0.45 0 92 17 1
0.456667 0 100 12 4
0.463333 0 94 18 6
0.47 0 89 16 2
0.476667 0 68 15 3
0.483333 0 44 7 6
0.49 0 41 15 4
0.496667 0 35 11 2
0.503333 0 36 10 4
0.51 0 37 17 3
0.516667 0 29 17 5
0.523333 0 34 6 3
0.53 0 30 11 6
0.536667 0 25 10 7
0.543333 0 27 7 3
0.55 0 26 9 2
0.556667 0 25 8 0
0.563333 0 30 7 4
0.57 0 31 16 7
0.576667 0 26 11 1
0.583333 1 26 10 3
0.59 0 20 14 3
0.596667 0 17 15 5
0.603333 0 25 7 1
0.61 0 26 7 3
0.616667 0 18 5 3
0.623333 1 24 11 5
0.63 0 21 7 0
0.636667 0 28 7 2
0.643333 1 27 7 4
0.65 0 17 10 5
0.656667 0 13 2 5
0.663333 1 4211 268 51
0.67 0 0 0 0
0.676667 0 0 0 0
0.683333 0 0 0 0
0.69 0 0 0 0
0.696667 0 0 0 0
0.703333 0 0 0 0
0.71 0 0 0 0
0.716667 0 0 0 0
0.723333 0 0 0 0
0.73 0 0 0 0
0.736667 0 0 0 0
0.743333 0 0 0 0
0.75 0 0 0 0
0.756667 0 0 0 0
0.763333 0 0 0 0
0.77 0 0 0 0
0.776667 0 0 0 0
0.783333 0 0 0 0
0.79 0 0 0 0
0.796667 0 0 0 0
0.803333 0 0 0 0
0.81 0 0 0 0
0.816667 0 0 0 0
0.823333 0 0 0 0
0.83 0 0 0 0
0.836667 0 0 0 0
0.843333 0 0 0 0
0.85 0 0 0 0
0.856667 0 0 0 0
0.863333 0 0 0 0
0.87 0 0 0 0
0.876667 0 0 0 0
0.883333 0 0 0 0
0.89 0 0 0 0
0.896667 0 0 0 0
0.903333 0 0 0 0
0.91 0 0 0 0
0.916667 0 0 0 0
0.923333 0 0 0 0
0.93 0 0 0 0
0.936667 0 0 0 0
0.943333 0 0 0 0
0.95 0 0 0 0
0.956667 0 0 0 0
0.963333 0 0 0 0
0.97 0 0 0 0
0.976667 0 0 0 0
0.983333 0 0 0 0
0.99 0 0 0 0
0.996667 0 0 0 0
1.00333 0 0 0 0
1.01 0 0 0 0
1.01667 0 0 0 0
1.02333 0 0 0 0
1.03 0 0 0 0
1.03667 0 0 0 0
1.04333 0 0 0 0
1.05 0 0 0 0
1.05667 0 0 0 0
1.06333 0 0 0 0
1.07 0 0 0 0
1.07667 0 0 0 0
1.08333 0 0 0 0
1.09 0 0 0 0
1.09667 0 0 0 0
1.10333 0 0 0 0
1.11 0 0 0 0
1.11667 0 0 0 0
1.12333 0 0 0 0
1.13 0 0 0 0
1.13667 0 0 0 0
1.14333 0 0 0 0
1.15 0 0 0 0
1.15667 0 0 0 0
1.16333 0 0 0 0
1.17 0 0 0 0
1.17667 0 0 0 0
1.18333 0 0 0 0
1.19 0 0 0 0
1.19667 0 0 0 0
1.20333 0 0 0 0
1.21 0 0 0 0
1.21667 0 0 0 0
1.22333 0 0 0 0
1.23 0 0 0 0
1.23667 0 0 0 0
1.24333 0 0 0 0
1.25 0 0 0 0
1.25667 0 0 0 0
1.26333 0 0 0 0
1.27 0 0 0 0
1.27667 0 0 0 0
1.28333 0 0 0 0
1.29 0 0 0 0
1.29667 0 0 0 0
1.30333 0 0 0 0
1.31 0 0 0 0
1.31667 0 0 0 0
1.32333 0 0 0 0
1.33 0 0 0 0
1.33667 0 0 0 0
1.34333 0 0 0 0
1.35 0 0 0 0
1.35667 0 0 0 0
1.36333 0 0 0 0
1.37 0 0 0 0
1.37667 0 0 0 0
1.38333 0 0 0 0
1.39 0 0 0 0
1.39667 0 0 0 0
1.40333 0 0 0 0
1.41 0 0 0 0
1.41667 0 0 0 0
1.42333 0 0 0 0
1.43 0 0 0 0
1.43667 0 0 0 0
1.44333 0 0 0 0
1.45 0 0 0 0
1.45667 0 0 0 0
1.46333 0 0 0 0
1.47 0 0 0 0
1.47667 0 0 0 0
1.48333 0 0 0 0
1.49 0 0 0 0
1.49667 0 0 0 0
1.50333 0 0 0 0
1.51 0 0 0 0
1.51667 0 0 0 0
1.52333 0 0 0 0
1.53 0 0 0 0
1.53667 0 0 0 0
1.54333 0 0 0 0
1.55 0 0 0 0
1.55667 0 0 0 0
1.56333 0 0 0 0
1.57 0 0 0 0
1.57667 0 0 0 0
1.58333 0 0 0 0
1.59 0 0 0 0
1.59667 0 0 0 0
1.60333 0 0 0 0
1.61 0 0 0 0
1.61667 0 0 0 0
1.62333 0 0 0 0
1.63 0 0 0 0
1.63667 0 0 0 0
1.64333 0 0 0 0
1.65 0 0 0 0
1.65667 0 0 0 0
1.66333 0 0 0 0
1.67 0 0 0 0
1.67667 0 0 0 0
1.68333 0 0 0 0
1.69 0 0 0 0
1.69667 0 0 0 0
1.70333 0 0 0 0
1.71 0 0 0 0
1.71667 0 0 0 0
1.72333 0 0 0 0
1.73 0 0 0 0
1.73667 0 0 0 0
1.74333 0 0 0 0
1.75 0 0 0 0
1.75667 0 0 0 0
1.76333 0 0 0 0
1.77 0 0 0 0
1.77667 0 0 0 0
1.78333 0 0 0 0
1.79 0 0 0 0
1.79667 0 0 0 0
1.80333 0 0 0 0
1.81 0 0 0 0
1.81667 0 0 0 0
1.82333 0 0 0 0
1.83 0 0 0 0
1.83667 0 0 0 0
1.84333 0 0 0 0
1.85 0 0 0 0
1.85667 0 0 0 0
1.86333 0 0 0 0
1.87 0 0 0 0
1.87667 0 0 0 0
1.88333 0 0 0 0
1.89 0 0 0 0
1.89667 0 0 0 0
1.90333 0 0 0 0
1.91 0 0 0 0
1.91667 0 0 0 0
1.92333 0 0 0 0
1.93 0 0 0 0
1.93667 0 0 0 0
1.94333 0 0 0 0
1.95 0 0 0 0
1.95667 0 0 0 0
1.96333 0 0 0 0
1.97 0 0 0 0
1.97667 0 0 0 0
1.98333 0 0 0 0
1.99 0 0 0 0
1.99667 0 0 0 0
