0.00333333 0 194 13 7
0.01 3 182 10 0
0.0166667 2 204 16 1
0.0233333 2 185 9 0
0.03 1 194 10 2
0.0366667 1 207 18 4
0.0433333 0 198 21 3
0.05 2 229 39 3
0.0566667 2 262 32 4
0.0633333 1 274 30 7
0.07 4 266 45 6
0.0766667 1 239 27 5
0.0833333 5 268 30 4
0.09 4 255 41 6
0.0966667 2 237 33 3
0.103333 2 237 34 4
0.11 1 251 50 9
0.116667 2 255 38 6
0.123333 0 229 52 4
0.13 6 268 29 6
0.136667 3 266 30 3
0.143333 1 268 38 4
0.15 3 271 26 3
0.156667 1 303 30 3
0.163333 1 310 34 3
0.17 1 307 17 1
0.176667 3 323 27 5
0.183333 1 370 26 2
0.19 6 464 21 1
0.196667 2 523 19 2
0.203333 1 489 14 3
0.21 1 424 26 2
0.216667 0 365 22 4
0.223333 2 324 16 4
0.23 2 323 17 4
0.236667 0 279 26 0
0.243333 1 258 18 7
0.25 2 271 22 1
0.256667 2 231 24 1
0.263333 1 238 26 3
0.27 2 240 16 1
0.276667 0 227 12 4
0.283333 2 262 13 7
0.29 2 217 14 4
0.296667 2 238 14 2
0.303333 1 198 23 4
0.31 2 203 23 2
0.316667 1 242 16 2
0.323333 2 212 21 4
0.33 2 216 16 1
0.336667 3 216 18 1
0.343333 2 218 14 0
0.35 0 213 23 3
0.356667 2 196 21 2
0.363333 2 195 17 1
0.37 1 193 18 2
0.376667 2 204 15 3
0.383333 3 220 17 3
0.39 2 210 14 2
0.396667 1 211 13 4
0.403333 3 214 11 3
0.41 0 223 12 3
0.416667 1 218 13 3
0.423333 0 208 17 3
0.43 1 200 7 1
0.436667 0 232 13 0
0.443333 2 236 17 4
0.45 1 228 12 3
0.456667 0 224 11 3
0.463333 2 245 8 0
0.47 2 232 10 0
0.476667 2 208 9 2
0.483333 1 97 9 1
0.49 0 73 10 2
0.496667 2 78 12 1
0.503333 1 72 7 1
0.51 0 52 6 1
0.516667 2 63 3 2
0.523333 1 70 6 4
0.53 1 62 9 2
0.536667 2 61 9 0
0.543333 0 51 12 0
0.55 0 51 9 0
0.556667 1 48 7 2
0.563333 0 40 10 4
0.57 0 27 7 2
0.576667 1 49 11 2
0.583333 0 43 11 4
0.59 1 46 9 0
0.596667 1 42 6 4
0.603333 0 51 3 1
0.61 0 37 4 2
0.616667 0 34 10 1
0.623333 2 42 5 2
0.63 0 51 4 0
0.636667 1 78 5 2
0.643333 0 35 5 3
0.65 1 32 5 2
0.656667 1 30 9 2
0.663333 14 15752 257 33
0.67 0 0 0 0
0.676667 0 0 0 0
0.683333 0 0 0 0
0.69 0 0 0 0
0.696667 0 0 0 0
0.703333 0 0 0 0
0.71 0 0 0 0
0.716667 0 0 0 0
0.723333 0 0 0 0
0.73 0 0 0 0
0.736667 0 0 0 0
0.743333 0 0 0 0
0.75 0 0 0 0
0.756667 0 0 0 0
0.763333 0 0 0 0
0.77 0 0 0 0
0.776667 0 0 0 0
0.783333 0 0 0 0
0.79 0 0 0 0
0.796667 0 0 0 0
0.803333 0 0 0 0
0.81 0 0 0 0
0.816667 0 0 0 0
0.823333 0 0 0 0
0.83 0 0 0 0
0.836667 0 0 0 0
0.843333 0 0 0 0
0.85 0 0 0 0
0.856667 0 0 0 0
0.863333 0 0 0 0
0.87 0 0 0 0
0.876667 0 0 0 0
0.883333 0 0 0 0
0.89 0 0 0 0
0.896667 0 0 0 0
0.903333 0 0 0 0
0.91 0 0 0 0
0.916667 0 0 0 0
0.923333 0 0 0 0
0.93 0 0 0 0
0.936667 0 0 0 0
0.943333 0 0 0 0
0.95 0 0 0 0
0.956667 0 0 0 0
0.963333 0 0 0 0
0.97 0 0 0 0
0.976667 0 0 0 0
0.983333 0 0 0 0
0.99 0 0 0 0
0.996667 0 0 0 0
1.00333 0 0 0 0
1.01 0 0 0 0
1.01667 0 0 0 0
1.02333 0 0 0 0
1.03 0 0 0 0
1.03667 0 0 0 0
1.04333 0 0 0 0
1.05 0 0 0 0
1.05667 0 0 0 0
1.06333 0 0 0 0
1.07 0 0 0 0
1.07667 0 0 0 0
1.08333 0 0 0 0
1.09 0 0 0 0
1.09667 0 0 0 0
1.10333 0 0 0 0
1.11 0 0 0 0
1.11667 0 0 0 0
1.12333 0 0 0 0
1.13 0 0 0 0
1.13667 0 0 0 0
1.14333 0 0 0 0
1.15 0 0 0 0
1.15667 0 0 0 0
1.16333 0 0 0 0
1.17 0 0 0 0
1.17667 0 0 0 0
1.18333 0 0 0 0
1.19 0 0 0 0
1.19667 0 0 0 0
1.20333 0 0 0 0
1.21 0 0 0 0
1.21667 0 0 0 0
1.22333 0 0 0 0
1.23 0 0 0 0
1.23667 0 0 0 0
1.24333 0 0 0 0
1.25 0 0 0 0
1.25667 0 0 0 0
1.26333 0 0 0 0
1.27 0 0 0 0
1.27667 0 0 0 0
1.28333 0 0 0 0
1.29 0 0 0 0
1.29667 0 0 0 0
1.30333 0 0 0 0
1.31 0 0 0 0
1.31667 0 0 0 0
1.32333 0 0 0 0
1.33 0 0 0 0
1.33667 0 0 0 0
1.34333 0 0 0 0
1.35 0 0 0 0
1.35667 0 0 0 0
1.36333 0 0 0 0
1.37 0 0 0 0
1.37667 0 0 0 0
1.38333 0 0 0 0
1.39 0 0 0 0
1.39667 0 0 0 0
1.40333 0 0 0 0
1.41 0 0 0 0
1.41667 0 0 0 0
1.42333 0 0 0 0
1.43 0 0 0 0
1.43667 0 0 0 0
1.44333 0 0 0 0
1.45 0 0 0 0
1.45667 0 0 0 0
1.46333 0 0 0 0
1.47 0 0 0 0
1.47667 0 0 0 0
1.48333 0 0 0 0
1.49 0 0 0 0
1.49667 0 0 0 0
1.50333 0 0 0 0
1.51 0 0 0 0
1.51667 0 0 0 0
1.52333 0 0 0 0
1.53 0 0 0 0
1.53667 0 0 0 0
1.54333 0 0 0 0
1.55 0 0 0 0
1.55667 0 0 0 0
1.56333 0 0 0 0
1.57 0 0 0 0
1.57667 0 0 0 0
1.58333 0 0 0 0
1.59 0 0 0 0
1.59667 0 0 0 0
1.60333 0 0 0 0
1.61 0 0 0 0
1.61667 0 0 0 0
1.62333 0 0 0 0
1.63 0 0 0 0
1.63667 0 0 0 0
1.64333 0 0 0 0
1.65 0 0 0 0
1.65667 0 0 0 0
1.66333 0 0 0 0
1.67 0 0 0 0
1.67667 0 0 0 0
1.68333 0 0 0 0
1.69 0 0 0 0
1.69667 0 0 0 0
1.70333 0 0 0 0
1.71 0 0 0 0
1.71667 0 0 0 0
1.72333 0 0 0 0
1.73 0 0 0 0
1.73667 0 0 0 0
1.74333 0 0 0 0
1.75 0 0 0 0
1.75667 0 0 0 0
1.76333 0 0 0 0
1.77 0 0 0 0
1.77667 0 0 0 0
1.78333 0 0 0 0
1.79 0 0 0 0
1.79667 0 0 0 0
1.80333 0 0 0 0
1.81 0 0 0 0
1.81667 0 0 0 0
1.82333 0 0 0 0
1.83 0 0 0 0
1.83667 0 0 0 0
1.84333 0 0 0 0
1.85 0 0 0 0
1.85667 0 0 0 0
1.86333 0 0 0 0
1.87 0 0 0 0
1.87667 0 0 0 0
1.88333 0 0 0 0
1.89 0 0 0 0
1.89667 0 0 0 0
1.90333 0 0 0 0
1.91 0 0 0 0
1.91667 0 0 0 0
1.92333 0 0 0 0
1.93 0 0 0 0
1.93667 0 0 0 0
1.94333 0 0 0 0
1.95 0 0 0 0
1.95667 0 0 0 0
1.96333 0 0 0 0
1.97 0 0 0 0
1.97667 0 0 0 0
1.98333 0 0 0 0
1.99 0 0 0 0
1.99667 0 0 0 0
