0.00333333 11 9 37 0
0.01 10 7 34 0
0.0166667 16 12 31 1
0.0233333 15 12 31 1
0.03 15 15 43 0
0.0366667 29 17 54 0
0.0433333 27 36 60 0
0.05 42 37 64 0
0.0566667 49 44 75 0
0.0633333 47 49 102 1
0.07 48 58 96 0
0.0766667 60 44 98 0
0.0833333 67 36 100 0
0.09 58 47 85 0
0.0966667 65 44 98 0
0.103333 51 51 104 0
0.11 54 45 92 0
0.116667 49 57 123 0
0.123333 45 43 103 0
0.13 43 51 98 2
0.136667 35 31 94 0
0.143333 44 32 86 1
0.15 27 20 81 1
0.156667 40 28 84 0
0.163333 35 41 75 0
0.17 29 32 86 0
0.176667 34 38 80 1
0.183333 31 35 81 0
0.19 30 38 99 1
0.196667 28 26 82 0
0.203333 27 37 98 0
0.21 37 24 83 0
0.216667 21 21 94 0
0.223333 29 20 71 0
0.23 29 23 72 0
0.236667 24 31 71 0
0.243333 25 21 57 0
0.25 20 29 65 0
0.256667 15 16 65 0
0.263333 31 28 58 1
0.27 34 19 53 0
0.276667 20 26 45 0
0.283333 15 21 53 0
0.29 20 18 38 1
0.296667 18 11 58 0
0.303333 16 17 53 0
0.31 25 13 43 0
0.316667 18 17 45 0
0.323333 12 21 50 0
0.33 24 15 47 0
0.336667 20 15 57 0
0.343333 22 13 53 0
0.35 20 17 44 0
0.356667 15 19 54 0
0.363333 23 12 28 0
0.37 22 18 39 0
0.376667 17 13 44 0
0.383333 24 13 42 0
0.39 9 20 34 0
0.396667 13 15 35 0
0.403333 20 17 40 0
0.41 11 14 40 0
0.416667 11 11 32 0
0.423333 11 8 32 0
0.43 16 18 29 0
0.436667 16 7 26 0
0.443333 16 12 40 0
0.45 10 13 39 0
0.456667 15 16 40 0
0.463333 16 7 46 0
0.47 9 9 33 0
0.476667 18 12 31 0
0.483333 14 10 21 0
0.49 14 13 22 0
0.496667 13 11 26 0
0.503333 16 6 18 0
0.51 13 8 17 0
0.516667 5 7 19 0
0.523333 7 8 25 0
0.53 10 10 21 0
0.536667 6 15 12 0
0.543333 11 9 14 0
0.55 8 11 14 0
0.556667 7 7 12 0
0.563333 7 6 15 0
0.57 7 2 13 0
0.576667 11 6 14 0
0.583333 8 7 19 0
0.59 9 7 14 0
0.596667 7 6 14 0
0.603333 5 9 14 0
0.61 9 9 12 1
0.616667 9 8 14 0
0.623333 6 5 15 0
0.63 9 12 8 0
0.636667 9 1 9 0
0.643333 7 7 14 1
0.65 12 6 23 0
0.656667 2 5 4 0
0.663333 210 198 1208 0
0.67 0 0 0 0
0.676667 0 0 0 0
0.683333 0 0 0 0
0.69 0 0 0 0
0.696667 0 0 0 0
0.703333 0 0 0 0
0.71 0 0 0 0
0.716667 0 0 0 0
0.723333 0 0 0 0
0.73 0 0 0 0
0.736667 0 0 0 0
0.743333 0 0 0 0
0.75 0 0 0 0
0.756667 0 0 0 0
0.763333 0 0 0 0
0.77 0 0 0 0
0.776667 0 0 0 0
0.783333 0 0 0 0
0.79 0 0 0 0
0.796667 0 0 0 0
0.803333 0 0 0 0
0.81 0 0 0 0
0.816667 0 0 0 0
0.823333 0 0 0 0
0.83 0 0 0 0
0.836667 0 0 0 0
0.843333 0 0 0 0
0.85 0 0 0 0
0.856667 0 0 0 0
0.863333 0 0 0 0
0.87 0 0 0 0
0.876667 0 0 0 0
0.883333 0 0 0 0
0.89 0 0 0 0
0.896667 0 0 0 0
0.903333 0 0 0 0
0.91 0 0 0 0
0.916667 0 0 0 0
0.923333 0 0 0 0
0.93 0 0 0 0
0.936667 0 0 0 0
0.943333 0 0 0 0
0.95 0 0 0 0
0.956667 0 0 0 0
0.963333 0 0 0 0
0.97 0 0 0 0
0.976667 0 0 0 0
0.983333 0 0 0 0
0.99 0 0 0 0
0.996667 0 0 0 0
1.00333 0 0 0 0
1.01 0 0 0 0
1.01667 0 0 0 0
1.02333 0 0 0 0
1.03 0 0 0 0
1.03667 0 0 0 0
1.04333 0 0 0 0
1.05 0 0 0 0
1.05667 0 0 0 0
1.06333 0 0 0 0
1.07 0 0 0 0
1.07667 0 0 0 0
1.08333 0 0 0 0
1.09 0 0 0 0
1.09667 0 0 0 0
1.10333 0 0 0 0
1.11 0 0 0 0
1.11667 0 0 0 0
1.12333 0 0 0 0
1.13 0 0 0 0
1.13667 0 0 0 0
1.14333 0 0 0 0
1.15 0 0 0 0
1.15667 0 0 0 0
1.16333 0 0 0 0
1.17 0 0 0 0
1.17667 0 0 0 0
1.18333 0 0 0 0
1.19 0 0 0 0
1.19667 0 0 0 0
1.20333 0 0 0 0
1.21 0 0 0 0
1.21667 0 0 0 0
1.22333 0 0 0 0
1.23 0 0 0 0
1.23667 0 0 0 0
1.24333 0 0 0 0
1.25 0 0 0 0
1.25667 0 0 0 0
1.26333 0 0 0 0
1.27 0 0 0 0
1.27667 0 0 0 0
1.28333 0 0 0 0
1.29 0 0 0 0
1.29667 0 0 0 0
1.30333 0 0 0 0
1.31 0 0 0 0
1.31667 0 0 0 0
1.32333 0 0 0 0
1.33 0 0 0 0
1.33667 0 0 0 0
1.34333 0 0 0 0
1.35 0 0 0 0
1.35667 0 0 0 0
1.36333 0 0 0 0
1.37 0 0 0 0
1.37667 0 0 0 0
1.38333 0 0 0 0
1.39 0 0 0 0
1.39667 0 0 0 0
1.40333 0 0 0 0
1.41 0 0 0 0
1.41667 0 0 0 0
1.42333 0 0 0 0
1.43 0 0 0 0
1.43667 0 0 0 0
1.44333 0 0 0 0
1.45 0 0 0 0
1.45667 0 0 0 0
1.46333 0 0 0 0
1.47 0 0 0 0
1.47667 0 0 0 0
1.48333 0 0 0 0
1.49 0 0 0 0
1.49667 0 0 0 0
1.50333 0 0 0 0
1.51 0 0 0 0
1.51667 0 0 0 0
1.52333 0 0 0 0
1.53 0 0 0 0
1.53667 0 0 0 0
1.54333 0 0 0 0
1.55 0 0 0 0
1.55667 0 0 0 0
1.56333 0 0 0 0
1.57 0 0 0 0
1.57667 0 0 0 0
1.58333 0 0 0 0
1.59 0 0 0 0
1.59667 0 0 0 0
1.60333 0 0 0 0
1.61 0 0 0 0
1.61667 0 0 0 0
1.62333 0 0 0 0
1.63 0 0 0 0
1.63667 0 0 0 0
1.64333 0 0 0 0
1.65 0 0 0 0
1.65667 0 0 0 0
1.66333 0 0 0 0
1.67 0 0 0 0
1.67667 0 0 0 0
1.68333 0 0 0 0
1.69 0 0 0 0
1.69667 0 0 0 0
1.70333 0 0 0 0
1.71 0 0 0 0
1.71667 0 0 0 0
1.72333 0 0 0 0
1.73 0 0 0 0
1.73667 0 0 0 0
1.74333 0 0 0 0
1.75 0 0 0 0
1.75667 0 0 0 0
1.76333 0 0 0 0
1.77 0 0 0 0
1.77667 0 0 0 0
1.78333 0 0 0 0
1.79 0 0 0 0
1.79667 0 0 0 0
1.80333 0 0 0 0
1.81 0 0 0 0
1.81667 0 0 0 0
1.82333 0 0 0 0
1.83 0 0 0 0
1.83667 0 0 0 0
1.84333 0 0 0 0
1.85 0 0 0 0
1.85667 0 0 0 0
1.86333 0 0 0 0
1.87 0 0 0 0
1.87667 0 0 0 0
1.88333 0 0 0 0
1.89 0 0 0 0
1.89667 0 0 0 0
1.90333 0 0 0 0
1.91 0 0 0 0
1.91667 0 0 0 0
1.92333 0 0 0 0
1.93 0 0 0 0
1.93667 0 0 0 0
1.94333 0 0 0 0
1.95 0 0 0 0
1.95667 0 0 0 0
1.96333 0 0 0 0
1.97 0 0 0 0
1.97667 0 0 0 0
1.98333 0 0 0 0
1.99 0 0 0 0
1.99667 0 0 0 0
