0.00333333 0 4 6 86
0.01 0 4 8 96
0.0166667 0 5 10 101
0.0233333 0 5 12 88
0.03 0 5 10 81
0.0366667 0 5 13 110
0.0433333 1 5 26 89
0.05 0 14 18 121
0.0566667 2 9 38 125
0.0633333 2 10 32 124
0.07 1 10 28 167
0.0766667 0 12 29 125
0.0833333 1 9 24 159
0.09 3 10 30 142
0.0966667 2 8 38 148
0.103333 1 12 33 146
0.11 4 9 34 148
0.116667 0 7 24 172
0.123333 2 9 31 199
0.13 1 9 20 184
0.136667 1 13 26 157
0.143333 0 14 27 175
0.15 2 13 21 147
0.156667 2 10 26 160
0.163333 0 6 18 159
0.17 2 10 15 174
0.176667 0 7 22 165
0.183333 2 11 27 160
0.19 0 8 13 157
0.196667 1 13 23 190
0.203333 1 15 26 183
0.21 1 13 20 195
0.216667 0 10 15 205
0.223333 1 6 11 194
0.23 0 13 16 181
0.236667 1 12 24 169
0.243333 2 5 15 157
0.25 1 5 20 158
0.256667 1 10 17 160
0.263333 1 8 22 158
0.27 0 11 14 129
0.276667 0 8 21 127
0.283333 0 7 11 152
0.29 2 10 19 128
0.296667 0 10 15 117
0.303333 1 12 11 130
0.31 0 11 18 144
0.316667 1 10 19 131
0.323333 0 5 20 104
0.33 0 11 14 107
0.336667 1 3 16 120
0.343333 1 10 12 106
0.35 0 10 15 127
0.356667 1 10 7 98
0.363333 1 6 12 105
0.37 2 6 4 112
0.376667 2 9 13 93
0.383333 1 10 12 113
0.39 1 6 11 100
0.396667 1 5 19 94
0.403333 3 6 14 99
0.41 1 5 13 111
0.416667 1 5 14 103
0.423333 1 8 12 99
0.43 0 11 12 93
0.436667 1 9 9 87
0.443333 1 5 8 98
0.45 0 6 9 98
0.456667 1 9 6 87
0.463333 0 7 8 106
0.47 0 8 10 99
0.476667 0 7 15 103
0.483333 1 5 6 51
0.49 0 3 10 54
0.496667 1 3 5 50
0.503333 1 5 4 46
0.51 0 4 7 36
0.516667 1 3 11 55
0.523333 0 4 4 44
0.53 0 1 3 36
0.536667 1 0 12 41
0.543333 1 2 4 42
0.55 0 4 5 42
0.556667 0 1 3 40
0.563333 0 5 8 41
0.57 1 0 11 33
0.576667 2 6 10 34
0.583333 1 3 5 40
0.59 0 2 9 39
0.596667 1 3 6 29
0.603333 0 0 5 39
0.61 1 6 7 36
0.616667 0 5 6 35
0.623333 1 2 6 36
0.63 0 1 7 42
0.636667 0 5 6 44
0.643333 1 9 5 28
0.65 2 8 7 36
0.656667 0 6 10 30
0.663333 10 229 204 4607
0.67 0 0 0 0
0.676667 0 0 0 0
0.683333 0 0 0 0
0.69 0 0 0 0
0.696667 0 0 0 0
0.703333 0 0 0 0
0.71 0 0 0 0
0.716667 0 0 0 0
0.723333 0 0 0 0
0.73 0 0 0 0
0.736667 0 0 0 0
0.743333 0 0 0 0
0.75 0 0 0 0
0.756667 0 0 0 0
0.763333 0 0 0 0
0.77 0 0 0 0
0.776667 0 0 0 0
0.783333 0 0 0 0
0.79 0 0 0 0
0.796667 0 0 0 0
0.803333 0 0 0 0
0.81 0 0 0 0
0.816667 0 0 0 0
0.823333 0 0 0 0
0.83 0 0 0 0
0.836667 0 0 0 0
0.843333 0 0 0 0
0.85 0 0 0 0
0.856667 0 0 0 0
0.863333 0 0 0 0
0.87 0 0 0 0
0.876667 0 0 0 0
0.883333 0 0 0 0
0.89 0 0 0 0
0.896667 0 0 0 0
0.903333 0 0 0 0
0.91 0 0 0 0
0.916667 0 0 0 0
0.923333 0 0 0 0
0.93 0 0 0 0
0.936667 0 0 0 0
0.943333 0 0 0 0
0.95 0 0 0 0
0.956667 0 0 0 0
0.963333 0 0 0 0
0.97 0 0 0 0
0.976667 0 0 0 0
0.983333 0 0 0 0
0.99 0 0 0 0
0.996667 0 0 0 0
1.00333 0 0 0 0
1.01 0 0 0 0
1.01667 0 0 0 0
1.02333 0 0 0 0
1.03 0 0 0 0
1.03667 0 0 0 0
1.04333 0 0 0 0
1.05 0 0 0 0
1.05667 0 0 0 0
1.06333 0 0 0 0
1.07 0 0 0 0
1.07667 0 0 0 0
1.08333 0 0 0 0
1.09 0 0 0 0
1.09667 0 0 0 0
1.10333 0 0 0 0
1.11 0 0 0 0
1.11667 0 0 0 0
1.12333 0 0 0 0
1.13 0 0 0 0
1.13667 0 0 0 0
1.14333 0 0 0 0
1.15 0 0 0 0
1.15667 0 0 0 0
1.16333 0 0 0 0
1.17 0 0 0 0
1.17667 0 0 0 0
1.18333 0 0 0 0
1.19 0 0 0 0
1.19667 0 0 0 0
1.20333 0 0 0 0
1.21 0 0 0 0
1.21667 0 0 0 0
1.22333 0 0 0 0
1.23 0 0 0 0
1.23667 0 0 0 0
1.24333 0 0 0 0
1.25 0 0 0 0
1.25667 0 0 0 0
1.26333 0 0 0 0
1.27 0 0 0 0
1.27667 0 0 0 0
1.28333 0 0 0 0
1.29 0 0 0 0
1.29667 0 0 0 0
1.30333 0 0 0 0
1.31 0 0 0 0
1.31667 0 0 0 0
1.32333 0 0 0 0
1.33 0 0 0 0
1.33667 0 0 0 0
1.34333 0 0 0 0
1.35 0 0 0 0
1.35667 0 0 0 0
1.36333 0 0 0 0
1.37 0 0 0 0
1.37667 0 0 0 0
1.38333 0 0 0 0
1.39 0 0 0 0
1.39667 0 0 0 0
1.40333 0 0 0 0
1.41 0 0 0 0
1.41667 0 0 0 0
1.42333 0 0 0 0
1.43 0 0 0 0
1.43667 0 0 0 0
1.44333 0 0 0 0
1.45 0 0 0 0
1.45667 0 0 0 0
1.46333 0 0 0 0
1.47 0 0 0 0
1.47667 0 0 0 0
1.48333 0 0 0 0
1.49 0 0 0 0
1.49667 0 0 0 0
1.50333 0 0 0 0
1.51 0 0 0 0
1.51667 0 0 0 0
1.52333 0 0 0 0
1.53 0 0 0 0
1.53667 0 0 0 0
1.54333 0 0 0 0
1.55 0 0 0 0
1.55667 0 0 0 0
1.56333 0 0 0 0
1.57 0 0 0 0
1.57667 0 0 0 0
1.58333 0 0 0 0
1.59 0 0 0 0
1.59667 0 0 0 0
1.60333 0 0 0 0
1.61 0 0 0 0
1.61667 0 0 0 0
1.62333 0 0 0 0
1.63 0 0 0 0
1.63667 0 0 0 0
1.64333 0 0 0 0
1.65 0 0 0 0
1.65667 0 0 0 0
1.66333 0 0 0 0
1.67 0 0 0 0
1.67667 0 0 0 0
1.68333 0 0 0 0
1.69 0 0 0 0
1.69667 0 0 0 0
1.70333 0 0 0 0
1.71 0 0 0 0
1.71667 0 0 0 0
1.72333 0 0 0 0
1.73 0 0 0 0
1.73667 0 0 0 0
1.74333 0 0 0 0
1.75 0 0 0 0
1.75667 0 0 0 0
1.76333 0 0 0 0
1.77 0 0 0 0
1.77667 0 0 0 0
1.78333 0 0 0 0
1.79 0 0 0 0
1.79667 0 0 0 0
1.80333 0 0 0 0
1.81 0 0 0 0
1.81667 0 0 0 0
1.82333 0 0 0 0
1.83 0 0 0 0
1.83667 0 0 0 0
1.84333 0 0 0 0
1.85 0 0 0 0
1.85667 0 0 0 0
1.86333 0 0 0 0
1.87 0 0 0 0
1.87667 0 0 0 0
1.88333 0 0 0 0
1.89 0 0 0 0
1.89667 0 0 0 0
1.90333 0 0 0 0
1.91 0 0 0 0
1.91667 0 0 0 0
1.92333 0 0 0 0
1.93 0 0 0 0
1.93667 0 0 0 0
1.94333 0 0 0 0
1.95 0 0 0 0
1.95667 0 0 0 0
1.96333 0 0 0 0
1.97 0 0 0 0
1.97667 0 0 0 0
1.98333 0 0 0 0
1.99 0 0 0 0
1.99667 0 0 0 0
