0.00333333 1 27 17 88
0.01 6 34 14 73
0.0166667 5 25 26 94
0.0233333 2 38 25 93
0.03 2 29 29 130
0.0366667 0 27 35 79
0.0433333 3 44 49 141
0.05 8 44 56 147
0.0566667 4 43 71 160
0.0633333 9 48 67 169
0.07 10 59 59 178
0.0766667 6 43 84 182
0.0833333 5 46 66 182
0.09 8 50 73 194
0.0966667 6 44 79 184
0.103333 1 64 73 176
0.11 6 68 89 212
0.116667 8 53 70 229
0.123333 3 54 80 238
0.13 2 48 46 219
0.136667 5 53 59 221
0.143333 9 48 68 222
0.15 2 64 48 194
0.156667 5 66 60 197
0.163333 2 49 61 222
0.17 5 46 54 226
0.176667 6 56 42 211
0.183333 4 58 45 250
0.19 4 66 50 308
0.196667 5 65 49 292
0.203333 1 50 35 264
0.21 3 65 43 250
0.216667 7 65 48 247
0.223333 5 63 32 228
0.23 7 55 31 213
0.236667 9 40 40 202
0.243333 6 59 31 177
0.25 3 41 28 163
0.256667 3 37 47 136
0.263333 3 40 35 157
0.27 2 42 35 164
0.276667 4 29 32 155
0.283333 3 40 28 178
0.29 3 33 35 144
0.296667 5 41 27 128
0.303333 3 48 36 128
0.31 4 37 29 127
0.316667 4 26 42 122
0.323333 3 39 35 127
0.33 1 48 19 115
0.336667 2 28 30 124
0.343333 0 42 23 126
0.35 2 29 31 119
0.356667 4 35 27 121
0.363333 4 38 31 110
0.37 2 33 18 106
0.376667 1 22 20 111
0.383333 1 34 21 113
0.39 3 36 26 103
0.396667 2 33 27 122
0.403333 0 34 24 98
0.41 4 35 35 98
0.416667 3 23 33 106
0.423333 3 33 26 109
0.43 5 37 20 100
0.436667 0 36 20 109
0.443333 2 33 22 107
0.45 2 37 18 104
0.456667 1 34 21 97
0.463333 0 28 26 95
0.47 4 26 25 102
0.476667 1 34 16 93
0.483333 2 12 16 41
0.49 1 10 17 53
0.496667 3 11 14 52
0.503333 3 13 9 43
0.51 1 10 9 38
0.516667 0 8 11 35
0.523333 2 12 11 34
0.53 1 7 9 30
0.536667 2 12 10 26
0.543333 1 9 13 23
0.55 0 12 12 24
0.556667 2 11 8 27
0.563333 1 7 15 35
0.57 1 13 15 34
0.576667 1 9 17 31
0.583333 2 12 22 30
0.59 0 8 13 22
0.596667 0 11 10 24
0.603333 2 9 8 30
0.61 1 11 11 26
0.616667 3 7 11 21
0.623333 0 8 7 23
0.63 1 12 7 34
0.636667 1 15 10 40
0.643333 2 9 4 24
0.65 0 7 8 27
0.656667 0 7 11 16
0.663333 35 1205 362 5250
0.67 0 0 0 0
0.676667 0 0 0 0
0.683333 0 0 0 0
0.69 0 0 0 0
0.696667 0 0 0 0
0.703333 0 0 0 0
0.71 0 0 0 0
0.716667 0 0 0 0
0.723333 0 0 0 0
0.73 0 0 0 0
0.736667 0 0 0 0
0.743333 0 0 0 0
0.75 0 0 0 0
0.756667 0 0 0 0
0.763333 0 0 0 0
0.77 0 0 0 0
0.776667 0 0 0 0
0.783333 0 0 0 0
0.79 0 0 0 0
0.796667 0 0 0 0
0.803333 0 0 0 0
0.81 0 0 0 0
0.816667 0 0 0 0
0.823333 0 0 0 0
0.83 0 0 0 0
0.836667 0 0 0 0
0.843333 0 0 0 0
0.85 0 0 0 0
0.856667 0 0 0 0
0.863333 0 0 0 0
0.87 0 0 0 0
0.876667 0 0 0 0
0.883333 0 0 0 0
0.89 0 0 0 0
0.896667 0 0 0 0
0.903333 0 0 0 0
0.91 0 0 0 0
0.916667 0 0 0 0
0.923333 0 0 0 0
0.93 0 0 0 0
0.936667 0 0 0 0
0.943333 0 0 0 0
0.95 0 0 0 0
0.956667 0 0 0 0
0.963333 0 0 0 0
0.97 0 0 0 0
0.976667 0 0 0 0
0.983333 0 0 0 0
0.99 0 0 0 0
0.996667 0 0 0 0
1.00333 0 0 0 0
1.01 0 0 0 0
1.01667 0 0 0 0
1.02333 0 0 0 0
1.03 0 0 0 0
1.03667 0 0 0 0
1.04333 0 0 0 0
1.05 0 0 0 0
1.05667 0 0 0 0
1.06333 0 0 0 0
1.07 0 0 0 0
1.07667 0 0 0 0
1.08333 0 0 0 0
1.09 0 0 0 0
1.09667 0 0 0 0
1.10333 0 0 0 0
1.11 0 0 0 0
1.11667 0 0 0 0
1.12333 0 0 0 0
1.13 0 0 0 0
1.13667 0 0 0 0
1.14333 0 0 0 0
1.15 0 0 0 0
1.15667 0 0 0 0
1.16333 0 0 0 0
1.17 0 0 0 0
1.17667 0 0 0 0
1.18333 0 0 0 0
1.19 0 0 0 0
1.19667 0 0 0 0
1.20333 0 0 0 0
1.21 0 0 0 0
1.21667 0 0 0 0
1.22333 0 0 0 0
1.23 0 0 0 0
1.23667 0 0 0 0
1.24333 0 0 0 0
1.25 0 0 0 0
1.25667 0 0 0 0
1.26333 0 0 0 0
1.27 0 0 0 0
1.27667 0 0 0 0
1.28333 0 0 0 0
1.29 0 0 0 0
1.29667 0 0 0 0
1.30333 0 0 0 0
1.31 0 0 0 0
1.31667 0 0 0 0
1.32333 0 0 0 0
1.33 0 0 0 0
1.33667 0 0 0 0
1.34333 0 0 0 0
1.35 0 0 0 0
1.35667 0 0 0 0
1.36333 0 0 0 0
1.37 0 0 0 0
1.37667 0 0 0 0
1.38333 0 0 0 0
1.39 0 0 0 0
1.39667 0 0 0 0
1.40333 0 0 0 0
1.41 0 0 0 0
1.41667 0 0 0 0
1.42333 0 0 0 0
1.43 0 0 0 0
1.43667 0 0 0 0
1.44333 0 0 0 0
1.45 0 0 0 0
1.45667 0 0 0 0
1.46333 0 0 0 0
1.47 0 0 0 0
1.47667 0 0 0 0
1.48333 0 0 0 0
1.49 0 0 0 0
1.49667 0 0 0 0
1.50333 0 0 0 0
1.51 0 0 0 0
1.51667 0 0 0 0
1.52333 0 0 0 0
1.53 0 0 0 0
1.53667 0 0 0 0
1.54333 0 0 0 0
1.55 0 0 0 0
1.55667 0 0 0 0
1.56333 0 0 0 0
1.57 0 0 0 0
1.57667 0 0 0 0
1.58333 0 0 0 0
1.59 0 0 0 0
1.59667 0 0 0 0
1.60333 0 0 0 0
1.61 0 0 0 0
1.61667 0 0 0 0
1.62333 0 0 0 0
1.63 0 0 0 0
1.63667 0 0 0 0
1.64333 0 0 0 0
1.65 0 0 0 0
1.65667 0 0 0 0
1.66333 0 0 0 0
1.67 0 0 0 0
1.67667 0 0 0 0
1.68333 0 0 0 0
1.69 0 0 0 0
1.69667 0 0 0 0
1.70333 0 0 0 0
1.71 0 0 0 0
1.71667 0 0 0 0
1.72333 0 0 0 0
1.73 0 0 0 0
1.73667 0 0 0 0
1.74333 0 0 0 0
1.75 0 0 0 0
1.75667 0 0 0 0
1.76333 0 0 0 0
1.77 0 0 0 0
1.77667 0 0 0 0
1.78333 0 0 0 0
1.79 0 0 0 0
1.79667 0 0 0 0
1.80333 0 0 0 0
1.81 0 0 0 0
1.81667 0 0 0 0
1.82333 0 0 0 0
1.83 0 0 0 0
1.83667 0 0 0 0
1.84333 0 0 0 0
1.85 0 0 0 0
1.85667 0 0 0 0
1.86333 0 0 0 0
1.87 0 0 0 0
1.87667 0 0 0 0
1.88333 0 0 0 0
1.89 0 0 0 0
1.89667 0 0 0 0
1.90333 0 0 0 0
1.91 0 0 0 0
1.91667 0 0 0 0
1.92333 0 0 0 0
1.93 0 0 0 0
1.93667 0 0 0 0
1.94333 0 0 0 0
1.95 0 0 0 0
1.95667 0 0 0 0
1.96333 0 0 0 0
1.97 0 0 0 0
1.97667 0 0 0 0
1.98333 0 0 0 0
1.99 0 0 0 0
1.99667 0 0 0 0
