0.00333333 13 78 13 11
0.01 24 105 15 7
0.0166667 28 87 24 13
0.0233333 25 97 22 10
0.03 27 120 35 10
0.0366667 42 130 32 18
0.0433333 53 201 48 25
0.05 69 210 39 17
0.0566667 102 235 61 29
0.0633333 99 279 82 31
0.07 105 335 61 20
0.0766667 83 320 82 35
0.0833333 110 334 78 37
0.09 91 308 62 36
0.0966667 89 328 74 40
0.103333 98 308 71 37
0.11 97 310 85 26
0.116667 98 324 78 35
0.123333 85 321 65 36
0.13 73 292 65 33
0.136667 71 312 64 24
0.143333 80 302 61 33
0.15 72 268 40 34
0.156667 66 302 48 24
0.163333 60 269 42 25
0.17 56 268 40 32
0.176667 57 229 44 30
0.183333 54 274 47 34
0.19 60 309 50 35
0.196667 60 276 52 31
0.203333 50 262 46 27
0.21 61 240 45 17
0.216667 46 254 47 20
0.223333 58 226 33 27
0.23 54 214 31 21
0.236667 53 235 33 22
0.243333 52 198 37 19
0.25 42 180 38 24
0.256667 35 174 34 25
0.263333 50 176 33 16
0.27 33 145 27 13
0.276667 34 156 29 17
0.283333 33 146 28 13
0.29 34 137 34 14
0.296667 26 151 26 14
0.303333 40 136 25 13
0.31 48 128 31 14
0.316667 43 107 13 10
0.323333 27 125 22 9
0.33 29 122 22 18
0.336667 30 112 22 16
0.343333 31 87 16 12
0.35 26 124 23 14
0.356667 27 111 20 11
0.363333 39 110 24 8
0.37 32 109 26 14
0.376667 24 93 22 18
0.383333 18 91 22 7
0.39 27 80 18 5
0.396667 28 87 16 11
0.403333 30 89 16 10
0.41 29 96 23 13
0.416667 23 109 20 13
0.423333 16 88 23 6
0.43 18 87 16 19
0.436667 18 86 14 10
0.443333 25 96 22 8
0.45 19 97 21 13
0.456667 20 93 21 17
0.463333 19 75 12 13
0.47 20 78 15 12
0.476667 21 75 13 7
0.483333 12 67 14 5
0.49 18 45 13 6
0.496667 8 50 10 4
0.503333 14 51 21 9
0.51 17 43 9 8
0.516667 14 40 15 11
0.523333 16 51 9 9
0.53 20 59 5 4
0.536667 17 43 14 6
0.543333 8 38 8 13
0.55 16 35 5 10
0.556667 10 40 14 7
0.563333 13 49 10 7
0.57 14 44 9 7
0.576667 13 42 8 14
0.583333 14 40 8 10
0.59 12 54 10 6
0.596667 17 41 8 3
0.603333 8 35 7 11
0.61 12 41 11 5
0.616667 8 46 9 11
0.623333 11 40 10 10
0.63 7 35 6 6
0.636667 11 49 8 7
0.643333 8 27 10 5
0.65 9 24 11 7
0.656667 14 27 5 6
0.663333 430 3133 336 236
0.67 0 0 0 0
0.676667 0 0 0 0
0.683333 0 0 0 0
0.69 0 0 0 0
0.696667 0 0 0 0
0.703333 0 0 0 0
0.71 0 0 0 0
0.716667 0 0 0 0
0.723333 0 0 0 0
0.73 0 0 0 0
0.736667 0 0 0 0
0.743333 0 0 0 0
0.75 0 0 0 0
0.756667 0 0 0 0
0.763333 0 0 0 0
0.77 0 0 0 0
0.776667 0 0 0 0
0.783333 0 0 0 0
0.79 0 0 0 0
0.796667 0 0 0 0
0.803333 0 0 0 0
0.81 0 0 0 0
0.816667 0 0 0 0
0.823333 0 0 0 0
0.83 0 0 0 0
0.836667 0 0 0 0
0.843333 0 0 0 0
0.85 0 0 0 0
0.856667 0 0 0 0
0.863333 0 0 0 0
0.87 0 0 0 0
0.876667 0 0 0 0
0.883333 0 0 0 0
0.89 0 0 0 0
0.896667 0 0 0 0
0.903333 0 0 0 0
0.91 0 0 0 0
0.916667 0 0 0 0
0.923333 0 0 0 0
0.93 0 0 0 0
0.936667 0 0 0 0
0.943333 0 0 0 0
0.95 0 0 0 0
0.956667 0 0 0 0
0.963333 0 0 0 0
0.97 0 0 0 0
0.976667 0 0 0 0
0.983333 0 0 0 0
0.99 0 0 0 0
0.996667 0 0 0 0
1.00333 0 0 0 0
1.01 0 0 0 0
1.01667 0 0 0 0
1.02333 0 0 0 0
1.03 0 0 0 0
1.03667 0 0 0 0
1.04333 0 0 0 0
1.05 0 0 0 0
1.05667 0 0 0 0
1.06333 0 0 0 0
1.07 0 0 0 0
1.07667 0 0 0 0
1.08333 0 0 0 0
1.09 0 0 0 0
1.09667 0 0 0 0
1.10333 0 0 0 0
1.11 0 0 0 0
1.11667 0 0 0 0
1.12333 0 0 0 0
1.13 0 0 0 0
1.13667 0 0 0 0
1.14333 0 0 0 0
1.15 0 0 0 0
1.15667 0 0 0 0
1.16333 0 0 0 0
1.17 0 0 0 0
1.17667 0 0 0 0
1.18333 0 0 0 0
1.19 0 0 0 0
1.19667 0 0 0 0
1.20333 0 0 0 0
1.21 0 0 0 0
1.21667 0 0 0 0
1.22333 0 0 0 0
1.23 0 0 0 0
1.23667 0 0 0 0
1.24333 0 0 0 0
1.25 0 0 0 0
1.25667 0 0 0 0
1.26333 0 0 0 0
1.27 0 0 0 0
1.27667 0 0 0 0
1.28333 0 0 0 0
1.29 0 0 0 0
1.29667 0 0 0 0
1.30333 0 0 0 0
1.31 0 0 0 0
1.31667 0 0 0 0
1.32333 0 0 0 0
1.33 0 0 0 0
1.33667 0 0 0 0
1.34333 0 0 0 0
1.35 0 0 0 0
1.35667 0 0 0 0
1.36333 0 0 0 0
1.37 0 0 0 0
1.37667 0 0 0 0
1.38333 0 0 0 0
1.39 0 0 0 0
1.39667 0 0 0 0
1.40333 0 0 0 0
1.41 0 0 0 0
1.41667 0 0 0 0
1.42333 0 0 0 0
1.43 0 0 0 0
1.43667 0 0 0 0
1.44333 0 0 0 0
1.45 0 0 0 0
1.45667 0 0 0 0
1.46333 0 0 0 0
1.47 0 0 0 0
1.47667 0 0 0 0
1.48333 0 0 0 0
1.49 0 0 0 0
1.49667 0 0 0 0
1.50333 0 0 0 0
1.51 0 0 0 0
1.51667 0 0 0 0
1.52333 0 0 0 0
1.53 0 0 0 0
1.53667 0 0 0 0
1.54333 0 0 0 0
1.55 0 0 0 0
1.55667 0 0 0 0
1.56333 0 0 0 0
1.57 0 0 0 0
1.57667 0 0 0 0
1.58333 0 0 0 0
1.59 0 0 0 0
1.59667 0 0 0 0
1.60333 0 0 0 0
1.61 0 0 0 0
1.61667 0 0 0 0
1.62333 0 0 0 0
1.63 0 0 0 0
1.63667 0 0 0 0
1.64333 0 0 0 0
1.65 0 0 0 0
1.65667 0 0 0 0
1.66333 0 0 0 0
1.67 0 0 0 0
1.67667 0 0 0 0
1.68333 0 0 0 0
1.69 0 0 0 0
1.69667 0 0 0 0
1.70333 0 0 0 0
1.71 0 0 0 0
1.71667 0 0 0 0
1.72333 0 0 0 0
1.73 0 0 0 0
1.73667 0 0 0 0
1.74333 0 0 0 0
1.75 0 0 0 0
1.75667 0 0 0 0
1.76333 0 0 0 0
1.77 0 0 0 0
1.77667 0 0 0 0
1.78333 0 0 0 0
1.79 0 0 0 0
1.79667 0 0 0 0
1.80333 0 0 0 0
1.81 0 0 0 0
1.81667 0 0 0 0
1.82333 0 0 0 0
1.83 0 0 0 0
1.83667 0 0 0 0
1.84333 0 0 0 0
1.85 0 0 0 0
1.85667 0 0 0 0
1.86333 0 0 0 0
1.87 0 0 0 0
1.87667 0 0 0 0
1.88333 0 0 0 0
1.89 0 0 0 0
1.89667 0 0 0 0
1.90333 0 0 0 0
1.91 0 0 0 0
1.91667 0 0 0 0
1.92333 0 0 0 0
1.93 0 0 0 0
1.93667 0 0 0 0
1.94333 0 0 0 0
1.95 0 0 0 0
1.95667 0 0 0 0
1.96333 0 0 0 0
1.97 0 0 0 0
1.97667 0 0 0 0
1.98333 0 0 0 0
1.99 0 0 0 0
1.99667 0 0 0 0
