0.00333333 7 16 56 25
0.01 6 14 87 33
0.0166667 10 15 69 33
0.0233333 10 24 91 34
0.03 10 23 82 40
0.0366667 11 34 107 37
0.0433333 10 40 138 68
0.05 24 61 213 70
0.0566667 30 92 213 106
0.0633333 24 91 244 90
0.07 29 92 261 122
0.0766667 23 86 285 134
0.0833333 33 69 285 124
0.09 25 80 262 132
0.0966667 30 78 271 117
0.103333 27 66 262 131
0.11 28 78 267 116
0.116667 31 80 290 128
0.123333 26 73 292 119
0.13 30 61 232 115
0.136667 22 58 251 86
0.143333 25 68 214 98
0.15 28 50 217 101
0.156667 23 64 226 87
0.163333 19 65 198 92
0.17 26 62 183 88
0.176667 17 56 190 93
0.183333 17 52 210 76
0.19 25 56 231 100
0.196667 25 59 207 77
0.203333 17 55 209 83
0.21 20 43 174 71
0.216667 16 46 179 65
0.223333 17 63 200 65
0.23 13 40 143 55
0.236667 13 57 151 59
0.243333 11 36 153 69
0.25 28 35 138 44
0.256667 14 41 110 59
0.263333 10 36 132 44
0.27 14 44 121 61
0.276667 10 32 122 41
0.283333 7 32 129 51
0.29 9 40 124 52
0.296667 7 27 122 43
0.303333 6 22 90 57
0.31 14 32 120 42
0.316667 9 26 91 47
0.323333 10 33 96 36
0.33 13 25 100 39
0.336667 6 33 103 38
0.343333 8 20 96 39
0.35 9 29 68 52
0.356667 8 30 84 30
0.363333 9 25 86 33
0.37 11 19 82 33
0.376667 9 33 66 34
0.383333 12 16 81 36
0.39 10 21 83 26
0.396667 8 18 69 29
0.403333 5 23 69 37
0.41 7 16 63 34
0.416667 8 26 54 41
0.423333 12 26 51 26
0.43 9 26 62 32
0.436667 9 16 75 42
0.443333 9 22 79 29
0.45 7 26 67 22
0.456667 5 17 78 31
0.463333 13 18 63 30
0.47 11 12 65 30
0.476667 10 17 57 31
0.483333 7 15 56 25
0.49 6 18 54 12
0.496667 6 15 50 22
0.503333 12 14 36 24
0.51 5 20 37 17
0.516667 7 13 39 16
0.523333 5 9 39 16
0.53 4 13 25 16
0.536667 5 14 37 12
0.543333 4 14 39 20
0.55 4 13 35 18
0.556667 2 8 36 21
0.563333 8 8 34 8
0.57 1 15 36 11
0.576667 5 10 24 13
0.583333 9 11 39 18
0.59 3 13 37 12
0.596667 5 12 31 17
0.603333 4 9 31 13
0.61 4 13 32 12
0.616667 4 11 35 16
0.623333 1 15 25 14
0.63 4 16 20 11
0.636667 3 13 32 17
0.643333 5 11 38 12
0.65 3 7 42 11
0.656667 5 14 31 12
0.663333 144 409 2049 619
0.67 0 0 0 0
0.676667 0 0 0 0
0.683333 0 0 0 0
0.69 0 0 0 0
0.696667 0 0 0 0
0.703333 0 0 0 0
0.71 0 0 0 0
0.716667 0 0 0 0
0.723333 0 0 0 0
0.73 0 0 0 0
0.736667 0 0 0 0
0.743333 0 0 0 0
0.75 0 0 0 0
0.756667 0 0 0 0
0.763333 0 0 0 0
0.77 0 0 0 0
0.776667 0 0 0 0
0.783333 0 0 0 0
0.79 0 0 0 0
0.796667 0 0 0 0
0.803333 0 0 0 0
0.81 0 0 0 0
0.816667 0 0 0 0
0.823333 0 0 0 0
0.83 0 0 0 0
0.836667 0 0 0 0
0.843333 0 0 0 0
0.85 0 0 0 0
0.856667 0 0 0 0
0.863333 0 0 0 0
0.87 0 0 0 0
0.876667 0 0 0 0
0.883333 0 0 0 0
0.89 0 0 0 0
0.896667 0 0 0 0
0.903333 0 0 0 0
0.91 0 0 0 0
0.916667 0 0 0 0
0.923333 0 0 0 0
0.93 0 0 0 0
0.936667 0 0 0 0
0.943333 0 0 0 0
0.95 0 0 0 0
0.956667 0 0 0 0
0.963333 0 0 0 0
0.97 0 0 0 0
0.976667 0 0 0 0
0.983333 0 0 0 0
0.99 0 0 0 0
0.996667 0 0 0 0
1.00333 0 0 0 0
1.01 0 0 0 0
1.01667 0 0 0 0
1.02333 0 0 0 0
1.03 0 0 0 0
1.03667 0 0 0 0
1.04333 0 0 0 0
1.05 0 0 0 0
1.05667 0 0 0 0
1.06333 0 0 0 0
1.07 0 0 0 0
1.07667 0 0 0 0
1.08333 0 0 0 0
1.09 0 0 0 0
1.09667 0 0 0 0
1.10333 0 0 0 0
1.11 0 0 0 0
1.11667 0 0 0 0
1.12333 0 0 0 0
1.13 0 0 0 0
1.13667 0 0 0 0
1.14333 0 0 0 0
1.15 0 0 0 0
1.15667 0 0 0 0
1.16333 0 0 0 0
1.17 0 0 0 0
1.17667 0 0 0 0
1.18333 0 0 0 0
1.19 0 0 0 0
1.19667 0 0 0 0
1.20333 0 0 0 0
1.21 0 0 0 0
1.21667 0 0 0 0
1.22333 0 0 0 0
1.23 0 0 0 0
1.23667 0 0 0 0
1.24333 0 0 0 0
1.25 0 0 0 0
1.25667 0 0 0 0
1.26333 0 0 0 0
1.27 0 0 0 0
1.27667 0 0 0 0
1.28333 0 0 0 0
1.29 0 0 0 0
1.29667 0 0 0 0
1.30333 0 0 0 0
1.31 0 0 0 0
1.31667 0 0 0 0
1.32333 0 0 0 0
1.33 0 0 0 0
1.33667 0 0 0 0
1.34333 0 0 0 0
1.35 0 0 0 0
1.35667 0 0 0 0
1.36333 0 0 0 0
1.37 0 0 0 0
1.37667 0 0 0 0
1.38333 0 0 0 0
1.39 0 0 0 0
1.39667 0 0 0 0
1.40333 0 0 0 0
1.41 0 0 0 0
1.41667 0 0 0 0
1.42333 0 0 0 0
1.43 0 0 0 0
1.43667 0 0 0 0
1.44333 0 0 0 0
1.45 0 0 0 0
1.45667 0 0 0 0
1.46333 0 0 0 0
1.47 0 0 0 0
1.47667 0 0 0 0
1.48333 0 0 0 0
1.49 0 0 0 0
1.49667 0 0 0 0
1.50333 0 0 0 0
1.51 0 0 0 0
1.51667 0 0 0 0
1.52333 0 0 0 0
1.53 0 0 0 0
1.53667 0 0 0 0
1.54333 0 0 0 0
1.55 0 0 0 0
1.55667 0 0 0 0
1.56333 0 0 0 0
1.57 0 0 0 0
1.57667 0 0 0 0
1.58333 0 0 0 0
1.59 0 0 0 0
1.59667 0 0 0 0
1.60333 0 0 0 0
1.61 0 0 0 0
1.61667 0 0 0 0
1.62333 0 0 0 0
1.63 0 0 0 0
1.63667 0 0 0 0
1.64333 0 0 0 0
1.65 0 0 0 0
1.65667 0 0 0 0
1.66333 0 0 0 0
1.67 0 0 0 0
1.67667 0 0 0 0
1.68333 0 0 0 0
1.69 0 0 0 0
1.69667 0 0 0 0
1.70333 0 0 0 0
1.71 0 0 0 0
1.71667 0 0 0 0
1.72333 0 0 0 0
1.73 0 0 0 0
1.73667 0 0 0 0
1.74333 0 0 0 0
1.75 0 0 0 0
1.75667 0 0 0 0
1.76333 0 0 0 0
1.77 0 0 0 0
1.77667 0 0 0 0
1.78333 0 0 0 0
1.79 0 0 0 0
1.79667 0 0 0 0
1.80333 0 0 0 0
1.81 0 0 0 0
1.81667 0 0 0 0
1.82333 0 0 0 0
1.83 0 0 0 0
1.83667 0 0 0 0
1.84333 0 0 0 0
1.85 0 0 0 0
1.85667 0 0 0 0
1.86333 0 0 0 0
1.87 0 0 0 0
1.87667 0 0 0 0
1.88333 0 0 0 0
1.89 0 0 0 0
1.89667 0 0 0 0
1.90333 0 0 0 0
1.91 0 0 0 0
1.91667 0 0 0 0
1.92333 0 0 0 0
1.93 0 0 0 0
1.93667 0 0 0 0
1.94333 0 0 0 0
1.95 0 0 0 0
1.95667 0 0 0 0
1.96333 0 0 0 0
1.97 0 0 0 0
1.97667 0 0 0 0
1.98333 0 0 0 0
1.99 0 0 0 0
1.99667 0 0 0 0
