0.00333333 2 7 52 44
0.01 4 13 54 66
0.0166667 3 24 57 63
0.0233333 8 22 71 65
0.03 3 21 74 89
0.0366667 6 22 90 106
0.0433333 5 29 122 125
0.05 12 36 155 160
0.0566667 11 49 164 183
0.0633333 13 57 196 192
0.07 17 56 207 188
0.0766667 13 74 189 202
0.0833333 18 66 191 219
0.09 12 63 220 230
0.0966667 12 50 202 203
0.103333 15 66 178 215
0.11 13 57 211 212
0.116667 17 68 181 236
0.123333 16 55 194 189
0.13 15 58 178 219
0.136667 12 61 177 185
0.143333 20 59 150 201
0.15 11 37 166 163
0.156667 12 52 148 193
0.163333 9 46 146 164
0.17 15 47 158 150
0.176667 8 40 137 182
0.183333 12 64 157 153
0.19 8 52 160 170
0.196667 11 39 120 188
0.203333 8 32 114 199
0.21 7 41 142 144
0.216667 12 33 123 160
0.223333 10 31 119 132
0.23 6 38 98 138
0.236667 6 39 107 123
0.243333 5 24 118 118
0.25 10 35 113 125
0.256667 6 29 98 113
0.263333 6 30 94 115
0.27 10 29 96 78
0.276667 5 28 94 99
0.283333 8 36 80 92
0.29 4 32 90 81
0.296667 3 24 76 105
0.303333 6 18 88 80
0.31 2 28 77 72
0.316667 5 25 91 76
0.323333 4 25 71 85
0.33 5 21 80 78
0.336667 5 23 67 76
0.343333 6 36 73 86
0.35 1 15 64 78
0.356667 9 24 53 88
0.363333 6 27 69 86
0.37 4 15 60 55
0.376667 8 33 58 71
0.383333 11 21 47 60
0.39 6 15 53 53
0.396667 10 27 68 74
0.403333 5 17 54 66
0.41 4 24 44 58
0.416667 8 20 45 77
0.423333 4 17 52 57
0.43 1 22 59 67
0.436667 4 23 61 60
0.443333 7 20 50 54
0.45 6 17 52 61
0.456667 5 17 46 50
0.463333 3 18 43 52
0.47 7 22 62 48
0.476667 5 13 50 41
0.483333 4 21 30 45
0.49 1 10 33 29
0.496667 4 10 42 49
0.503333 5 11 41 39
0.51 0 13 27 34
0.516667 1 13 31 35
0.523333 5 8 36 36
0.53 3 9 28 37
0.536667 1 8 30 30
0.543333 4 8 26 36
0.55 1 10 25 31
0.556667 1 6 31 25
0.563333 5 6 27 30
0.57 0 11 25 18
0.576667 3 9 26 24
0.583333 3 8 28 29
0.59 1 7 24 22
0.596667 6 8 32 17
0.603333 4 7 27 31
0.61 1 3 19 24
0.616667 2 7 18 29
0.623333 1 10 28 27
0.63 3 7 18 30
0.636667 1 11 30 29
0.643333 2 5 25 25
0.65 2 8 25 24
0.656667 0 6 22 25
0.663333 61 416 1251 1679
0.67 0 0 0 0
0.676667 0 0 0 0
0.683333 0 0 0 0
0.69 0 0 0 0
0.696667 0 0 0 0
0.703333 0 0 0 0
0.71 0 0 0 0
0.716667 0 0 0 0
0.723333 0 0 0 0
0.73 0 0 0 0
0.736667 0 0 0 0
0.743333 0 0 0 0
0.75 0 0 0 0
0.756667 0 0 0 0
0.763333 0 0 0 0
0.77 0 0 0 0
0.776667 0 0 0 0
0.783333 0 0 0 0
0.79 0 0 0 0
0.796667 0 0 0 0
0.803333 0 0 0 0
0.81 0 0 0 0
0.816667 0 0 0 0
0.823333 0 0 0 0
0.83 0 0 0 0
0.836667 0 0 0 0
0.843333 0 0 0 0
0.85 0 0 0 0
0.856667 0 0 0 0
0.863333 0 0 0 0
0.87 0 0 0 0
0.876667 0 0 0 0
0.883333 0 0 0 0
0.89 0 0 0 0
0.896667 0 0 0 0
0.903333 0 0 0 0
0.91 0 0 0 0
0.916667 0 0 0 0
0.923333 0 0 0 0
0.93 0 0 0 0
0.936667 0 0 0 0
0.943333 0 0 0 0
0.95 0 0 0 0
0.956667 0 0 0 0
0.963333 0 0 0 0
0.97 0 0 0 0
0.976667 0 0 0 0
0.983333 0 0 0 0
0.99 0 0 0 0
0.996667 0 0 0 0
1.00333 0 0 0 0
1.01 0 0 0 0
1.01667 0 0 0 0
1.02333 0 0 0 0
1.03 0 0 0 0
1.03667 0 0 0 0
1.04333 0 0 0 0
1.05 0 0 0 0
1.05667 0 0 0 0
1.06333 0 0 0 0
1.07 0 0 0 0
1.07667 0 0 0 0
1.08333 0 0 0 0
1.09 0 0 0 0
1.09667 0 0 0 0
1.10333 0 0 0 0
1.11 0 0 0 0
1.11667 0 0 0 0
1.12333 0 0 0 0
1.13 0 0 0 0
1.13667 0 0 0 0
1.14333 0 0 0 0
1.15 0 0 0 0
1.15667 0 0 0 0
1.16333 0 0 0 0
1.17 0 0 0 0
1.17667 0 0 0 0
1.18333 0 0 0 0
1.19 0 0 0 0
1.19667 0 0 0 0
1.20333 0 0 0 0
1.21 0 0 0 0
1.21667 0 0 0 0
1.22333 0 0 0 0
1.23 0 0 0 0
1.23667 0 0 0 0
1.24333 0 0 0 0
1.25 0 0 0 0
1.25667 0 0 0 0
1.26333 0 0 0 0
1.27 0 0 0 0
1.27667 0 0 0 0
1.28333 0 0 0 0
1.29 0 0 0 0
1.29667 0 0 0 0
1.30333 0 0 0 0
1.31 0 0 0 0
1.31667 0 0 0 0
1.32333 0 0 0 0
1.33 0 0 0 0
1.33667 0 0 0 0
1.34333 0 0 0 0
1.35 0 0 0 0
1.35667 0 0 0 0
1.36333 0 0 0 0
1.37 0 0 0 0
1.37667 0 0 0 0
1.38333 0 0 0 0
1.39 0 0 0 0
1.39667 0 0 0 0
1.40333 0 0 0 0
1.41 0 0 0 0
1.41667 0 0 0 0
1.42333 0 0 0 0
1.43 0 0 0 0
1.43667 0 0 0 0
1.44333 0 0 0 0
1.45 0 0 0 0
1.45667 0 0 0 0
1.46333 0 0 0 0
1.47 0 0 0 0
1.47667 0 0 0 0
1.48333 0 0 0 0
1.49 0 0 0 0
1.49667 0 0 0 0
1.50333 0 0 0 0
1.51 0 0 0 0
1.51667 0 0 0 0
1.52333 0 0 0 0
1.53 0 0 0 0
1.53667 0 0 0 0
1.54333 0 0 0 0
1.55 0 0 0 0
1.55667 0 0 0 0
1.56333 0 0 0 0
1.57 0 0 0 0
1.57667 0 0 0 0
1.58333 0 0 0 0
1.59 0 0 0 0
1.59667 0 0 0 0
1.60333 0 0 0 0
1.61 0 0 0 0
1.61667 0 0 0 0
1.62333 0 0 0 0
1.63 0 0 0 0
1.63667 0 0 0 0
1.64333 0 0 0 0
1.65 0 0 0 0
1.65667 0 0 0 0
1.66333 0 0 0 0
1.67 0 0 0 0
1.67667 0 0 0 0
1.68333 0 0 0 0
1.69 0 0 0 0
1.69667 0 0 0 0
1.70333 0 0 0 0
1.71 0 0 0 0
1.71667 0 0 0 0
1.72333 0 0 0 0
1.73 0 0 0 0
1.73667 0 0 0 0
1.74333 0 0 0 0
1.75 0 0 0 0
1.75667 0 0 0 0
1.76333 0 0 0 0
1.77 0 0 0 0
1.77667 0 0 0 0
1.78333 0 0 0 0
1.79 0 0 0 0
1.79667 0 0 0 0
1.80333 0 0 0 0
1.81 0 0 0 0
1.81667 0 0 0 0
1.82333 0 0 0 0
1.83 0 0 0 0
1.83667 0 0 0 0
1.84333 0 0 0 0
1.85 0 0 0 0
1.85667 0 0 0 0
1.86333 0 0 0 0
1.87 0 0 0 0
1.87667 0 0 0 0
1.88333 0 0 0 0
1.89 0 0 0 0
1.89667 0 0 0 0
1.90333 0 0 0 0
1.91 0 0 0 0
1.91667 0 0 0 0
1.92333 0 0 0 0
1.93 0 0 0 0
1.93667 0 0 0 0
1.94333 0 0 0 0
1.95 0 0 0 0
1.95667 0 0 0 0
1.96333 0 0 0 0
1.97 0 0 0 0
1.97667 0 0 0 0
1.98333 0 0 0 0
1.99 0 0 0 0
1.99667 0 0 0 0
