0.00333333 18 135 9 9
0.01 23 136 14 10
0.0166667 31 149 18 14
0.0233333 31 174 12 9
0.03 34 178 22 9
0.0366667 45 184 15 8
0.0433333 51 210 29 11
0.05 78 223 27 12
0.0566667 90 312 35 20
0.0633333 100 340 31 14
0.07 98 366 52 29
0.0766667 128 374 44 20
0.0833333 104 445 34 31
0.09 113 429 33 23
0.0966667 89 410 33 19
0.103333 118 428 33 27
0.11 105 435 33 16
0.116667 101 435 39 21
0.123333 75 404 37 32
0.13 87 445 28 31
0.136667 95 423 21 18
0.143333 81 394 30 20
0.15 74 411 26 18
0.156667 61 387 19 27
0.163333 70 426 27 24
0.17 60 396 20 12
0.176667 60 395 28 26
0.183333 60 448 27 20
0.19 66 527 18 25
0.196667 59 520 17 21
0.203333 44 474 23 22
0.21 60 453 30 17
0.216667 46 401 17 22
0.223333 59 399 20 18
0.23 50 370 22 13
0.236667 60 349 21 24
0.243333 54 319 18 14
0.25 47 316 23 11
0.256667 41 266 16 20
0.263333 48 255 12 18
0.27 29 230 19 14
0.276667 47 243 13 15
0.283333 34 245 11 18
0.29 48 255 9 13
0.296667 32 219 15 12
0.303333 42 186 20 6
0.31 31 234 12 10
0.316667 37 230 9 11
0.323333 40 183 8 11
0.33 37 167 11 15
0.336667 34 171 11 9
0.343333 32 183 13 9
0.35 31 172 12 13
0.356667 17 159 14 10
0.363333 31 166 9 6
0.37 33 163 13 11
0.376667 31 184 15 7
0.383333 22 159 6 8
0.39 25 154 13 14
0.396667 28 152 8 10
0.403333 28 148 4 14
0.41 38 147 8 8
0.416667 32 136 5 12
0.423333 28 151 12 5
0.43 24 151 10 5
0.436667 18 151 6 12
0.443333 31 145 9 10
0.45 25 158 10 8
0.456667 21 153 10 8
0.463333 20 150 5 8
0.47 22 170 7 14
0.476667 24 137 7 7
0.483333 23 92 5 6
0.49 20 80 5 6
0.496667 20 95 6 4
0.503333 18 64 7 10
0.51 25 73 6 11
0.516667 26 69 5 5
0.523333 9 70 7 7
0.53 15 69 10 3
0.536667 21 52 7 6
0.543333 12 60 2 9
0.55 14 63 4 0
0.556667 12 54 6 6
0.563333 12 65 4 7
0.57 13 63 7 5
0.576667 6 47 5 6
0.583333 13 59 6 5
0.59 12 55 8 6
0.596667 16 55 13 5
0.603333 11 55 2 3
0.61 11 61 8 2
0.616667 6 50 4 4
0.623333 14 45 3 4
0.63 15 50 5 5
0.636667 12 65 5 2
0.643333 13 33 2 4
0.65 11 45 9 3
0.656667 11 45 3 5
0.663333 461 6797 128 248
0.67 0 0 0 0
0.676667 0 0 0 0
0.683333 0 0 0 0
0.69 0 0 0 0
0.696667 0 0 0 0
0.703333 0 0 0 0
0.71 0 0 0 0
0.716667 0 0 0 0
0.723333 0 0 0 0
0.73 0 0 0 0
0.736667 0 0 0 0
0.743333 0 0 0 0
0.75 0 0 0 0
0.756667 0 0 0 0
0.763333 0 0 0 0
0.77 0 0 0 0
0.776667 0 0 0 0
0.783333 0 0 0 0
0.79 0 0 0 0
0.796667 0 0 0 0
0.803333 0 0 0 0
0.81 0 0 0 0
0.816667 0 0 0 0
0.823333 0 0 0 0
0.83 0 0 0 0
0.836667 0 0 0 0
0.843333 0 0 0 0
0.85 0 0 0 0
0.856667 0 0 0 0
0.863333 0 0 0 0
0.87 0 0 0 0
0.876667 0 0 0 0
0.883333 0 0 0 0
0.89 0 0 0 0
0.896667 0 0 0 0
0.903333 0 0 0 0
0.91 0 0 0 0
0.916667 0 0 0 0
0.923333 0 0 0 0
0.93 0 0 0 0
0.936667 0 0 0 0
0.943333 0 0 0 0
0.95 0 0 0 0
0.956667 0 0 0 0
0.963333 0 0 0 0
0.97 0 0 0 0
0.976667 0 0 0 0
0.983333 0 0 0 0
0.99 0 0 0 0
0.996667 0 0 0 0
1.00333 0 0 0 0
1.01 0 0 0 0
1.01667 0 0 0 0
1.02333 0 0 0 0
1.03 0 0 0 0
1.03667 0 0 0 0
1.04333 0 0 0 0
1.05 0 0 0 0
1.05667 0 0 0 0
1.06333 0 0 0 0
1.07 0 0 0 0
1.07667 0 0 0 0
1.08333 0 0 0 0
1.09 0 0 0 0
1.09667 0 0 0 0
1.10333 0 0 0 0
1.11 0 0 0 0
1.11667 0 0 0 0
1.12333 0 0 0 0
1.13 0 0 0 0
1.13667 0 0 0 0
1.14333 0 0 0 0
1.15 0 0 0 0
1.15667 0 0 0 0
1.16333 0 0 0 0
1.17 0 0 0 0
1.17667 0 0 0 0
1.18333 0 0 0 0
1.19 0 0 0 0
1.19667 0 0 0 0
1.20333 0 0 0 0
1.21 0 0 0 0
1.21667 0 0 0 0
1.22333 0 0 0 0
1.23 0 0 0 0
1.23667 0 0 0 0
1.24333 0 0 0 0
1.25 0 0 0 0
1.25667 0 0 0 0
1.26333 0 0 0 0
1.27 0 0 0 0
1.27667 0 0 0 0
1.28333 0 0 0 0
1.29 0 0 0 0
1.29667 0 0 0 0
1.30333 0 0 0 0
1.31 0 0 0 0
1.31667 0 0 0 0
1.32333 0 0 0 0
1.33 0 0 0 0
1.33667 0 0 0 0
1.34333 0 0 0 0
1.35 0 0 0 0
1.35667 0 0 0 0
1.36333 0 0 0 0
1.37 0 0 0 0
1.37667 0 0 0 0
1.38333 0 0 0 0
1.39 0 0 0 0
1.39667 0 0 0 0
1.40333 0 0 0 0
1.41 0 0 0 0
1.41667 0 0 0 0
1.42333 0 0 0 0
1.43 0 0 0 0
1.43667 0 0 0 0
1.44333 0 0 0 0
1.45 0 0 0 0
1.45667 0 0 0 0
1.46333 0 0 0 0
1.47 0 0 0 0
1.47667 0 0 0 0
1.48333 0 0 0 0
1.49 0 0 0 0
1.49667 0 0 0 0
1.50333 0 0 0 0
1.51 0 0 0 0
1.51667 0 0 0 0
1.52333 0 0 0 0
1.53 0 0 0 0
1.53667 0 0 0 0
1.54333 0 0 0 0
1.55 0 0 0 0
1.55667 0 0 0 0
1.56333 0 0 0 0
1.57 0 0 0 0
1.57667 0 0 0 0
1.58333 0 0 0 0
1.59 0 0 0 0
1.59667 0 0 0 0
1.60333 0 0 0 0
1.61 0 0 0 0
1.61667 0 0 0 0
1.62333 0 0 0 0
1.63 0 0 0 0
1.63667 0 0 0 0
1.64333 0 0 0 0
1.65 0 0 0 0
1.65667 0 0 0 0
1.66333 0 0 0 0
1.67 0 0 0 0
1.67667 0 0 0 0
1.68333 0 0 0 0
1.69 0 0 0 0
1.69667 0 0 0 0
1.70333 0 0 0 0
1.71 0 0 0 0
1.71667 0 0 0 0
1.72333 0 0 0 0
1.73 0 0 0 0
1.73667 0 0 0 0
1.74333 0 0 0 0
1.75 0 0 0 0
1.75667 0 0 0 0
1.76333 0 0 0 0
1.77 0 0 0 0
1.77667 0 0 0 0
1.78333 0 0 0 0
1.79 0 0 0 0
1.79667 0 0 0 0
1.80333 0 0 0 0
1.81 0 0 0 0
1.81667 0 0 0 0
1.82333 0 0 0 0
1.83 0 0 0 0
1.83667 0 0 0 0
1.84333 0 0 0 0
1.85 0 0 0 0
1.85667 0 0 0 0
1.86333 0 0 0 0
1.87 0 0 0 0
1.87667 0 0 0 0
1.88333 0 0 0 0
1.89 0 0 0 0
1.89667 0 0 0 0
1.90333 0 0 0 0
1.91 0 0 0 0
1.91667 0 0 0 0
1.92333 0 0 0 0
1.93 0 0 0 0
1.93667 0 0 0 0
1.94333 0 0 0 0
1.95 0 0 0 0
1.95667 0 0 0 0
1.96333 0 0 0 0
1.97 0 0 0 0
1.97667 0 0 0 0
1.98333 0 0 0 0
1.99 0 0 0 0
1.99667 0 0 0 0
