0.00333333 2 11 4 112
0.01 1 32 8 120
0.0166667 2 27 8 110
0.0233333 1 35 10 123
0.03 2 36 10 108
0.0366667 4 16 11 122
0.0433333 5 38 16 126
0.05 8 38 25 117
0.0566667 4 36 25 136
0.0633333 2 42 22 126
0.07 10 47 37 135
0.0766667 6 33 31 142
0.0833333 7 56 31 155
0.09 7 53 34 149
0.0966667 9 43 28 138
0.103333 2 43 35 159
0.11 9 37 42 128
0.116667 4 41 32 154
0.123333 8 39 33 133
0.13 3 49 20 141
0.136667 5 46 20 155
0.143333 6 46 23 138
0.15 4 52 22 164
0.156667 3 49 21 137
0.163333 3 38 28 162
0.17 5 47 22 168
0.176667 7 58 14 160
0.183333 7 58 29 156
0.19 6 60 24 226
0.196667 3 47 21 258
0.203333 8 47 21 271
0.21 3 40 22 206
0.216667 0 47 13 198
0.223333 4 52 15 189
0.23 3 56 21 141
0.236667 2 47 8 158
0.243333 4 49 18 146
0.25 4 41 13 157
0.256667 5 49 17 145
0.263333 5 34 13 135
0.27 2 34 15 131
0.276667 5 33 14 115
0.283333 7 30 14 120
0.29 3 35 22 128
0.296667 2 49 10 134
0.303333 2 39 13 95
0.31 5 36 12 111
0.316667 1 38 16 119
0.323333 3 31 13 110
0.33 4 35 5 122
0.336667 0 41 22 93
0.343333 2 29 13 108
0.35 2 31 11 115
0.356667 5 30 12 126
0.363333 4 28 10 128
0.37 3 26 10 110
0.376667 3 29 9 108
0.383333 6 27 8 103
0.39 3 22 8 131
0.396667 4 22 17 107
0.403333 2 31 9 115
0.41 2 15 12 124
0.416667 3 30 12 126
0.423333 2 25 16 127
0.43 1 24 6 135
0.436667 3 28 13 116
0.443333 1 27 16 115
0.45 0 33 11 157
0.456667 8 40 7 109
0.463333 6 25 17 152
0.47 1 25 10 160
0.476667 3 20 16 126
0.483333 3 13 6 36
0.49 1 14 8 56
0.496667 2 7 13 39
0.503333 0 14 9 35
0.51 1 11 8 32
0.516667 2 5 8 29
0.523333 0 7 7 28
0.53 2 8 6 27
0.536667 6 3 11 26
0.543333 2 5 5 27
0.55 0 5 7 25
0.556667 1 4 9 21
0.563333 3 3 7 21
0.57 3 9 10 21
0.576667 2 7 15 25
0.583333 2 10 4 18
0.59 1 2 9 16
0.596667 1 2 8 14
0.603333 0 4 5 16
0.61 2 3 3 13
0.616667 2 3 3 14
0.623333 1 5 7 17
0.63 2 5 6 20
0.636667 0 7 8 29
0.643333 0 1 12 21
0.65 2 2 11 15
0.656667 1 2 6 10
0.663333 39 2010 206 9452
0.67 0 0 0 0
0.676667 0 0 0 0
0.683333 0 0 0 0
0.69 0 0 0 0
0.696667 0 0 0 0
0.703333 0 0 0 0
0.71 0 0 0 0
0.716667 0 0 0 0
0.723333 0 0 0 0
0.73 0 0 0 0
0.736667 0 0 0 0
0.743333 0 0 0 0
0.75 0 0 0 0
0.756667 0 0 0 0
0.763333 0 0 0 0
0.77 0 0 0 0
0.776667 0 0 0 0
0.783333 0 0 0 0
0.79 0 0 0 0
0.796667 0 0 0 0
0.803333 0 0 0 0
0.81 0 0 0 0
0.816667 0 0 0 0
0.823333 0 0 0 0
0.83 0 0 0 0
0.836667 0 0 0 0
0.843333 0 0 0 0
0.85 0 0 0 0
0.856667 0 0 0 0
0.863333 0 0 0 0
0.87 0 0 0 0
0.876667 0 0 0 0
0.883333 0 0 0 0
0.89 0 0 0 0
0.896667 0 0 0 0
0.903333 0 0 0 0
0.91 0 0 0 0
0.916667 0 0 0 0
0.923333 0 0 0 0
0.93 0 0 0 0
0.936667 0 0 0 0
0.943333 0 0 0 0
0.95 0 0 0 0
0.956667 0 0 0 0
0.963333 0 0 0 0
0.97 0 0 0 0
0.976667 0 0 0 0
0.983333 0 0 0 0
0.99 0 0 0 0
0.996667 0 0 0 0
1.00333 0 0 0 0
1.01 0 0 0 0
1.01667 0 0 0 0
1.02333 0 0 0 0
1.03 0 0 0 0
1.03667 0 0 0 0
1.04333 0 0 0 0
1.05 0 0 0 0
1.05667 0 0 0 0
1.06333 0 0 0 0
1.07 0 0 0 0
1.07667 0 0 0 0
1.08333 0 0 0 0
1.09 0 0 0 0
1.09667 0 0 0 0
1.10333 0 0 0 0
1.11 0 0 0 0
1.11667 0 0 0 0
1.12333 0 0 0 0
1.13 0 0 0 0
1.13667 0 0 0 0
1.14333 0 0 0 0
1.15 0 0 0 0
1.15667 0 0 0 0
1.16333 0 0 0 0
1.17 0 0 0 0
1.17667 0 0 0 0
1.18333 0 0 0 0
1.19 0 0 0 0
1.19667 0 0 0 0
1.20333 0 0 0 0
1.21 0 0 0 0
1.21667 0 0 0 0
1.22333 0 0 0 0
1.23 0 0 0 0
1.23667 0 0 0 0
1.24333 0 0 0 0
1.25 0 0 0 0
1.25667 0 0 0 0
1.26333 0 0 0 0
1.27 0 0 0 0
1.27667 0 0 0 0
1.28333 0 0 0 0
1.29 0 0 0 0
1.29667 0 0 0 0
1.30333 0 0 0 0
1.31 0 0 0 0
1.31667 0 0 0 0
1.32333 0 0 0 0
1.33 0 0 0 0
1.33667 0 0 0 0
1.34333 0 0 0 0
1.35 0 0 0 0
1.35667 0 0 0 0
1.36333 0 0 0 0
1.37 0 0 0 0
1.37667 0 0 0 0
1.38333 0 0 0 0
1.39 0 0 0 0
1.39667 0 0 0 0
1.40333 0 0 0 0
1.41 0 0 0 0
1.41667 0 0 0 0
1.42333 0 0 0 0
1.43 0 0 0 0
1.43667 0 0 0 0
1.44333 0 0 0 0
1.45 0 0 0 0
1.45667 0 0 0 0
1.46333 0 0 0 0
1.47 0 0 0 0
1.47667 0 0 0 0
1.48333 0 0 0 0
1.49 0 0 0 0
1.49667 0 0 0 0
1.50333 0 0 0 0
1.51 0 0 0 0
1.51667 0 0 0 0
1.52333 0 0 0 0
1.53 0 0 0 0
1.53667 0 0 0 0
1.54333 0 0 0 0
1.55 0 0 0 0
1.55667 0 0 0 0
1.56333 0 0 0 0
1.57 0 0 0 0
1.57667 0 0 0 0
1.58333 0 0 0 0
1.59 0 0 0 0
1.59667 0 0 0 0
1.60333 0 0 0 0
1.61 0 0 0 0
1.61667 0 0 0 0
1.62333 0 0 0 0
1.63 0 0 0 0
1.63667 0 0 0 0
1.64333 0 0 0 0
1.65 0 0 0 0
1.65667 0 0 0 0
1.66333 0 0 0 0
1.67 0 0 0 0
1.67667 0 0 0 0
1.68333 0 0 0 0
1.69 0 0 0 0
1.69667 0 0 0 0
1.70333 0 0 0 0
1.71 0 0 0 0
1.71667 0 0 0 0
1.72333 0 0 0 0
1.73 0 0 0 0
1.73667 0 0 0 0
1.74333 0 0 0 0
1.75 0 0 0 0
1.75667 0 0 0 0
1.76333 0 0 0 0
1.77 0 0 0 0
1.77667 0 0 0 0
1.78333 0 0 0 0
1.79 0 0 0 0
1.79667 0 0 0 0
1.80333 0 0 0 0
1.81 0 0 0 0
1.81667 0 0 0 0
1.82333 0 0 0 0
1.83 0 0 0 0
1.83667 0 0 0 0
1.84333 0 0 0 0
1.85 0 0 0 0
1.85667 0 0 0 0
1.86333 0 0 0 0
1.87 0 0 0 0
1.87667 0 0 0 0
1.88333 0 0 0 0
1.89 0 0 0 0
1.89667 0 0 0 0
1.90333 0 0 0 0
1.91 0 0 0 0
1.91667 0 0 0 0
1.92333 0 0 0 0
1.93 0 0 0 0
1.93667 0 0 0 0
1.94333 0 0 0 0
1.95 0 0 0 0
1.95667 0 0 0 0
1.96333 0 0 0 0
1.97 0 0 0 0
1.97667 0 0 0 0
1.98333 0 0 0 0
1.99 0 0 0 0
1.99667 0 0 0 0
