0.00333333 4 16 11 106
0.01 1 23 11 102
0.0166667 4 28 12 126
0.0233333 1 19 16 99
0.03 0 22 9 114
0.0366667 5 23 12 115
0.0433333 4 26 18 106
0.05 2 27 26 108
0.0566667 2 37 25 129
0.0633333 5 25 20 130
0.07 10 28 31 149
0.0766667 4 32 35 152
0.0833333 7 42 29 140
0.09 8 36 27 150
0.0966667 11 38 34 150
0.103333 6 36 42 138
0.11 7 44 39 136
0.116667 5 47 38 143
0.123333 6 36 40 173
0.13 5 46 23 136
0.136667 6 52 30 154
0.143333 8 35 23 155
0.15 6 49 16 145
0.156667 3 41 19 162
0.163333 3 56 32 161
0.17 5 49 21 159
0.176667 5 32 15 173
0.183333 7 54 24 178
0.19 4 46 32 246
0.196667 5 57 12 251
0.203333 1 49 26 201
0.21 3 46 14 207
0.216667 3 38 14 221
0.223333 4 48 16 189
0.23 2 38 19 179
0.236667 3 42 15 165
0.243333 8 45 15 160
0.25 2 44 20 157
0.256667 2 40 21 126
0.263333 2 41 18 141
0.27 1 37 23 128
0.276667 3 37 12 124
0.283333 2 38 11 117
0.29 1 30 17 110
0.296667 3 36 15 104
0.303333 2 25 12 107
0.31 4 32 17 118
0.316667 1 32 16 118
0.323333 1 33 14 95
0.33 3 25 19 109
0.336667 3 41 11 107
0.343333 3 28 18 97
0.35 3 31 20 101
0.356667 3 29 11 120
0.363333 1 33 18 101
0.37 1 31 17 110
0.376667 3 30 14 118
0.383333 4 27 16 105
0.39 1 23 11 117
0.396667 1 25 16 102
0.403333 3 25 12 97
0.41 6 34 9 124
0.416667 1 23 13 110
0.423333 0 23 16 121
0.43 3 34 9 102
0.436667 1 26 13 143
0.443333 1 25 7 126
0.45 2 26 8 116
0.456667 2 24 12 114
0.463333 4 29 8 154
0.47 1 26 13 149
0.476667 1 23 6 125
0.483333 1 14 9 40
0.49 1 14 6 49
0.496667 3 11 10 33
0.503333 0 10 5 27
0.51 1 6 6 35
0.516667 1 4 8 23
0.523333 1 5 8 36
0.53 1 10 6 29
0.536667 1 5 7 25
0.543333 1 0 10 29
0.55 2 5 10 20
0.556667 3 3 8 22
0.563333 4 3 6 20
0.57 2 3 10 11
0.576667 0 3 7 26
0.583333 0 6 7 16
0.59 1 6 6 17
0.596667 1 5 6 20
0.603333 0 4 5 18
0.61 2 2 1 17
0.616667 1 6 5 18
0.623333 2 3 5 10
0.63 0 8 5 25
0.636667 0 6 4 24
0.643333 2 2 4 18
0.65 2 2 7 16
0.656667 2 3 6 19
0.663333 30 1815 217 8713
0.67 0 0 0 0
0.676667 0 0 0 0
0.683333 0 0 0 0
0.69 0 0 0 0
0.696667 0 0 0 0
0.703333 0 0 0 0
0.71 0 0 0 0
0.716667 0 0 0 0
0.723333 0 0 0 0
0.73 0 0 0 0
0.736667 0 0 0 0
0.743333 0 0 0 0
0.75 0 0 0 0
0.756667 0 0 0 0
0.763333 0 0 0 0
0.77 0 0 0 0
0.776667 0 0 0 0
0.783333 0 0 0 0
0.79 0 0 0 0
0.796667 0 0 0 0
0.803333 0 0 0 0
0.81 0 0 0 0
0.816667 0 0 0 0
0.823333 0 0 0 0
0.83 0 0 0 0
0.836667 0 0 0 0
0.843333 0 0 0 0
0.85 0 0 0 0
0.856667 0 0 0 0
0.863333 0 0 0 0
0.87 0 0 0 0
0.876667 0 0 0 0
0.883333 0 0 0 0
0.89 0 0 0 0
0.896667 0 0 0 0
0.903333 0 0 0 0
0.91 0 0 0 0
0.916667 0 0 0 0
0.923333 0 0 0 0
0.93 0 0 0 0
0.936667 0 0 0 0
0.943333 0 0 0 0
0.95 0 0 0 0
0.956667 0 0 0 0
0.963333 0 0 0 0
0.97 0 0 0 0
0.976667 0 0 0 0
0.983333 0 0 0 0
0.99 0 0 0 0
0.996667 0 0 0 0
1.00333 0 0 0 0
1.01 0 0 0 0
1.01667 0 0 0 0
1.02333 0 0 0 0
1.03 0 0 0 0
1.03667 0 0 0 0
1.04333 0 0 0 0
1.05 0 0 0 0
1.05667 0 0 0 0
1.06333 0 0 0 0
1.07 0 0 0 0
1.07667 0 0 0 0
1.08333 0 0 0 0
1.09 0 0 0 0
1.09667 0 0 0 0
1.10333 0 0 0 0
1.11 0 0 0 0
1.11667 0 0 0 0
1.12333 0 0 0 0
1.13 0 0 0 0
1.13667 0 0 0 0
1.14333 0 0 0 0
1.15 0 0 0 0
1.15667 0 0 0 0
1.16333 0 0 0 0
1.17 0 0 0 0
1.17667 0 0 0 0
1.18333 0 0 0 0
1.19 0 0 0 0
1.19667 0 0 0 0
1.20333 0 0 0 0
1.21 0 0 0 0
1.21667 0 0 0 0
1.22333 0 0 0 0
1.23 0 0 0 0
1.23667 0 0 0 0
1.24333 0 0 0 0
1.25 0 0 0 0
1.25667 0 0 0 0
1.26333 0 0 0 0
1.27 0 0 0 0
1.27667 0 0 0 0
1.28333 0 0 0 0
1.29 0 0 0 0
1.29667 0 0 0 0
1.30333 0 0 0 0
1.31 0 0 0 0
1.31667 0 0 0 0
1.32333 0 0 0 0
1.33 0 0 0 0
1.33667 0 0 0 0
1.34333 0 0 0 0
1.35 0 0 0 0
1.35667 0 0 0 0
1.36333 0 0 0 0
1.37 0 0 0 0
1.37667 0 0 0 0
1.38333 0 0 0 0
1.39 0 0 0 0
1.39667 0 0 0 0
1.40333 0 0 0 0
1.41 0 0 0 0
1.41667 0 0 0 0
1.42333 0 0 0 0
1.43 0 0 0 0
1.43667 0 0 0 0
1.44333 0 0 0 0
1.45 0 0 0 0
1.45667 0 0 0 0
1.46333 0 0 0 0
1.47 0 0 0 0
1.47667 0 0 0 0
1.48333 0 0 0 0
1.49 0 0 0 0
1.49667 0 0 0 0
1.50333 0 0 0 0
1.51 0 0 0 0
1.51667 0 0 0 0
1.52333 0 0 0 0
1.53 0 0 0 0
1.53667 0 0 0 0
1.54333 0 0 0 0
1.55 0 0 0 0
1.55667 0 0 0 0
1.56333 0 0 0 0
1.57 0 0 0 0
1.57667 0 0 0 0
1.58333 0 0 0 0
1.59 0 0 0 0
1.59667 0 0 0 0
1.60333 0 0 0 0
1.61 0 0 0 0
1.61667 0 0 0 0
1.62333 0 0 0 0
1.63 0 0 0 0
1.63667 0 0 0 0
1.64333 0 0 0 0
1.65 0 0 0 0
1.65667 0 0 0 0
1.66333 0 0 0 0
1.67 0 0 0 0
1.67667 0 0 0 0
1.68333 0 0 0 0
1.69 0 0 0 0
1.69667 0 0 0 0
1.70333 0 0 0 0
1.71 0 0 0 0
1.71667 0 0 0 0
1.72333 0 0 0 0
1.73 0 0 0 0
1.73667 0 0 0 0
1.74333 0 0 0 0
1.75 0 0 0 0
1.75667 0 0 0 0
1.76333 0 0 0 0
1.77 0 0 0 0
1.77667 0 0 0 0
1.78333 0 0 0 0
1.79 0 0 0 0
1.79667 0 0 0 0
1.80333 0 0 0 0
1.81 0 0 0 0
1.81667 0 0 0 0
1.82333 0 0 0 0
1.83 0 0 0 0
1.83667 0 0 0 0
1.84333 0 0 0 0
1.85 0 0 0 0
1.85667 0 0 0 0
1.86333 0 0 0 0
1.87 0 0 0 0
1.87667 0 0 0 0
1.88333 0 0 0 0
1.89 0 0 0 0
1.89667 0 0 0 0
1.90333 0 0 0 0
1.91 0 0 0 0
1.91667 0 0 0 0
1.92333 0 0 0 0
1.93 0 0 0 0
1.93667 0 0 0 0
1.94333 0 0 0 0
1.95 0 0 0 0
1.95667 0 0 0 0
1.96333 0 0 0 0
1.97 0 0 0 0
1.97667 0 0 0 0
1.98333 0 0 0 0
1.99 0 0 0 0
1.99667 0 0 0 0
