0.00333333 6 55 19 26
0.01 8 61 10 23
0.0166667 7 65 23 26
0.0233333 7 61 16 37
0.03 5 83 28 32
0.0366667 9 84 41 46
0.0433333 19 100 57 72
0.05 23 115 70 64
0.0566667 16 131 96 73
0.0633333 25 156 101 98
0.07 23 167 93 77
0.0766667 25 133 85 79
0.0833333 23 174 106 96
0.09 33 172 124 94
0.0966667 16 156 93 84
0.103333 23 147 68 90
0.11 26 153 92 89
0.116667 17 196 81 102
0.123333 28 166 78 103
0.13 14 173 81 93
0.136667 13 181 62 93
0.143333 20 173 68 79
0.15 22 152 61 85
0.156667 21 158 62 78
0.163333 15 171 63 71
0.17 23 151 67 97
0.176667 15 172 68 92
0.183333 19 195 55 101
0.19 14 211 59 100
0.196667 15 196 46 113
0.203333 14 160 40 88
0.21 18 177 50 94
0.216667 9 151 49 73
0.223333 7 142 46 86
0.23 9 135 44 63
0.236667 14 129 40 68
0.243333 13 123 45 72
0.25 17 123 48 67
0.256667 12 131 47 72
0.263333 10 120 42 61
0.27 6 101 42 48
0.276667 12 98 45 64
0.283333 11 91 40 51
0.29 9 88 38 56
0.296667 6 89 30 43
0.303333 10 81 32 50
0.31 10 89 43 47
0.316667 6 71 26 45
0.323333 12 97 27 44
0.33 11 79 25 46
0.336667 9 72 32 60
0.343333 9 79 38 46
0.35 9 75 27 41
0.356667 10 77 29 48
0.363333 13 82 34 36
0.37 8 67 31 44
0.376667 10 72 18 40
0.383333 10 79 32 43
0.39 1 65 23 42
0.396667 6 68 37 38
0.403333 6 63 27 42
0.41 15 72 27 44
0.416667 6 85 23 44
0.423333 8 69 30 39
0.43 7 80 29 45
0.436667 4 56 24 43
0.443333 6 56 23 38
0.45 6 66 24 43
0.456667 6 62 24 40
0.463333 8 69 28 38
0.47 6 67 23 39
0.476667 3 49 16 34
0.483333 8 37 20 27
0.49 3 33 15 21
0.496667 5 35 24 18
0.503333 2 22 9 22
0.51 4 41 16 22
0.516667 8 31 11 15
0.523333 3 31 15 14
0.53 5 23 8 16
0.536667 7 26 19 24
0.543333 2 21 21 18
0.55 7 20 12 19
0.556667 7 16 8 17
0.563333 6 24 9 15
0.57 4 29 12 20
0.576667 2 23 11 16
0.583333 0 36 6 14
0.59 1 18 8 12
0.596667 0 12 9 21
0.603333 1 24 10 12
0.61 2 19 9 20
0.616667 2 19 16 16
0.623333 3 19 8 8
0.63 6 33 15 17
0.636667 1 20 12 24
0.643333 4 29 10 20
0.65 3 20 14 11
0.656667 3 14 7 13
0.663333 88 2582 381 1359
0.67 0 0 0 0
0.676667 0 0 0 0
0.683333 0 0 0 0
0.69 0 0 0 0
0.696667 0 0 0 0
0.703333 0 0 0 0
0.71 0 0 0 0
0.716667 0 0 0 0
0.723333 0 0 0 0
0.73 0 0 0 0
0.736667 0 0 0 0
0.743333 0 0 0 0
0.75 0 0 0 0
0.756667 0 0 0 0
0.763333 0 0 0 0
0.77 0 0 0 0
0.776667 0 0 0 0
0.783333 0 0 0 0
0.79 0 0 0 0
0.796667 0 0 0 0
0.803333 0 0 0 0
0.81 0 0 0 0
0.816667 0 0 0 0
0.823333 0 0 0 0
0.83 0 0 0 0
0.836667 0 0 0 0
0.843333 0 0 0 0
0.85 0 0 0 0
0.856667 0 0 0 0
0.863333 0 0 0 0
0.87 0 0 0 0
0.876667 0 0 0 0
0.883333 0 0 0 0
0.89 0 0 0 0
0.896667 0 0 0 0
0.903333 0 0 0 0
0.91 0 0 0 0
0.916667 0 0 0 0
0.923333 0 0 0 0
0.93 0 0 0 0
0.936667 0 0 0 0
0.943333 0 0 0 0
0.95 0 0 0 0
0.956667 0 0 0 0
0.963333 0 0 0 0
0.97 0 0 0 0
0.976667 0 0 0 0
0.983333 0 0 0 0
0.99 0 0 0 0
0.996667 0 0 0 0
1.00333 0 0 0 0
1.01 0 0 0 0
1.01667 0 0 0 0
1.02333 0 0 0 0
1.03 0 0 0 0
1.03667 0 0 0 0
1.04333 0 0 0 0
1.05 0 0 0 0
1.05667 0 0 0 0
1.06333 0 0 0 0
1.07 0 0 0 0
1.07667 0 0 0 0
1.08333 0 0 0 0
1.09 0 0 0 0
1.09667 0 0 0 0
1.10333 0 0 0 0
1.11 0 0 0 0
1.11667 0 0 0 0
1.12333 0 0 0 0
1.13 0 0 0 0
1.13667 0 0 0 0
1.14333 0 0 0 0
1.15 0 0 0 0
1.15667 0 0 0 0
1.16333 0 0 0 0
1.17 0 0 0 0
1.17667 0 0 0 0
1.18333 0 0 0 0
1.19 0 0 0 0
1.19667 0 0 0 0
1.20333 0 0 0 0
1.21 0 0 0 0
1.21667 0 0 0 0
1.22333 0 0 0 0
1.23 0 0 0 0
1.23667 0 0 0 0
1.24333 0 0 0 0
1.25 0 0 0 0
1.25667 0 0 0 0
1.26333 0 0 0 0
1.27 0 0 0 0
1.27667 0 0 0 0
1.28333 0 0 0 0
1.29 0 0 0 0
1.29667 0 0 0 0
1.30333 0 0 0 0
1.31 0 0 0 0
1.31667 0 0 0 0
1.32333 0 0 0 0
1.33 0 0 0 0
1.33667 0 0 0 0
1.34333 0 0 0 0
1.35 0 0 0 0
1.35667 0 0 0 0
1.36333 0 0 0 0
1.37 0 0 0 0
1.37667 0 0 0 0
1.38333 0 0 0 0
1.39 0 0 0 0
1.39667 0 0 0 0
1.40333 0 0 0 0
1.41 0 0 0 0
1.41667 0 0 0 0
1.42333 0 0 0 0
1.43 0 0 0 0
1.43667 0 0 0 0
1.44333 0 0 0 0
1.45 0 0 0 0
1.45667 0 0 0 0
1.46333 0 0 0 0
1.47 0 0 0 0
1.47667 0 0 0 0
1.48333 0 0 0 0
1.49 0 0 0 0
1.49667 0 0 0 0
1.50333 0 0 0 0
1.51 0 0 0 0
1.51667 0 0 0 0
1.52333 0 0 0 0
1.53 0 0 0 0
1.53667 0 0 0 0
1.54333 0 0 0 0
1.55 0 0 0 0
1.55667 0 0 0 0
1.56333 0 0 0 0
1.57 0 0 0 0
1.57667 0 0 0 0
1.58333 0 0 0 0
1.59 0 0 0 0
1.59667 0 0 0 0
1.60333 0 0 0 0
1.61 0 0 0 0
1.61667 0 0 0 0
1.62333 0 0 0 0
1.63 0 0 0 0
1.63667 0 0 0 0
1.64333 0 0 0 0
1.65 0 0 0 0
1.65667 0 0 0 0
1.66333 0 0 0 0
1.67 0 0 0 0
1.67667 0 0 0 0
1.68333 0 0 0 0
1.69 0 0 0 0
1.69667 0 0 0 0
1.70333 0 0 0 0
1.71 0 0 0 0
1.71667 0 0 0 0
1.72333 0 0 0 0
1.73 0 0 0 0
1.73667 0 0 0 0
1.74333 0 0 0 0
1.75 0 0 0 0
1.75667 0 0 0 0
1.76333 0 0 0 0
1.77 0 0 0 0
1.77667 0 0 0 0
1.78333 0 0 0 0
1.79 0 0 0 0
1.79667 0 0 0 0
1.80333 0 0 0 0
1.81 0 0 0 0
1.81667 0 0 0 0
1.82333 0 0 0 0
1.83 0 0 0 0
1.83667 0 0 0 0
1.84333 0 0 0 0
1.85 0 0 0 0
1.85667 0 0 0 0
1.86333 0 0 0 0
1.87 0 0 0 0
1.87667 0 0 0 0
1.88333 0 0 0 0
1.89 0 0 0 0
1.89667 0 0 0 0
1.90333 0 0 0 0
1.91 0 0 0 0
1.91667 0 0 0 0
1.92333 0 0 0 0
1.93 0 0 0 0
1.93667 0 0 0 0
1.94333 0 0 0 0
1.95 0 0 0 0
1.95667 0 0 0 0
1.96333 0 0 0 0
1.97 0 0 0 0
1.97667 0 0 0 0
1.98333 0 0 0 0
1.99 0 0 0 0
1.99667 0 0 0 0
