0.00333333 2 25 4 86
0.01 3 36 5 74
0.0166667 2 31 11 86
0.0233333 3 39 9 72
0.03 1 31 13 81
0.0366667 3 30 14 94
0.0433333 4 49 27 85
0.05 10 45 14 88
0.0566667 7 39 25 92
0.0633333 5 48 20 86
0.07 5 55 28 92
0.0766667 4 40 39 100
0.0833333 7 64 34 106
0.09 8 65 38 105
0.0966667 9 49 25 103
0.103333 4 40 35 113
0.11 10 39 32 102
0.116667 5 55 41 113
0.123333 12 43 34 100
0.13 2 61 20 108
0.136667 1 48 20 120
0.143333 7 53 20 85
0.15 4 57 20 126
0.156667 6 52 27 114
0.163333 6 61 17 112
0.17 5 54 22 138
0.176667 6 60 12 122
0.183333 4 65 16 100
0.19 7 72 26 152
0.196667 5 65 15 162
0.203333 9 60 15 178
0.21 1 53 15 159
0.216667 1 56 17 161
0.223333 2 59 12 137
0.23 6 69 22 124
0.236667 5 49 12 128
0.243333 5 60 16 124
0.25 2 44 18 130
0.256667 4 67 15 111
0.263333 6 55 12 93
0.27 1 42 21 95
0.276667 6 45 11 95
0.283333 8 40 17 84
0.29 4 37 17 95
0.296667 3 58 13 96
0.303333 1 50 20 64
0.31 1 42 16 83
0.316667 2 39 10 80
0.323333 0 45 13 77
0.33 3 40 8 75
0.336667 3 44 21 64
0.343333 2 32 13 83
0.35 4 45 11 84
0.356667 3 37 12 94
0.363333 4 30 7 71
0.37 0 36 11 83
0.376667 6 35 6 80
0.383333 6 32 8 76
0.39 5 26 8 87
0.396667 5 25 15 74
0.403333 1 33 8 77
0.41 3 25 15 94
0.416667 2 25 12 83
0.423333 2 24 10 83
0.43 2 29 11 93
0.436667 2 44 14 88
0.443333 2 40 13 75
0.45 2 37 10 103
0.456667 5 42 12 82
0.463333 2 29 15 97
0.47 3 32 8 112
0.476667 1 30 13 82
0.483333 1 15 8 29
0.49 3 14 10 47
0.496667 3 12 10 25
0.503333 0 13 9 25
0.51 2 8 3 17
0.516667 2 6 8 20
0.523333 0 10 8 12
0.53 3 7 8 22
0.536667 6 6 9 15
0.543333 5 7 5 22
0.55 0 5 9 16
0.556667 2 3 7 13
0.563333 5 5 10 14
0.57 4 12 11 14
0.576667 1 11 12 17
0.583333 1 7 2 16
0.59 1 9 7 13
0.596667 1 4 6 12
0.603333 1 2 7 13
0.61 0 5 5 7
0.616667 2 6 6 9
0.623333 0 5 12 10
0.63 4 6 8 12
0.636667 0 5 12 28
0.643333 0 1 4 10
0.65 2 2 9 12
0.656667 2 4 4 6
0.663333 53 2496 205 6379
0.67 0 0 0 0
0.676667 0 0 0 0
0.683333 0 0 0 0
0.69 0 0 0 0
0.696667 0 0 0 0
0.703333 0 0 0 0
0.71 0 0 0 0
0.716667 0 0 0 0
0.723333 0 0 0 0
0.73 0 0 0 0
0.736667 0 0 0 0
0.743333 0 0 0 0
0.75 0 0 0 0
0.756667 0 0 0 0
0.763333 0 0 0 0
0.77 0 0 0 0
0.776667 0 0 0 0
0.783333 0 0 0 0
0.79 0 0 0 0
0.796667 0 0 0 0
0.803333 0 0 0 0
0.81 0 0 0 0
0.816667 0 0 0 0
0.823333 0 0 0 0
0.83 0 0 0 0
0.836667 0 0 0 0
0.843333 0 0 0 0
0.85 0 0 0 0
0.856667 0 0 0 0
0.863333 0 0 0 0
0.87 0 0 0 0
0.876667 0 0 0 0
0.883333 0 0 0 0
0.89 0 0 0 0
0.896667 0 0 0 0
0.903333 0 0 0 0
0.91 0 0 0 0
0.916667 0 0 0 0
0.923333 0 0 0 0
0.93 0 0 0 0
0.936667 0 0 0 0
0.943333 0 0 0 0
0.95 0 0 0 0
0.956667 0 0 0 0
0.963333 0 0 0 0
0.97 0 0 0 0
0.976667 0 0 0 0
0.983333 0 0 0 0
0.99 0 0 0 0
0.996667 0 0 0 0
1.00333 0 0 0 0
1.01 0 0 0 0
1.01667 0 0 0 0
1.02333 0 0 0 0
1.03 0 0 0 0
1.03667 0 0 0 0
1.04333 0 0 0 0
1.05 0 0 0 0
1.05667 0 0 0 0
1.06333 0 0 0 0
1.07 0 0 0 0
1.07667 0 0 0 0
1.08333 0 0 0 0
1.09 0 0 0 0
1.09667 0 0 0 0
1.10333 0 0 0 0
1.11 0 0 0 0
1.11667 0 0 0 0
1.12333 0 0 0 0
1.13 0 0 0 0
1.13667 0 0 0 0
1.14333 0 0 0 0
1.15 0 0 0 0
1.15667 0 0 0 0
1.16333 0 0 0 0
1.17 0 0 0 0
1.17667 0 0 0 0
1.18333 0 0 0 0
1.19 0 0 0 0
1.19667 0 0 0 0
1.20333 0 0 0 0
1.21 0 0 0 0
1.21667 0 0 0 0
1.22333 0 0 0 0
1.23 0 0 0 0
1.23667 0 0 0 0
1.24333 0 0 0 0
1.25 0 0 0 0
1.25667 0 0 0 0
1.26333 0 0 0 0
1.27 0 0 0 0
1.27667 0 0 0 0
1.28333 0 0 0 0
1.29 0 0 0 0
1.29667 0 0 0 0
1.30333 0 0 0 0
1.31 0 0 0 0
1.31667 0 0 0 0
1.32333 0 0 0 0
1.33 0 0 0 0
1.33667 0 0 0 0
1.34333 0 0 0 0
1.35 0 0 0 0
1.35667 0 0 0 0
1.36333 0 0 0 0
1.37 0 0 0 0
1.37667 0 0 0 0
1.38333 0 0 0 0
1.39 0 0 0 0
1.39667 0 0 0 0
1.40333 0 0 0 0
1.41 0 0 0 0
1.41667 0 0 0 0
1.42333 0 0 0 0
1.43 0 0 0 0
1.43667 0 0 0 0
1.44333 0 0 0 0
1.45 0 0 0 0
1.45667 0 0 0 0
1.46333 0 0 0 0
1.47 0 0 0 0
1.47667 0 0 0 0
1.48333 0 0 0 0
1.49 0 0 0 0
1.49667 0 0 0 0
1.50333 0 0 0 0
1.51 0 0 0 0
1.51667 0 0 0 0
1.52333 0 0 0 0
1.53 0 0 0 0
1.53667 0 0 0 0
1.54333 0 0 0 0
1.55 0 0 0 0
1.55667 0 0 0 0
1.56333 0 0 0 0
1.57 0 0 0 0
1.57667 0 0 0 0
1.58333 0 0 0 0
1.59 0 0 0 0
1.59667 0 0 0 0
1.60333 0 0 0 0
1.61 0 0 0 0
1.61667 0 0 0 0
1.62333 0 0 0 0
1.63 0 0 0 0
1.63667 0 0 0 0
1.64333 0 0 0 0
1.65 0 0 0 0
1.65667 0 0 0 0
1.66333 0 0 0 0
1.67 0 0 0 0
1.67667 0 0 0 0
1.68333 0 0 0 0
1.69 0 0 0 0
1.69667 0 0 0 0
1.70333 0 0 0 0
1.71 0 0 0 0
1.71667 0 0 0 0
1.72333 0 0 0 0
1.73 0 0 0 0
1.73667 0 0 0 0
1.74333 0 0 0 0
1.75 0 0 0 0
1.75667 0 0 0 0
1.76333 0 0 0 0
1.77 0 0 0 0
1.77667 0 0 0 0
1.78333 0 0 0 0
1.79 0 0 0 0
1.79667 0 0 0 0
1.80333 0 0 0 0
1.81 0 0 0 0
1.81667 0 0 0 0
1.82333 0 0 0 0
1.83 0 0 0 0
1.83667 0 0 0 0
1.84333 0 0 0 0
1.85 0 0 0 0
1.85667 0 0 0 0
1.86333 0 0 0 0
1.87 0 0 0 0
1.87667 0 0 0 0
1.88333 0 0 0 0
1.89 0 0 0 0
1.89667 0 0 0 0
1.90333 0 0 0 0
1.91 0 0 0 0
1.91667 0 0 0 0
1.92333 0 0 0 0
1.93 0 0 0 0
1.93667 0 0 0 0
1.94333 0 0 0 0
1.95 0 0 0 0
1.95667 0 0 0 0
1.96333 0 0 0 0
1.97 0 0 0 0
1.97667 0 0 0 0
1.98333 0 0 0 0
1.99 0 0 0 0
1.99667 0 0 0 0
