0.00333333 4 25 9 57
0.01 3 24 8 58
0.0166667 3 35 12 62
0.0233333 4 33 12 59
0.03 1 30 17 59
0.0366667 6 27 12 71
0.0433333 5 35 23 70
0.05 9 34 23 70
0.0566667 3 43 30 76
0.0633333 5 45 22 80
0.07 8 53 21 87
0.0766667 6 44 32 69
0.0833333 7 66 26 82
0.09 13 64 30 81
0.0966667 7 49 27 95
0.103333 8 50 38 87
0.11 16 59 32 79
0.116667 6 52 30 85
0.123333 6 54 26 99
0.13 5 55 21 81
0.136667 7 63 27 89
0.143333 6 55 23 85
0.15 5 69 22 69
0.156667 7 49 14 97
0.163333 6 60 20 91
0.17 7 51 19 91
0.176667 8 40 23 93
0.183333 3 52 14 91
0.19 4 62 26 124
0.196667 2 55 18 124
0.203333 5 79 17 129
0.21 3 65 16 128
0.216667 4 67 17 127
0.223333 8 62 15 118
0.23 2 58 18 112
0.236667 4 60 31 112
0.243333 8 65 16 99
0.25 2 72 20 83
0.256667 1 48 13 71
0.263333 4 68 18 81
0.27 3 43 17 71
0.276667 7 51 14 80
0.283333 2 51 14 70
0.29 1 38 23 66
0.296667 4 33 22 70
0.303333 3 36 10 64
0.31 3 54 21 75
0.316667 1 42 10 63
0.323333 2 39 9 63
0.33 4 55 15 56
0.336667 6 45 11 63
0.343333 0 28 11 54
0.35 4 37 9 59
0.356667 3 38 11 54
0.363333 1 30 12 64
0.37 1 39 11 53
0.376667 3 28 10 70
0.383333 0 37 14 49
0.39 1 35 13 59
0.396667 2 31 14 55
0.403333 4 30 14 47
0.41 7 37 15 56
0.416667 2 33 10 64
0.423333 5 29 14 80
0.43 2 48 7 53
0.436667 0 27 11 66
0.443333 4 27 11 66
0.45 3 38 9 72
0.456667 3 37 8 66
0.463333 3 43 9 85
0.47 2 43 15 60
0.476667 2 33 10 66
0.483333 0 7 3 23
0.49 1 18 7 22
0.496667 3 6 10 23
0.503333 1 8 4 12
0.51 1 6 10 15
0.516667 1 6 6 9
0.523333 1 4 2 22
0.53 3 5 5 17
0.536667 2 3 11 6
0.543333 0 3 8 13
0.55 3 4 4 9
0.556667 1 7 3 12
0.563333 3 4 7 9
0.57 2 2 11 12
0.576667 1 7 11 6
0.583333 1 5 8 11
0.59 1 5 10 10
0.596667 1 4 5 8
0.603333 1 8 5 10
0.61 3 5 7 11
0.616667 2 2 7 10
0.623333 2 4 7 7
0.63 4 5 4 12
0.636667 1 6 11 16
0.643333 1 4 5 10
0.65 4 3 8 10
0.656667 3 4 7 11
0.663333 44 2454 210 4587
0.67 0 0 0 0
0.676667 0 0 0 0
0.683333 0 0 0 0
0.69 0 0 0 0
0.696667 0 0 0 0
0.703333 0 0 0 0
0.71 0 0 0 0
0.716667 0 0 0 0
0.723333 0 0 0 0
0.73 0 0 0 0
0.736667 0 0 0 0
0.743333 0 0 0 0
0.75 0 0 0 0
0.756667 0 0 0 0
0.763333 0 0 0 0
0.77 0 0 0 0
0.776667 0 0 0 0
0.783333 0 0 0 0
0.79 0 0 0 0
0.796667 0 0 0 0
0.803333 0 0 0 0
0.81 0 0 0 0
0.816667 0 0 0 0
0.823333 0 0 0 0
0.83 0 0 0 0
0.836667 0 0 0 0
0.843333 0 0 0 0
0.85 0 0 0 0
0.856667 0 0 0 0
0.863333 0 0 0 0
0.87 0 0 0 0
0.876667 0 0 0 0
0.883333 0 0 0 0
0.89 0 0 0 0
0.896667 0 0 0 0
0.903333 0 0 0 0
0.91 0 0 0 0
0.916667 0 0 0 0
0.923333 0 0 0 0
0.93 0 0 0 0
0.936667 0 0 0 0
0.943333 0 0 0 0
0.95 0 0 0 0
0.956667 0 0 0 0
0.963333 0 0 0 0
0.97 0 0 0 0
0.976667 0 0 0 0
0.983333 0 0 0 0
0.99 0 0 0 0
0.996667 0 0 0 0
1.00333 0 0 0 0
1.01 0 0 0 0
1.01667 0 0 0 0
1.02333 0 0 0 0
1.03 0 0 0 0
1.03667 0 0 0 0
1.04333 0 0 0 0
1.05 0 0 0 0
1.05667 0 0 0 0
1.06333 0 0 0 0
1.07 0 0 0 0
1.07667 0 0 0 0
1.08333 0 0 0 0
1.09 0 0 0 0
1.09667 0 0 0 0
1.10333 0 0 0 0
1.11 0 0 0 0
1.11667 0 0 0 0
1.12333 0 0 0 0
1.13 0 0 0 0
1.13667 0 0 0 0
1.14333 0 0 0 0
1.15 0 0 0 0
1.15667 0 0 0 0
1.16333 0 0 0 0
1.17 0 0 0 0
1.17667 0 0 0 0
1.18333 0 0 0 0
1.19 0 0 0 0
1.19667 0 0 0 0
1.20333 0 0 0 0
1.21 0 0 0 0
1.21667 0 0 0 0
1.22333 0 0 0 0
1.23 0 0 0 0
1.23667 0 0 0 0
1.24333 0 0 0 0
1.25 0 0 0 0
1.25667 0 0 0 0
1.26333 0 0 0 0
1.27 0 0 0 0
1.27667 0 0 0 0
1.28333 0 0 0 0
1.29 0 0 0 0
1.29667 0 0 0 0
1.30333 0 0 0 0
1.31 0 0 0 0
1.31667 0 0 0 0
1.32333 0 0 0 0
1.33 0 0 0 0
1.33667 0 0 0 0
1.34333 0 0 0 0
1.35 0 0 0 0
1.35667 0 0 0 0
1.36333 0 0 0 0
1.37 0 0 0 0
1.37667 0 0 0 0
1.38333 0 0 0 0
1.39 0 0 0 0
1.39667 0 0 0 0
1.40333 0 0 0 0
1.41 0 0 0 0
1.41667 0 0 0 0
1.42333 0 0 0 0
1.43 0 0 0 0
1.43667 0 0 0 0
1.44333 0 0 0 0
1.45 0 0 0 0
1.45667 0 0 0 0
1.46333 0 0 0 0
1.47 0 0 0 0
1.47667 0 0 0 0
1.48333 0 0 0 0
1.49 0 0 0 0
1.49667 0 0 0 0
1.50333 0 0 0 0
1.51 0 0 0 0
1.51667 0 0 0 0
1.52333 0 0 0 0
1.53 0 0 0 0
1.53667 0 0 0 0
1.54333 0 0 0 0
1.55 0 0 0 0
1.55667 0 0 0 0
1.56333 0 0 0 0
1.57 0 0 0 0
1.57667 0 0 0 0
1.58333 0 0 0 0
1.59 0 0 0 0
1.59667 0 0 0 0
1.60333 0 0 0 0
1.61 0 0 0 0
1.61667 0 0 0 0
1.62333 0 0 0 0
1.63 0 0 0 0
1.63667 0 0 0 0
1.64333 0 0 0 0
1.65 0 0 0 0
1.65667 0 0 0 0
1.66333 0 0 0 0
1.67 0 0 0 0
1.67667 0 0 0 0
1.68333 0 0 0 0
1.69 0 0 0 0
1.69667 0 0 0 0
1.70333 0 0 0 0
1.71 0 0 0 0
1.71667 0 0 0 0
1.72333 0 0 0 0
1.73 0 0 0 0
1.73667 0 0 0 0
1.74333 0 0 0 0
1.75 0 0 0 0
1.75667 0 0 0 0
1.76333 0 0 0 0
1.77 0 0 0 0
1.77667 0 0 0 0
1.78333 0 0 0 0
1.79 0 0 0 0
1.79667 0 0 0 0
1.80333 0 0 0 0
1.81 0 0 0 0
1.81667 0 0 0 0
1.82333 0 0 0 0
1.83 0 0 0 0
1.83667 0 0 0 0
1.84333 0 0 0 0
1.85 0 0 0 0
1.85667 0 0 0 0
1.86333 0 0 0 0
1.87 0 0 0 0
1.87667 0 0 0 0
1.88333 0 0 0 0
1.89 0 0 0 0
1.89667 0 0 0 0
1.90333 0 0 0 0
1.91 0 0 0 0
1.91667 0 0 0 0
1.92333 0 0 0 0
1.93 0 0 0 0
1.93667 0 0 0 0
1.94333 0 0 0 0
1.95 0 0 0 0
1.95667 0 0 0 0
1.96333 0 0 0 0
1.97 0 0 0 0
1.97667 0 0 0 0
1.98333 0 0 0 0
1.99 0 0 0 0
1.99667 0 0 0 0
