0.00333333 54 39 4 3
0.01 56 53 7 2
0.0166667 75 52 7 3
0.0233333 72 56 10 3
0.03 88 65 11 1
0.0366667 118 67 17 4
0.0433333 136 94 12 6
0.05 187 123 13 6
0.0566667 201 144 25 6
0.0633333 232 173 13 8
0.07 202 178 24 8
0.0766667 254 156 24 8
0.0833333 266 169 33 3
0.09 284 171 18 10
0.0966667 298 162 23 10
0.103333 262 155 28 7
0.11 255 187 27 8
0.116667 303 178 22 3
0.123333 264 148 26 7
0.13 244 142 28 6
0.136667 260 136 30 3
0.143333 237 135 21 5
0.15 218 149 18 6
0.156667 225 133 18 5
0.163333 188 124 19 4
0.17 180 115 23 4
0.176667 219 132 19 4
0.183333 207 107 23 5
0.19 215 128 15 7
0.196667 221 127 14 3
0.203333 183 113 19 3
0.21 187 117 17 4
0.216667 199 107 15 6
0.223333 175 96 10 5
0.23 165 109 20 6
0.236667 185 80 13 4
0.243333 163 88 12 6
0.25 137 93 11 6
0.256667 146 69 14 6
0.263333 124 66 13 1
0.27 121 78 12 6
0.276667 139 72 14 3
0.283333 120 73 10 2
0.29 110 61 10 6
0.296667 122 74 9 5
0.303333 131 61 18 1
0.31 123 57 6 3
0.316667 104 71 10 4
0.323333 100 60 13 3
0.33 101 54 8 2
0.336667 88 59 12 2
0.343333 80 52 11 5
0.35 88 66 12 1
0.356667 83 48 8 4
0.363333 82 37 10 5
0.37 93 67 7 6
0.376667 93 57 13 2
0.383333 84 49 8 1
0.39 78 48 8 1
0.396667 69 46 5 1
0.403333 74 40 10 3
0.41 61 61 5 5
0.416667 80 47 8 5
0.423333 87 46 10 6
0.43 82 35 7 2
0.436667 58 44 10 2
0.443333 61 48 8 4
0.45 70 38 10 0
0.456667 69 31 9 3
0.463333 71 37 6 3
0.47 80 44 8 6
0.476667 61 49 8 3
0.483333 47 32 4 1
0.49 48 31 4 2
0.496667 42 24 4 0
0.503333 51 18 5 4
0.51 44 35 5 1
0.516667 34 31 6 3
0.523333 44 37 3 1
0.53 37 24 7 3
0.536667 48 21 6 0
0.543333 47 27 5 2
0.55 47 31 6 3
0.556667 52 18 4 1
0.563333 33 18 1 1
0.57 39 19 8 5
0.576667 38 37 3 3
0.583333 37 27 2 3
0.59 36 19 2 2
0.596667 32 21 2 0
0.603333 38 17 4 4
0.61 37 16 3 2
0.616667 30 23 6 0
0.623333 33 16 7 2
0.63 32 21 5 2
0.636667 42 16 2 0
0.643333 20 25 7 5
0.65 34 16 1 0
0.656667 29 12 4 2
0.663333 2203 1010 135 43
0.67 0 0 0 0
0.676667 0 0 0 0
0.683333 0 0 0 0
0.69 0 0 0 0
0.696667 0 0 0 0
0.703333 0 0 0 0
0.71 0 0 0 0
0.716667 0 0 0 0
0.723333 0 0 0 0
0.73 0 0 0 0
0.736667 0 0 0 0
0.743333 0 0 0 0
0.75 0 0 0 0
0.756667 0 0 0 0
0.763333 0 0 0 0
0.77 0 0 0 0
0.776667 0 0 0 0
0.783333 0 0 0 0
0.79 0 0 0 0
0.796667 0 0 0 0
0.803333 0 0 0 0
0.81 0 0 0 0
0.816667 0 0 0 0
0.823333 0 0 0 0
0.83 0 0 0 0
0.836667 0 0 0 0
0.843333 0 0 0 0
0.85 0 0 0 0
0.856667 0 0 0 0
0.863333 0 0 0 0
0.87 0 0 0 0
0.876667 0 0 0 0
0.883333 0 0 0 0
0.89 0 0 0 0
0.896667 0 0 0 0
0.903333 0 0 0 0
0.91 0 0 0 0
0.916667 0 0 0 0
0.923333 0 0 0 0
0.93 0 0 0 0
0.936667 0 0 0 0
0.943333 0 0 0 0
0.95 0 0 0 0
0.956667 0 0 0 0
0.963333 0 0 0 0
0.97 0 0 0 0
0.976667 0 0 0 0
0.983333 0 0 0 0
0.99 0 0 0 0
0.996667 0 0 0 0
1.00333 0 0 0 0
1.01 0 0 0 0
1.01667 0 0 0 0
1.02333 0 0 0 0
1.03 0 0 0 0
1.03667 0 0 0 0
1.04333 0 0 0 0
1.05 0 0 0 0
1.05667 0 0 0 0
1.06333 0 0 0 0
1.07 0 0 0 0
1.07667 0 0 0 0
1.08333 0 0 0 0
1.09 0 0 0 0
1.09667 0 0 0 0
1.10333 0 0 0 0
1.11 0 0 0 0
1.11667 0 0 0 0
1.12333 0 0 0 0
1.13 0 0 0 0
1.13667 0 0 0 0
1.14333 0 0 0 0
1.15 0 0 0 0
1.15667 0 0 0 0
1.16333 0 0 0 0
1.17 0 0 0 0
1.17667 0 0 0 0
1.18333 0 0 0 0
1.19 0 0 0 0
1.19667 0 0 0 0
1.20333 0 0 0 0
1.21 0 0 0 0
1.21667 0 0 0 0
1.22333 0 0 0 0
1.23 0 0 0 0
1.23667 0 0 0 0
1.24333 0 0 0 0
1.25 0 0 0 0
1.25667 0 0 0 0
1.26333 0 0 0 0
1.27 0 0 0 0
1.27667 0 0 0 0
1.28333 0 0 0 0
1.29 0 0 0 0
1.29667 0 0 0 0
1.30333 0 0 0 0
1.31 0 0 0 0
1.31667 0 0 0 0
1.32333 0 0 0 0
1.33 0 0 0 0
1.33667 0 0 0 0
1.34333 0 0 0 0
1.35 0 0 0 0
1.35667 0 0 0 0
1.36333 0 0 0 0
1.37 0 0 0 0
1.37667 0 0 0 0
1.38333 0 0 0 0
1.39 0 0 0 0
1.39667 0 0 0 0
1.40333 0 0 0 0
1.41 0 0 0 0
1.41667 0 0 0 0
1.42333 0 0 0 0
1.43 0 0 0 0
1.43667 0 0 0 0
1.44333 0 0 0 0
1.45 0 0 0 0
1.45667 0 0 0 0
1.46333 0 0 0 0
1.47 0 0 0 0
1.47667 0 0 0 0
1.48333 0 0 0 0
1.49 0 0 0 0
1.49667 0 0 0 0
1.50333 0 0 0 0
1.51 0 0 0 0
1.51667 0 0 0 0
1.52333 0 0 0 0
1.53 0 0 0 0
1.53667 0 0 0 0
1.54333 0 0 0 0
1.55 0 0 0 0
1.55667 0 0 0 0
1.56333 0 0 0 0
1.57 0 0 0 0
1.57667 0 0 0 0
1.58333 0 0 0 0
1.59 0 0 0 0
1.59667 0 0 0 0
1.60333 0 0 0 0
1.61 0 0 0 0
1.61667 0 0 0 0
1.62333 0 0 0 0
1.63 0 0 0 0
1.63667 0 0 0 0
1.64333 0 0 0 0
1.65 0 0 0 0
1.65667 0 0 0 0
1.66333 0 0 0 0
1.67 0 0 0 0
1.67667 0 0 0 0
1.68333 0 0 0 0
1.69 0 0 0 0
1.69667 0 0 0 0
1.70333 0 0 0 0
1.71 0 0 0 0
1.71667 0 0 0 0
1.72333 0 0 0 0
1.73 0 0 0 0
1.73667 0 0 0 0
1.74333 0 0 0 0
1.75 0 0 0 0
1.75667 0 0 0 0
1.76333 0 0 0 0
1.77 0 0 0 0
1.77667 0 0 0 0
1.78333 0 0 0 0
1.79 0 0 0 0
1.79667 0 0 0 0
1.80333 0 0 0 0
1.81 0 0 0 0
1.81667 0 0 0 0
1.82333 0 0 0 0
1.83 0 0 0 0
1.83667 0 0 0 0
1.84333 0 0 0 0
1.85 0 0 0 0
1.85667 0 0 0 0
1.86333 0 0 0 0
1.87 0 0 0 0
1.87667 0 0 0 0
1.88333 0 0 0 0
1.89 0 0 0 0
1.89667 0 0 0 0
1.90333 0 0 0 0
1.91 0 0 0 0
1.91667 0 0 0 0
1.92333 0 0 0 0
1.93 0 0 0 0
1.93667 0 0 0 0
1.94333 0 0 0 0
1.95 0 0 0 0
1.95667 0 0 0 0
1.96333 0 0 0 0
1.97 0 0 0 0
1.97667 0 0 0 0
1.98333 0 0 0 0
1.99 0 0 0 0
1.99667 0 0 0 0
