0.00333333 2 57 18 24
0.01 8 48 18 28
0.0166667 5 51 26 38
0.0233333 11 47 16 22
0.03 11 59 21 28
0.0366667 10 76 34 28
0.0433333 22 90 39 39
0.05 15 98 49 42
0.0566667 13 108 57 35
0.0633333 19 118 65 53
0.07 23 115 77 64
0.0766667 23 105 61 58
0.0833333 25 119 73 51
0.09 18 117 76 53
0.0966667 18 104 63 56
0.103333 11 116 75 57
0.11 25 136 70 55
0.116667 20 156 72 78
0.123333 27 98 66 57
0.13 21 128 61 61
0.136667 14 118 54 56
0.143333 15 128 56 39
0.15 15 118 49 48
0.156667 11 110 50 44
0.163333 12 122 51 46
0.17 14 111 41 59
0.176667 14 128 37 48
0.183333 13 119 35 69
0.19 9 138 42 73
0.196667 16 140 50 62
0.203333 15 118 37 69
0.21 11 129 40 47
0.216667 12 114 37 60
0.223333 12 128 38 57
0.23 13 103 39 53
0.236667 8 113 45 45
0.243333 11 84 32 44
0.25 17 69 31 51
0.256667 10 91 39 49
0.263333 7 90 37 42
0.27 19 76 31 43
0.276667 7 92 25 27
0.283333 13 81 34 28
0.29 12 73 40 36
0.296667 13 74 35 42
0.303333 12 82 19 38
0.31 11 75 31 40
0.316667 8 65 28 33
0.323333 14 70 29 31
0.33 13 65 27 31
0.336667 5 62 25 25
0.343333 8 69 20 28
0.35 12 72 34 40
0.356667 8 64 25 42
0.363333 5 56 18 27
0.37 4 55 24 29
0.376667 8 45 21 32
0.383333 5 60 25 24
0.39 7 49 24 29
0.396667 11 54 24 37
0.403333 10 65 21 29
0.41 11 45 22 28
0.416667 15 43 19 20
0.423333 2 54 21 32
0.43 9 66 15 31
0.436667 5 46 21 18
0.443333 2 57 8 36
0.45 8 42 24 26
0.456667 5 44 18 34
0.463333 11 67 17 28
0.47 6 54 22 26
0.476667 7 54 14 21
0.483333 2 28 17 18
0.49 7 38 11 13
0.496667 5 23 15 18
0.503333 3 36 11 16
0.51 5 27 17 10
0.516667 1 20 19 19
0.523333 3 17 17 18
0.53 2 26 14 11
0.536667 4 33 18 14
0.543333 2 21 13 10
0.55 5 29 8 17
0.556667 3 33 16 9
0.563333 3 35 16 8
0.57 2 31 12 16
0.576667 3 27 11 14
0.583333 3 22 9 20
0.59 3 23 7 11
0.596667 1 21 5 19
0.603333 2 27 11 7
0.61 6 24 19 13
0.616667 4 26 15 4
0.623333 4 17 9 11
0.63 6 23 7 4
0.636667 2 25 20 18
0.643333 1 26 14 7
0.65 3 22 15 5
0.656667 4 23 10 15
0.663333 107 2083 351 962
0.67 0 0 0 0
0.676667 0 0 0 0
0.683333 0 0 0 0
0.69 0 0 0 0
0.696667 0 0 0 0
0.703333 0 0 0 0
0.71 0 0 0 0
0.716667 0 0 0 0
0.723333 0 0 0 0
0.73 0 0 0 0
0.736667 0 0 0 0
0.743333 0 0 0 0
0.75 0 0 0 0
0.756667 0 0 0 0
0.763333 0 0 0 0
0.77 0 0 0 0
0.776667 0 0 0 0
0.783333 0 0 0 0
0.79 0 0 0 0
0.796667 0 0 0 0
0.803333 0 0 0 0
0.81 0 0 0 0
0.816667 0 0 0 0
0.823333 0 0 0 0
0.83 0 0 0 0
0.836667 0 0 0 0
0.843333 0 0 0 0
0.85 0 0 0 0
0.856667 0 0 0 0
0.863333 0 0 0 0
0.87 0 0 0 0
0.876667 0 0 0 0
0.883333 0 0 0 0
0.89 0 0 0 0
0.896667 0 0 0 0
0.903333 0 0 0 0
0.91 0 0 0 0
0.916667 0 0 0 0
0.923333 0 0 0 0
0.93 0 0 0 0
0.936667 0 0 0 0
0.943333 0 0 0 0
0.95 0 0 0 0
0.956667 0 0 0 0
0.963333 0 0 0 0
0.97 0 0 0 0
0.976667 0 0 0 0
0.983333 0 0 0 0
0.99 0 0 0 0
0.996667 0 0 0 0
1.00333 0 0 0 0
1.01 0 0 0 0
1.01667 0 0 0 0
1.02333 0 0 0 0
1.03 0 0 0 0
1.03667 0 0 0 0
1.04333 0 0 0 0
1.05 0 0 0 0
1.05667 0 0 0 0
1.06333 0 0 0 0
1.07 0 0 0 0
1.07667 0 0 0 0
1.08333 0 0 0 0
1.09 0 0 0 0
1.09667 0 0 0 0
1.10333 0 0 0 0
1.11 0 0 0 0
1.11667 0 0 0 0
1.12333 0 0 0 0
1.13 0 0 0 0
1.13667 0 0 0 0
1.14333 0 0 0 0
1.15 0 0 0 0
1.15667 0 0 0 0
1.16333 0 0 0 0
1.17 0 0 0 0
1.17667 0 0 0 0
1.18333 0 0 0 0
1.19 0 0 0 0
1.19667 0 0 0 0
1.20333 0 0 0 0
1.21 0 0 0 0
1.21667 0 0 0 0
1.22333 0 0 0 0
1.23 0 0 0 0
1.23667 0 0 0 0
1.24333 0 0 0 0
1.25 0 0 0 0
1.25667 0 0 0 0
1.26333 0 0 0 0
1.27 0 0 0 0
1.27667 0 0 0 0
1.28333 0 0 0 0
1.29 0 0 0 0
1.29667 0 0 0 0
1.30333 0 0 0 0
1.31 0 0 0 0
1.31667 0 0 0 0
1.32333 0 0 0 0
1.33 0 0 0 0
1.33667 0 0 0 0
1.34333 0 0 0 0
1.35 0 0 0 0
1.35667 0 0 0 0
1.36333 0 0 0 0
1.37 0 0 0 0
1.37667 0 0 0 0
1.38333 0 0 0 0
1.39 0 0 0 0
1.39667 0 0 0 0
1.40333 0 0 0 0
1.41 0 0 0 0
1.41667 0 0 0 0
1.42333 0 0 0 0
1.43 0 0 0 0
1.43667 0 0 0 0
1.44333 0 0 0 0
1.45 0 0 0 0
1.45667 0 0 0 0
1.46333 0 0 0 0
1.47 0 0 0 0
1.47667 0 0 0 0
1.48333 0 0 0 0
1.49 0 0 0 0
1.49667 0 0 0 0
1.50333 0 0 0 0
1.51 0 0 0 0
1.51667 0 0 0 0
1.52333 0 0 0 0
1.53 0 0 0 0
1.53667 0 0 0 0
1.54333 0 0 0 0
1.55 0 0 0 0
1.55667 0 0 0 0
1.56333 0 0 0 0
1.57 0 0 0 0
1.57667 0 0 0 0
1.58333 0 0 0 0
1.59 0 0 0 0
1.59667 0 0 0 0
1.60333 0 0 0 0
1.61 0 0 0 0
1.61667 0 0 0 0
1.62333 0 0 0 0
1.63 0 0 0 0
1.63667 0 0 0 0
1.64333 0 0 0 0
1.65 0 0 0 0
1.65667 0 0 0 0
1.66333 0 0 0 0
1.67 0 0 0 0
1.67667 0 0 0 0
1.68333 0 0 0 0
1.69 0 0 0 0
1.69667 0 0 0 0
1.70333 0 0 0 0
1.71 0 0 0 0
1.71667 0 0 0 0
1.72333 0 0 0 0
1.73 0 0 0 0
1.73667 0 0 0 0
1.74333 0 0 0 0
1.75 0 0 0 0
1.75667 0 0 0 0
1.76333 0 0 0 0
1.77 0 0 0 0
1.77667 0 0 0 0
1.78333 0 0 0 0
1.79 0 0 0 0
1.79667 0 0 0 0
1.80333 0 0 0 0
1.81 0 0 0 0
1.81667 0 0 0 0
1.82333 0 0 0 0
1.83 0 0 0 0
1.83667 0 0 0 0
1.84333 0 0 0 0
1.85 0 0 0 0
1.85667 0 0 0 0
1.86333 0 0 0 0
1.87 0 0 0 0
1.87667 0 0 0 0
1.88333 0 0 0 0
1.89 0 0 0 0
1.89667 0 0 0 0
1.90333 0 0 0 0
1.91 0 0 0 0
1.91667 0 0 0 0
1.92333 0 0 0 0
1.93 0 0 0 0
1.93667 0 0 0 0
1.94333 0 0 0 0
1.95 0 0 0 0
1.95667 0 0 0 0
1.96333 0 0 0 0
1.97 0 0 0 0
1.97667 0 0 0 0
1.98333 0 0 0 0
1.99 0 0 0 0
1.99667 0 0 0 0
