0.00333333 1 35 14 43
0.01 7 36 13 44
0.0166667 3 35 20 47
0.0233333 5 35 15 41
0.03 6 39 17 54
0.0366667 5 42 36 45
0.0433333 7 51 44 59
0.05 6 51 51 71
0.0566667 11 59 58 65
0.0633333 6 64 70 79
0.07 7 73 50 87
0.0766667 8 77 71 84
0.0833333 9 92 83 79
0.09 10 78 79 72
0.0966667 13 79 57 83
0.103333 11 62 59 84
0.11 17 78 68 84
0.116667 7 93 64 121
0.123333 13 77 59 96
0.13 5 74 49 92
0.136667 3 74 47 91
0.143333 9 73 51 89
0.15 10 81 50 100
0.156667 8 79 51 85
0.163333 9 59 42 79
0.17 9 71 53 106
0.176667 5 70 41 87
0.183333 8 69 47 94
0.19 8 78 43 123
0.196667 11 107 43 102
0.203333 6 74 36 96
0.21 10 96 41 95
0.216667 11 67 38 107
0.223333 11 76 53 95
0.23 9 80 33 81
0.236667 10 64 33 82
0.243333 8 60 37 73
0.25 8 60 35 76
0.256667 6 60 34 80
0.263333 3 59 28 88
0.27 4 48 35 61
0.276667 4 59 36 56
0.283333 9 49 33 63
0.29 6 60 34 64
0.296667 8 53 33 70
0.303333 2 49 19 73
0.31 3 38 30 61
0.316667 7 51 25 73
0.323333 6 43 28 47
0.33 8 54 26 52
0.336667 3 41 24 41
0.343333 3 40 24 61
0.35 3 39 22 46
0.356667 7 35 24 45
0.363333 6 29 22 59
0.37 3 39 26 45
0.376667 4 34 20 54
0.383333 2 28 19 48
0.39 5 36 18 60
0.396667 4 46 18 52
0.403333 3 36 28 56
0.41 8 40 19 45
0.416667 5 40 29 45
0.423333 1 32 19 60
0.43 4 36 20 49
0.436667 1 42 23 48
0.443333 2 43 17 66
0.45 6 44 25 44
0.456667 4 40 16 48
0.463333 5 35 17 47
0.47 3 52 13 49
0.476667 3 33 15 43
0.483333 3 25 13 27
0.49 1 31 10 23
0.496667 1 24 14 28
0.503333 1 28 13 28
0.51 4 24 15 29
0.516667 1 29 17 22
0.523333 2 13 11 20
0.53 1 16 14 21
0.536667 3 12 15 24
0.543333 1 15 10 19
0.55 3 14 10 26
0.556667 4 18 10 13
0.563333 3 13 14 22
0.57 1 13 13 23
0.576667 3 23 12 19
0.583333 4 18 11 25
0.59 1 18 11 19
0.596667 2 17 10 18
0.603333 1 14 9 13
0.61 2 14 12 19
0.616667 2 16 12 13
0.623333 3 12 11 14
0.63 6 12 16 17
0.636667 1 17 15 24
0.643333 3 15 2 19
0.65 2 10 11 12
0.656667 2 9 9 14
0.663333 55 1612 386 2000
0.67 0 0 0 0
0.676667 0 0 0 0
0.683333 0 0 0 0
0.69 0 0 0 0
0.696667 0 0 0 0
0.703333 0 0 0 0
0.71 0 0 0 0
0.716667 0 0 0 0
0.723333 0 0 0 0
0.73 0 0 0 0
0.736667 0 0 0 0
0.743333 0 0 0 0
0.75 0 0 0 0
0.756667 0 0 0 0
0.763333 0 0 0 0
0.77 0 0 0 0
0.776667 0 0 0 0
0.783333 0 0 0 0
0.79 0 0 0 0
0.796667 0 0 0 0
0.803333 0 0 0 0
0.81 0 0 0 0
0.816667 0 0 0 0
0.823333 0 0 0 0
0.83 0 0 0 0
0.836667 0 0 0 0
0.843333 0 0 0 0
0.85 0 0 0 0
0.856667 0 0 0 0
0.863333 0 0 0 0
0.87 0 0 0 0
0.876667 0 0 0 0
0.883333 0 0 0 0
0.89 0 0 0 0
0.896667 0 0 0 0
0.903333 0 0 0 0
0.91 0 0 0 0
0.916667 0 0 0 0
0.923333 0 0 0 0
0.93 0 0 0 0
0.936667 0 0 0 0
0.943333 0 0 0 0
0.95 0 0 0 0
0.956667 0 0 0 0
0.963333 0 0 0 0
0.97 0 0 0 0
0.976667 0 0 0 0
0.983333 0 0 0 0
0.99 0 0 0 0
0.996667 0 0 0 0
1.00333 0 0 0 0
1.01 0 0 0 0
1.01667 0 0 0 0
1.02333 0 0 0 0
1.03 0 0 0 0
1.03667 0 0 0 0
1.04333 0 0 0 0
1.05 0 0 0 0
1.05667 0 0 0 0
1.06333 0 0 0 0
1.07 0 0 0 0
1.07667 0 0 0 0
1.08333 0 0 0 0
1.09 0 0 0 0
1.09667 0 0 0 0
1.10333 0 0 0 0
1.11 0 0 0 0
1.11667 0 0 0 0
1.12333 0 0 0 0
1.13 0 0 0 0
1.13667 0 0 0 0
1.14333 0 0 0 0
1.15 0 0 0 0
1.15667 0 0 0 0
1.16333 0 0 0 0
1.17 0 0 0 0
1.17667 0 0 0 0
1.18333 0 0 0 0
1.19 0 0 0 0
1.19667 0 0 0 0
1.20333 0 0 0 0
1.21 0 0 0 0
1.21667 0 0 0 0
1.22333 0 0 0 0
1.23 0 0 0 0
1.23667 0 0 0 0
1.24333 0 0 0 0
1.25 0 0 0 0
1.25667 0 0 0 0
1.26333 0 0 0 0
1.27 0 0 0 0
1.27667 0 0 0 0
1.28333 0 0 0 0
1.29 0 0 0 0
1.29667 0 0 0 0
1.30333 0 0 0 0
1.31 0 0 0 0
1.31667 0 0 0 0
1.32333 0 0 0 0
1.33 0 0 0 0
1.33667 0 0 0 0
1.34333 0 0 0 0
1.35 0 0 0 0
1.35667 0 0 0 0
1.36333 0 0 0 0
1.37 0 0 0 0
1.37667 0 0 0 0
1.38333 0 0 0 0
1.39 0 0 0 0
1.39667 0 0 0 0
1.40333 0 0 0 0
1.41 0 0 0 0
1.41667 0 0 0 0
1.42333 0 0 0 0
1.43 0 0 0 0
1.43667 0 0 0 0
1.44333 0 0 0 0
1.45 0 0 0 0
1.45667 0 0 0 0
1.46333 0 0 0 0
1.47 0 0 0 0
1.47667 0 0 0 0
1.48333 0 0 0 0
1.49 0 0 0 0
1.49667 0 0 0 0
1.50333 0 0 0 0
1.51 0 0 0 0
1.51667 0 0 0 0
1.52333 0 0 0 0
1.53 0 0 0 0
1.53667 0 0 0 0
1.54333 0 0 0 0
1.55 0 0 0 0
1.55667 0 0 0 0
1.56333 0 0 0 0
1.57 0 0 0 0
1.57667 0 0 0 0
1.58333 0 0 0 0
1.59 0 0 0 0
1.59667 0 0 0 0
1.60333 0 0 0 0
1.61 0 0 0 0
1.61667 0 0 0 0
1.62333 0 0 0 0
1.63 0 0 0 0
1.63667 0 0 0 0
1.64333 0 0 0 0
1.65 0 0 0 0
1.65667 0 0 0 0
1.66333 0 0 0 0
1.67 0 0 0 0
1.67667 0 0 0 0
1.68333 0 0 0 0
1.69 0 0 0 0
1.69667 0 0 0 0
1.70333 0 0 0 0
1.71 0 0 0 0
1.71667 0 0 0 0
1.72333 0 0 0 0
1.73 0 0 0 0
1.73667 0 0 0 0
1.74333 0 0 0 0
1.75 0 0 0 0
1.75667 0 0 0 0
1.76333 0 0 0 0
1.77 0 0 0 0
1.77667 0 0 0 0
1.78333 0 0 0 0
1.79 0 0 0 0
1.79667 0 0 0 0
1.80333 0 0 0 0
1.81 0 0 0 0
1.81667 0 0 0 0
1.82333 0 0 0 0
1.83 0 0 0 0
1.83667 0 0 0 0
1.84333 0 0 0 0
1.85 0 0 0 0
1.85667 0 0 0 0
1.86333 0 0 0 0
1.87 0 0 0 0
1.87667 0 0 0 0
1.88333 0 0 0 0
1.89 0 0 0 0
1.89667 0 0 0 0
1.90333 0 0 0 0
1.91 0 0 0 0
1.91667 0 0 0 0
1.92333 0 0 0 0
1.93 0 0 0 0
1.93667 0 0 0 0
1.94333 0 0 0 0
1.95 0 0 0 0
1.95667 0 0 0 0
1.96333 0 0 0 0
1.97 0 0 0 0
1.97667 0 0 0 0
1.98333 0 0 0 0
1.99 0 0 0 0
1.99667 0 0 0 0
