0.00333333 1 12 3 238
0.01 4 15 6 242
0.0166667 2 19 6 236
0.0233333 0 18 8 279
0.03 0 15 9 263
0.0366667 1 12 8 233
0.0433333 1 13 17 257
0.05 0 10 21 260
0.0566667 0 23 28 270
0.0633333 1 20 25 243
0.07 4 26 23 263
0.0766667 2 23 23 274
0.0833333 1 15 24 312
0.09 2 22 29 279
0.0966667 0 26 29 266
0.103333 4 27 18 254
0.11 3 20 37 291
0.116667 5 29 28 288
0.123333 4 28 19 312
0.13 3 27 19 271
0.136667 1 31 23 290
0.143333 2 20 21 273
0.15 2 29 18 343
0.156667 2 25 15 282
0.163333 2 25 16 315
0.17 2 26 12 337
0.176667 0 17 16 322
0.183333 1 24 16 342
0.19 1 22 22 530
0.196667 1 26 18 560
0.203333 1 28 15 465
0.21 1 30 9 406
0.216667 3 23 15 356
0.223333 3 30 10 296
0.23 3 25 7 288
0.236667 4 27 11 327
0.243333 3 37 14 300
0.25 3 17 15 280
0.256667 2 24 15 262
0.263333 1 33 18 261
0.27 3 23 11 242
0.276667 5 26 18 272
0.283333 2 26 12 260
0.29 2 19 11 270
0.296667 2 28 16 240
0.303333 1 27 11 294
0.31 0 17 12 251
0.316667 2 20 15 227
0.323333 0 24 10 245
0.33 0 15 16 237
0.336667 3 27 16 274
0.343333 0 20 10 300
0.35 0 10 14 250
0.356667 2 24 12 247
0.363333 3 18 9 273
0.37 1 19 9 265
0.376667 1 17 19 282
0.383333 2 22 12 248
0.39 0 15 13 234
0.396667 0 17 10 262
0.403333 2 21 9 260
0.41 3 22 9 276
0.416667 2 25 11 267
0.423333 1 15 7 324
0.43 3 22 10 275
0.436667 0 21 11 288
0.443333 1 15 9 275
0.45 2 14 10 269
0.456667 1 21 13 288
0.463333 1 22 7 304
0.47 3 12 10 311
0.476667 0 14 7 257
0.483333 0 12 1 115
0.49 0 8 13 112
0.496667 2 8 6 101
0.503333 1 6 10 75
0.51 1 8 5 88
0.516667 2 5 6 73
0.523333 2 3 5 68
0.53 0 4 6 59
0.536667 0 4 4 50
0.543333 0 3 13 46
0.55 0 1 2 57
0.556667 1 1 5 54
0.563333 0 4 4 56
0.57 0 1 8 47
0.576667 0 4 6 44
0.583333 2 4 4 48
0.59 0 3 8 47
0.596667 2 2 4 45
0.603333 0 1 5 50
0.61 0 0 4 48
0.616667 0 1 5 36
0.623333 0 0 5 29
0.63 0 3 3 51
0.636667 1 4 8 83
0.643333 2 1 12 38
0.65 0 2 6 32
0.656667 0 1 8 32
0.663333 23 1043 192 20804
0.67 0 0 0 0
0.676667 0 0 0 0
0.683333 0 0 0 0
0.69 0 0 0 0
0.696667 0 0 0 0
0.703333 0 0 0 0
0.71 0 0 0 0
0.716667 0 0 0 0
0.723333 0 0 0 0
0.73 0 0 0 0
0.736667 0 0 0 0
0.743333 0 0 0 0
0.75 0 0 0 0
0.756667 0 0 0 0
0.763333 0 0 0 0
0.77 0 0 0 0
0.776667 0 0 0 0
0.783333 0 0 0 0
0.79 0 0 0 0
0.796667 0 0 0 0
0.803333 0 0 0 0
0.81 0 0 0 0
0.816667 0 0 0 0
0.823333 0 0 0 0
0.83 0 0 0 0
0.836667 0 0 0 0
0.843333 0 0 0 0
0.85 0 0 0 0
0.856667 0 0 0 0
0.863333 0 0 0 0
0.87 0 0 0 0
0.876667 0 0 0 0
0.883333 0 0 0 0
0.89 0 0 0 0
0.896667 0 0 0 0
0.903333 0 0 0 0
0.91 0 0 0 0
0.916667 0 0 0 0
0.923333 0 0 0 0
0.93 0 0 0 0
0.936667 0 0 0 0
0.943333 0 0 0 0
0.95 0 0 0 0
0.956667 0 0 0 0
0.963333 0 0 0 0
0.97 0 0 0 0
0.976667 0 0 0 0
0.983333 0 0 0 0
0.99 0 0 0 0
0.996667 0 0 0 0
1.00333 0 0 0 0
1.01 0 0 0 0
1.01667 0 0 0 0
1.02333 0 0 0 0
1.03 0 0 0 0
1.03667 0 0 0 0
1.04333 0 0 0 0
1.05 0 0 0 0
1.05667 0 0 0 0
1.06333 0 0 0 0
1.07 0 0 0 0
1.07667 0 0 0 0
1.08333 0 0 0 0
1.09 0 0 0 0
1.09667 0 0 0 0
1.10333 0 0 0 0
1.11 0 0 0 0
1.11667 0 0 0 0
1.12333 0 0 0 0
1.13 0 0 0 0
1.13667 0 0 0 0
1.14333 0 0 0 0
1.15 0 0 0 0
1.15667 0 0 0 0
1.16333 0 0 0 0
1.17 0 0 0 0
1.17667 0 0 0 0
1.18333 0 0 0 0
1.19 0 0 0 0
1.19667 0 0 0 0
1.20333 0 0 0 0
1.21 0 0 0 0
1.21667 0 0 0 0
1.22333 0 0 0 0
1.23 0 0 0 0
1.23667 0 0 0 0
1.24333 0 0 0 0
1.25 0 0 0 0
1.25667 0 0 0 0
1.26333 0 0 0 0
1.27 0 0 0 0
1.27667 0 0 0 0
1.28333 0 0 0 0
1.29 0 0 0 0
1.29667 0 0 0 0
1.30333 0 0 0 0
1.31 0 0 0 0
1.31667 0 0 0 0
1.32333 0 0 0 0
1.33 0 0 0 0
1.33667 0 0 0 0
1.34333 0 0 0 0
1.35 0 0 0 0
1.35667 0 0 0 0
1.36333 0 0 0 0
1.37 0 0 0 0
1.37667 0 0 0 0
1.38333 0 0 0 0
1.39 0 0 0 0
1.39667 0 0 0 0
1.40333 0 0 0 0
1.41 0 0 0 0
1.41667 0 0 0 0
1.42333 0 0 0 0
1.43 0 0 0 0
1.43667 0 0 0 0
1.44333 0 0 0 0
1.45 0 0 0 0
1.45667 0 0 0 0
1.46333 0 0 0 0
1.47 0 0 0 0
1.47667 0 0 0 0
1.48333 0 0 0 0
1.49 0 0 0 0
1.49667 0 0 0 0
1.50333 0 0 0 0
1.51 0 0 0 0
1.51667 0 0 0 0
1.52333 0 0 0 0
1.53 0 0 0 0
1.53667 0 0 0 0
1.54333 0 0 0 0
1.55 0 0 0 0
1.55667 0 0 0 0
1.56333 0 0 0 0
1.57 0 0 0 0
1.57667 0 0 0 0
1.58333 0 0 0 0
1.59 0 0 0 0
1.59667 0 0 0 0
1.60333 0 0 0 0
1.61 0 0 0 0
1.61667 0 0 0 0
1.62333 0 0 0 0
1.63 0 0 0 0
1.63667 0 0 0 0
1.64333 0 0 0 0
1.65 0 0 0 0
1.65667 0 0 0 0
1.66333 0 0 0 0
1.67 0 0 0 0
1.67667 0 0 0 0
1.68333 0 0 0 0
1.69 0 0 0 0
1.69667 0 0 0 0
1.70333 0 0 0 0
1.71 0 0 0 0
1.71667 0 0 0 0
1.72333 0 0 0 0
1.73 0 0 0 0
1.73667 0 0 0 0
1.74333 0 0 0 0
1.75 0 0 0 0
1.75667 0 0 0 0
1.76333 0 0 0 0
1.77 0 0 0 0
1.77667 0 0 0 0
1.78333 0 0 0 0
1.79 0 0 0 0
1.79667 0 0 0 0
1.80333 0 0 0 0
1.81 0 0 0 0
1.81667 0 0 0 0
1.82333 0 0 0 0
1.83 0 0 0 0
1.83667 0 0 0 0
1.84333 0 0 0 0
1.85 0 0 0 0
1.85667 0 0 0 0
1.86333 0 0 0 0
1.87 0 0 0 0
1.87667 0 0 0 0
1.88333 0 0 0 0
1.89 0 0 0 0
1.89667 0 0 0 0
1.90333 0 0 0 0
1.91 0 0 0 0
1.91667 0 0 0 0
1.92333 0 0 0 0
1.93 0 0 0 0
1.93667 0 0 0 0
1.94333 0 0 0 0
1.95 0 0 0 0
1.95667 0 0 0 0
1.96333 0 0 0 0
1.97 0 0 0 0
1.97667 0 0 0 0
1.98333 0 0 0 0
1.99 0 0 0 0
1.99667 0 0 0 0
