0.00333333 0 9 3 276
0.01 3 12 9 229
0.0166667 3 21 8 246
0.0233333 3 6 7 262
0.03 1 19 7 254
0.0366667 2 9 6 239
0.0433333 0 10 8 209
0.05 1 23 16 246
0.0566667 1 17 25 244
0.0633333 3 14 23 250
0.07 2 11 26 229
0.0766667 3 20 18 255
0.0833333 2 16 18 283
0.09 2 21 29 281
0.0966667 2 20 19 236
0.103333 3 12 15 232
0.11 3 22 28 262
0.116667 2 18 22 272
0.123333 3 27 14 278
0.13 1 29 18 283
0.136667 2 26 20 290
0.143333 1 17 17 282
0.15 0 26 10 304
0.156667 0 13 11 285
0.163333 1 22 16 308
0.17 2 22 11 297
0.176667 0 17 12 298
0.183333 3 19 11 313
0.19 2 24 19 495
0.196667 2 25 8 472
0.203333 0 29 15 379
0.21 0 30 9 347
0.216667 2 32 14 318
0.223333 2 21 7 249
0.23 1 15 7 288
0.236667 4 24 17 277
0.243333 3 22 13 269
0.25 2 21 10 235
0.256667 2 18 13 239
0.263333 0 21 13 264
0.27 1 18 10 259
0.276667 3 26 17 268
0.283333 1 27 10 246
0.29 3 25 9 248
0.296667 1 12 11 245
0.303333 1 22 11 232
0.31 1 15 10 259
0.316667 1 20 16 207
0.323333 1 25 8 240
0.33 1 16 17 217
0.336667 0 24 17 274
0.343333 0 15 9 248
0.35 0 21 11 247
0.356667 2 23 12 225
0.363333 4 14 7 254
0.37 0 19 7 223
0.376667 2 24 14 252
0.383333 3 12 5 240
0.39 0 16 11 239
0.396667 0 17 12 257
0.403333 1 20 7 254
0.41 3 17 8 272
0.416667 1 13 7 264
0.423333 0 18 5 283
0.43 4 22 9 267
0.436667 1 17 9 260
0.443333 3 18 8 273
0.45 1 14 9 292
0.456667 2 17 12 299
0.463333 0 23 6 300
0.47 1 15 9 320
0.476667 0 15 5 264
0.483333 1 11 3 97
0.49 0 6 6 102
0.496667 2 8 5 80
0.503333 1 4 8 62
0.51 0 4 5 82
0.516667 1 2 5 61
0.523333 1 2 5 61
0.53 0 5 4 47
0.536667 1 2 3 52
0.543333 0 0 8 55
0.55 0 1 2 38
0.556667 1 1 6 52
0.563333 0 4 5 45
0.57 0 2 6 43
0.576667 0 5 5 51
0.583333 3 3 3 54
0.59 0 2 6 49
0.596667 3 3 3 33
0.603333 0 1 4 45
0.61 0 3 3 41
0.616667 0 0 4 38
0.623333 1 1 6 31
0.63 0 6 2 45
0.636667 1 4 6 67
0.643333 1 0 10 31
0.65 1 1 4 27
0.656667 0 0 7 24
0.663333 16 973 166 20016
0.67 0 0 0 0
0.676667 0 0 0 0
0.683333 0 0 0 0
0.69 0 0 0 0
0.696667 0 0 0 0
0.703333 0 0 0 0
0.71 0 0 0 0
0.716667 0 0 0 0
0.723333 0 0 0 0
0.73 0 0 0 0
0.736667 0 0 0 0
0.743333 0 0 0 0
0.75 0 0 0 0
0.756667 0 0 0 0
0.763333 0 0 0 0
0.77 0 0 0 0
0.776667 0 0 0 0
0.783333 0 0 0 0
0.79 0 0 0 0
0.796667 0 0 0 0
0.803333 0 0 0 0
0.81 0 0 0 0
0.816667 0 0 0 0
0.823333 0 0 0 0
0.83 0 0 0 0
0.836667 0 0 0 0
0.843333 0 0 0 0
0.85 0 0 0 0
0.856667 0 0 0 0
0.863333 0 0 0 0
0.87 0 0 0 0
0.876667 0 0 0 0
0.883333 0 0 0 0
0.89 0 0 0 0
0.896667 0 0 0 0
0.903333 0 0 0 0
0.91 0 0 0 0
0.916667 0 0 0 0
0.923333 0 0 0 0
0.93 0 0 0 0
0.936667 0 0 0 0
0.943333 0 0 0 0
0.95 0 0 0 0
0.956667 0 0 0 0
0.963333 0 0 0 0
0.97 0 0 0 0
0.976667 0 0 0 0
0.983333 0 0 0 0
0.99 0 0 0 0
0.996667 0 0 0 0
1.00333 0 0 0 0
1.01 0 0 0 0
1.01667 0 0 0 0
1.02333 0 0 0 0
1.03 0 0 0 0
1.03667 0 0 0 0
1.04333 0 0 0 0
1.05 0 0 0 0
1.05667 0 0 0 0
1.06333 0 0 0 0
1.07 0 0 0 0
1.07667 0 0 0 0
1.08333 0 0 0 0
1.09 0 0 0 0
1.09667 0 0 0 0
1.10333 0 0 0 0
1.11 0 0 0 0
1.11667 0 0 0 0
1.12333 0 0 0 0
1.13 0 0 0 0
1.13667 0 0 0 0
1.14333 0 0 0 0
1.15 0 0 0 0
1.15667 0 0 0 0
1.16333 0 0 0 0
1.17 0 0 0 0
1.17667 0 0 0 0
1.18333 0 0 0 0
1.19 0 0 0 0
1.19667 0 0 0 0
1.20333 0 0 0 0
1.21 0 0 0 0
1.21667 0 0 0 0
1.22333 0 0 0 0
1.23 0 0 0 0
1.23667 0 0 0 0
1.24333 0 0 0 0
1.25 0 0 0 0
1.25667 0 0 0 0
1.26333 0 0 0 0
1.27 0 0 0 0
1.27667 0 0 0 0
1.28333 0 0 0 0
1.29 0 0 0 0
1.29667 0 0 0 0
1.30333 0 0 0 0
1.31 0 0 0 0
1.31667 0 0 0 0
1.32333 0 0 0 0
1.33 0 0 0 0
1.33667 0 0 0 0
1.34333 0 0 0 0
1.35 0 0 0 0
1.35667 0 0 0 0
1.36333 0 0 0 0
1.37 0 0 0 0
1.37667 0 0 0 0
1.38333 0 0 0 0
1.39 0 0 0 0
1.39667 0 0 0 0
1.40333 0 0 0 0
1.41 0 0 0 0
1.41667 0 0 0 0
1.42333 0 0 0 0
1.43 0 0 0 0
1.43667 0 0 0 0
1.44333 0 0 0 0
1.45 0 0 0 0
1.45667 0 0 0 0
1.46333 0 0 0 0
1.47 0 0 0 0
1.47667 0 0 0 0
1.48333 0 0 0 0
1.49 0 0 0 0
1.49667 0 0 0 0
1.50333 0 0 0 0
1.51 0 0 0 0
1.51667 0 0 0 0
1.52333 0 0 0 0
1.53 0 0 0 0
1.53667 0 0 0 0
1.54333 0 0 0 0
1.55 0 0 0 0
1.55667 0 0 0 0
1.56333 0 0 0 0
1.57 0 0 0 0
1.57667 0 0 0 0
1.58333 0 0 0 0
1.59 0 0 0 0
1.59667 0 0 0 0
1.60333 0 0 0 0
1.61 0 0 0 0
1.61667 0 0 0 0
1.62333 0 0 0 0
1.63 0 0 0 0
1.63667 0 0 0 0
1.64333 0 0 0 0
1.65 0 0 0 0
1.65667 0 0 0 0
1.66333 0 0 0 0
1.67 0 0 0 0
1.67667 0 0 0 0
1.68333 0 0 0 0
1.69 0 0 0 0
1.69667 0 0 0 0
1.70333 0 0 0 0
1.71 0 0 0 0
1.71667 0 0 0 0
1.72333 0 0 0 0
1.73 0 0 0 0
1.73667 0 0 0 0
1.74333 0 0 0 0
1.75 0 0 0 0
1.75667 0 0 0 0
1.76333 0 0 0 0
1.77 0 0 0 0
1.77667 0 0 0 0
1.78333 0 0 0 0
1.79 0 0 0 0
1.79667 0 0 0 0
1.80333 0 0 0 0
1.81 0 0 0 0
1.81667 0 0 0 0
1.82333 0 0 0 0
1.83 0 0 0 0
1.83667 0 0 0 0
1.84333 0 0 0 0
1.85 0 0 0 0
1.85667 0 0 0 0
1.86333 0 0 0 0
1.87 0 0 0 0
1.87667 0 0 0 0
1.88333 0 0 0 0
1.89 0 0 0 0
1.89667 0 0 0 0
1.90333 0 0 0 0
1.91 0 0 0 0
1.91667 0 0 0 0
1.92333 0 0 0 0
1.93 0 0 0 0
1.93667 0 0 0 0
1.94333 0 0 0 0
1.95 0 0 0 0
1.95667 0 0 0 0
1.96333 0 0 0 0
1.97 0 0 0 0
1.97667 0 0 0 0
1.98333 0 0 0 0
1.99 0 0 0 0
1.99667 0 0 0 0
