0.00333333 7 30 55 13
0.01 4 24 60 27
0.0166667 9 23 75 33
0.0233333 11 30 77 23
0.03 16 34 79 30
0.0366667 17 26 92 34
0.0433333 24 50 155 60
0.05 20 79 196 66
0.0566667 27 84 200 56
0.0633333 38 93 214 72
0.07 34 82 237 84
0.0766667 39 81 239 90
0.0833333 44 98 281 91
0.09 25 83 248 83
0.0966667 34 85 219 89
0.103333 34 72 241 74
0.11 27 86 240 77
0.116667 32 106 242 85
0.123333 40 67 264 77
0.13 26 64 226 71
0.136667 30 68 218 73
0.143333 34 62 204 60
0.15 37 65 212 71
0.156667 29 51 219 55
0.163333 33 69 212 56
0.17 28 71 187 57
0.176667 24 56 197 67
0.183333 37 48 186 50
0.19 22 55 225 58
0.196667 28 43 197 60
0.203333 31 49 158 50
0.21 29 48 173 45
0.216667 15 49 151 55
0.223333 13 48 171 48
0.23 19 48 157 40
0.236667 18 42 158 39
0.243333 23 42 148 40
0.25 26 44 134 37
0.256667 19 37 132 39
0.263333 16 35 114 38
0.27 19 39 141 39
0.276667 15 40 103 33
0.283333 11 26 115 28
0.29 23 37 111 33
0.296667 14 27 99 27
0.303333 19 32 98 26
0.31 15 41 95 30
0.316667 15 29 102 25
0.323333 9 26 92 23
0.33 17 29 90 31
0.336667 14 27 97 27
0.343333 13 20 84 27
0.35 12 34 80 22
0.356667 19 32 75 26
0.363333 8 29 65 43
0.37 13 26 73 19
0.376667 8 22 86 22
0.383333 7 29 82 30
0.39 12 25 77 24
0.396667 9 21 79 23
0.403333 6 34 66 17
0.41 6 22 76 20
0.416667 5 28 68 31
0.423333 17 16 78 20
0.43 6 22 56 22
0.436667 13 25 53 20
0.443333 10 19 69 24
0.45 7 18 77 23
0.456667 13 17 55 18
0.463333 12 15 67 23
0.47 14 22 78 23
0.476667 3 12 49 20
0.483333 7 18 42 23
0.49 4 19 46 11
0.496667 16 26 43 16
0.503333 6 16 41 11
0.51 6 17 35 14
0.516667 5 13 33 11
0.523333 8 16 39 12
0.53 4 14 34 6
0.536667 9 12 43 8
0.543333 7 22 27 13
0.55 6 16 36 16
0.556667 6 12 46 13
0.563333 14 15 31 8
0.57 5 9 20 7
0.576667 7 14 25 10
0.583333 4 10 46 15
0.59 5 10 35 8
0.596667 4 12 34 5
0.603333 5 19 28 15
0.61 4 12 35 11
0.616667 7 6 35 7
0.623333 5 13 27 12
0.63 5 8 30 11
0.636667 6 20 38 13
0.643333 5 10 37 8
0.65 7 10 27 8
0.656667 4 18 35 6
0.663333 225 438 2107 403
0.67 0 0 0 0
0.676667 0 0 0 0
0.683333 0 0 0 0
0.69 0 0 0 0
0.696667 0 0 0 0
0.703333 0 0 0 0
0.71 0 0 0 0
0.716667 0 0 0 0
0.723333 0 0 0 0
0.73 0 0 0 0
0.736667 0 0 0 0
0.743333 0 0 0 0
0.75 0 0 0 0
0.756667 0 0 0 0
0.763333 0 0 0 0
0.77 0 0 0 0
0.776667 0 0 0 0
0.783333 0 0 0 0
0.79 0 0 0 0
0.796667 0 0 0 0
0.803333 0 0 0 0
0.81 0 0 0 0
0.816667 0 0 0 0
0.823333 0 0 0 0
0.83 0 0 0 0
0.836667 0 0 0 0
0.843333 0 0 0 0
0.85 0 0 0 0
0.856667 0 0 0 0
0.863333 0 0 0 0
0.87 0 0 0 0
0.876667 0 0 0 0
0.883333 0 0 0 0
0.89 0 0 0 0
0.896667 0 0 0 0
0.903333 0 0 0 0
0.91 0 0 0 0
0.916667 0 0 0 0
0.923333 0 0 0 0
0.93 0 0 0 0
0.936667 0 0 0 0
0.943333 0 0 0 0
0.95 0 0 0 0
0.956667 0 0 0 0
0.963333 0 0 0 0
0.97 0 0 0 0
0.976667 0 0 0 0
0.983333 0 0 0 0
0.99 0 0 0 0
0.996667 0 0 0 0
1.00333 0 0 0 0
1.01 0 0 0 0
1.01667 0 0 0 0
1.02333 0 0 0 0
1.03 0 0 0 0
1.03667 0 0 0 0
1.04333 0 0 0 0
1.05 0 0 0 0
1.05667 0 0 0 0
1.06333 0 0 0 0
1.07 0 0 0 0
1.07667 0 0 0 0
1.08333 0 0 0 0
1.09 0 0 0 0
1.09667 0 0 0 0
1.10333 0 0 0 0
1.11 0 0 0 0
1.11667 0 0 0 0
1.12333 0 0 0 0
1.13 0 0 0 0
1.13667 0 0 0 0
1.14333 0 0 0 0
1.15 0 0 0 0
1.15667 0 0 0 0
1.16333 0 0 0 0
1.17 0 0 0 0
1.17667 0 0 0 0
1.18333 0 0 0 0
1.19 0 0 0 0
1.19667 0 0 0 0
1.20333 0 0 0 0
1.21 0 0 0 0
1.21667 0 0 0 0
1.22333 0 0 0 0
1.23 0 0 0 0
1.23667 0 0 0 0
1.24333 0 0 0 0
1.25 0 0 0 0
1.25667 0 0 0 0
1.26333 0 0 0 0
1.27 0 0 0 0
1.27667 0 0 0 0
1.28333 0 0 0 0
1.29 0 0 0 0
1.29667 0 0 0 0
1.30333 0 0 0 0
1.31 0 0 0 0
1.31667 0 0 0 0
1.32333 0 0 0 0
1.33 0 0 0 0
1.33667 0 0 0 0
1.34333 0 0 0 0
1.35 0 0 0 0
1.35667 0 0 0 0
1.36333 0 0 0 0
1.37 0 0 0 0
1.37667 0 0 0 0
1.38333 0 0 0 0
1.39 0 0 0 0
1.39667 0 0 0 0
1.40333 0 0 0 0
1.41 0 0 0 0
1.41667 0 0 0 0
1.42333 0 0 0 0
1.43 0 0 0 0
1.43667 0 0 0 0
1.44333 0 0 0 0
1.45 0 0 0 0
1.45667 0 0 0 0
1.46333 0 0 0 0
1.47 0 0 0 0
1.47667 0 0 0 0
1.48333 0 0 0 0
1.49 0 0 0 0
1.49667 0 0 0 0
1.50333 0 0 0 0
1.51 0 0 0 0
1.51667 0 0 0 0
1.52333 0 0 0 0
1.53 0 0 0 0
1.53667 0 0 0 0
1.54333 0 0 0 0
1.55 0 0 0 0
1.55667 0 0 0 0
1.56333 0 0 0 0
1.57 0 0 0 0
1.57667 0 0 0 0
1.58333 0 0 0 0
1.59 0 0 0 0
1.59667 0 0 0 0
1.60333 0 0 0 0
1.61 0 0 0 0
1.61667 0 0 0 0
1.62333 0 0 0 0
1.63 0 0 0 0
1.63667 0 0 0 0
1.64333 0 0 0 0
1.65 0 0 0 0
1.65667 0 0 0 0
1.66333 0 0 0 0
1.67 0 0 0 0
1.67667 0 0 0 0
1.68333 0 0 0 0
1.69 0 0 0 0
1.69667 0 0 0 0
1.70333 0 0 0 0
1.71 0 0 0 0
1.71667 0 0 0 0
1.72333 0 0 0 0
1.73 0 0 0 0
1.73667 0 0 0 0
1.74333 0 0 0 0
1.75 0 0 0 0
1.75667 0 0 0 0
1.76333 0 0 0 0
1.77 0 0 0 0
1.77667 0 0 0 0
1.78333 0 0 0 0
1.79 0 0 0 0
1.79667 0 0 0 0
1.80333 0 0 0 0
1.81 0 0 0 0
1.81667 0 0 0 0
1.82333 0 0 0 0
1.83 0 0 0 0
1.83667 0 0 0 0
1.84333 0 0 0 0
1.85 0 0 0 0
1.85667 0 0 0 0
1.86333 0 0 0 0
1.87 0 0 0 0
1.87667 0 0 0 0
1.88333 0 0 0 0
1.89 0 0 0 0
1.89667 0 0 0 0
1.90333 0 0 0 0
1.91 0 0 0 0
1.91667 0 0 0 0
1.92333 0 0 0 0
1.93 0 0 0 0
1.93667 0 0 0 0
1.94333 0 0 0 0
1.95 0 0 0 0
1.95667 0 0 0 0
1.96333 0 0 0 0
1.97 0 0 0 0
1.97667 0 0 0 0
1.98333 0 0 0 0
1.99 0 0 0 0
1.99667 0 0 0 0
