0.00333333 8 51 20 30
0.01 8 64 20 25
0.0166667 12 53 43 29
0.0233333 11 61 44 34
0.03 17 61 42 37
0.0366667 17 73 62 37
0.0433333 18 100 75 58
0.05 29 119 109 71
0.0566667 34 138 111 52
0.0633333 36 156 136 74
0.07 35 159 128 92
0.0766667 16 148 135 110
0.0833333 43 148 128 81
0.09 33 156 122 82
0.0966667 29 156 126 80
0.103333 39 166 109 83
0.11 31 157 119 96
0.116667 38 193 146 96
0.123333 37 159 108 84
0.13 27 173 114 76
0.136667 24 149 113 62
0.143333 23 144 102 81
0.15 27 130 78 81
0.156667 23 122 95 87
0.163333 17 130 74 68
0.17 27 121 88 66
0.176667 25 134 79 62
0.183333 26 146 74 55
0.19 16 141 112 86
0.196667 31 139 77 86
0.203333 15 149 83 80
0.21 22 133 75 78
0.216667 19 129 64 54
0.223333 23 115 72 58
0.23 22 139 61 60
0.236667 13 105 78 52
0.243333 20 96 56 47
0.25 19 93 63 48
0.256667 15 82 59 53
0.263333 15 95 39 31
0.27 14 96 58 44
0.276667 20 81 48 41
0.283333 11 76 41 48
0.29 11 87 50 30
0.296667 11 68 48 35
0.303333 8 75 43 42
0.31 10 90 38 30
0.316667 14 68 47 32
0.323333 10 65 46 35
0.33 9 59 36 34
0.336667 10 62 43 34
0.343333 4 51 47 27
0.35 8 69 40 39
0.356667 10 68 40 26
0.363333 11 58 43 37
0.37 9 55 37 26
0.376667 7 56 35 39
0.383333 8 49 24 27
0.39 8 61 39 36
0.396667 9 51 30 25
0.403333 7 55 37 27
0.41 12 43 23 36
0.416667 13 53 28 21
0.423333 7 53 42 30
0.43 9 57 34 22
0.436667 5 45 32 34
0.443333 10 61 25 28
0.45 12 52 33 37
0.456667 9 55 23 28
0.463333 9 53 24 29
0.47 8 45 32 23
0.476667 9 38 34 20
0.483333 12 24 22 18
0.49 5 37 20 22
0.496667 8 26 19 17
0.503333 4 34 17 22
0.51 4 33 26 13
0.516667 3 28 21 22
0.523333 4 26 18 6
0.53 3 29 10 14
0.536667 9 24 13 8
0.543333 5 23 17 14
0.55 5 28 17 14
0.556667 6 23 16 10
0.563333 6 27 12 20
0.57 5 29 14 12
0.576667 5 26 18 18
0.583333 6 26 23 21
0.59 2 20 12 11
0.596667 4 25 19 10
0.603333 4 27 13 12
0.61 4 25 13 4
0.616667 4 13 12 15
0.623333 6 24 16 9
0.63 6 25 17 9
0.636667 7 25 15 11
0.643333 2 26 11 7
0.65 2 23 11 14
0.656667 2 24 13 16
0.663333 154 1483 624 762
0.67 0 0 0 0
0.676667 0 0 0 0
0.683333 0 0 0 0
0.69 0 0 0 0
0.696667 0 0 0 0
0.703333 0 0 0 0
0.71 0 0 0 0
0.716667 0 0 0 0
0.723333 0 0 0 0
0.73 0 0 0 0
0.736667 0 0 0 0
0.743333 0 0 0 0
0.75 0 0 0 0
0.756667 0 0 0 0
0.763333 0 0 0 0
0.77 0 0 0 0
0.776667 0 0 0 0
0.783333 0 0 0 0
0.79 0 0 0 0
0.796667 0 0 0 0
0.803333 0 0 0 0
0.81 0 0 0 0
0.816667 0 0 0 0
0.823333 0 0 0 0
0.83 0 0 0 0
0.836667 0 0 0 0
0.843333 0 0 0 0
0.85 0 0 0 0
0.856667 0 0 0 0
0.863333 0 0 0 0
0.87 0 0 0 0
0.876667 0 0 0 0
0.883333 0 0 0 0
0.89 0 0 0 0
0.896667 0 0 0 0
0.903333 0 0 0 0
0.91 0 0 0 0
0.916667 0 0 0 0
0.923333 0 0 0 0
0.93 0 0 0 0
0.936667 0 0 0 0
0.943333 0 0 0 0
0.95 0 0 0 0
0.956667 0 0 0 0
0.963333 0 0 0 0
0.97 0 0 0 0
0.976667 0 0 0 0
0.983333 0 0 0 0
0.99 0 0 0 0
0.996667 0 0 0 0
1.00333 0 0 0 0
1.01 0 0 0 0
1.01667 0 0 0 0
1.02333 0 0 0 0
1.03 0 0 0 0
1.03667 0 0 0 0
1.04333 0 0 0 0
1.05 0 0 0 0
1.05667 0 0 0 0
1.06333 0 0 0 0
1.07 0 0 0 0
1.07667 0 0 0 0
1.08333 0 0 0 0
1.09 0 0 0 0
1.09667 0 0 0 0
1.10333 0 0 0 0
1.11 0 0 0 0
1.11667 0 0 0 0
1.12333 0 0 0 0
1.13 0 0 0 0
1.13667 0 0 0 0
1.14333 0 0 0 0
1.15 0 0 0 0
1.15667 0 0 0 0
1.16333 0 0 0 0
1.17 0 0 0 0
1.17667 0 0 0 0
1.18333 0 0 0 0
1.19 0 0 0 0
1.19667 0 0 0 0
1.20333 0 0 0 0
1.21 0 0 0 0
1.21667 0 0 0 0
1.22333 0 0 0 0
1.23 0 0 0 0
1.23667 0 0 0 0
1.24333 0 0 0 0
1.25 0 0 0 0
1.25667 0 0 0 0
1.26333 0 0 0 0
1.27 0 0 0 0
1.27667 0 0 0 0
1.28333 0 0 0 0
1.29 0 0 0 0
1.29667 0 0 0 0
1.30333 0 0 0 0
1.31 0 0 0 0
1.31667 0 0 0 0
1.32333 0 0 0 0
1.33 0 0 0 0
1.33667 0 0 0 0
1.34333 0 0 0 0
1.35 0 0 0 0
1.35667 0 0 0 0
1.36333 0 0 0 0
1.37 0 0 0 0
1.37667 0 0 0 0
1.38333 0 0 0 0
1.39 0 0 0 0
1.39667 0 0 0 0
1.40333 0 0 0 0
1.41 0 0 0 0
1.41667 0 0 0 0
1.42333 0 0 0 0
1.43 0 0 0 0
1.43667 0 0 0 0
1.44333 0 0 0 0
1.45 0 0 0 0
1.45667 0 0 0 0
1.46333 0 0 0 0
1.47 0 0 0 0
1.47667 0 0 0 0
1.48333 0 0 0 0
1.49 0 0 0 0
1.49667 0 0 0 0
1.50333 0 0 0 0
1.51 0 0 0 0
1.51667 0 0 0 0
1.52333 0 0 0 0
1.53 0 0 0 0
1.53667 0 0 0 0
1.54333 0 0 0 0
1.55 0 0 0 0
1.55667 0 0 0 0
1.56333 0 0 0 0
1.57 0 0 0 0
1.57667 0 0 0 0
1.58333 0 0 0 0
1.59 0 0 0 0
1.59667 0 0 0 0
1.60333 0 0 0 0
1.61 0 0 0 0
1.61667 0 0 0 0
1.62333 0 0 0 0
1.63 0 0 0 0
1.63667 0 0 0 0
1.64333 0 0 0 0
1.65 0 0 0 0
1.65667 0 0 0 0
1.66333 0 0 0 0
1.67 0 0 0 0
1.67667 0 0 0 0
1.68333 0 0 0 0
1.69 0 0 0 0
1.69667 0 0 0 0
1.70333 0 0 0 0
1.71 0 0 0 0
1.71667 0 0 0 0
1.72333 0 0 0 0
1.73 0 0 0 0
1.73667 0 0 0 0
1.74333 0 0 0 0
1.75 0 0 0 0
1.75667 0 0 0 0
1.76333 0 0 0 0
1.77 0 0 0 0
1.77667 0 0 0 0
1.78333 0 0 0 0
1.79 0 0 0 0
1.79667 0 0 0 0
1.80333 0 0 0 0
1.81 0 0 0 0
1.81667 0 0 0 0
1.82333 0 0 0 0
1.83 0 0 0 0
1.83667 0 0 0 0
1.84333 0 0 0 0
1.85 0 0 0 0
1.85667 0 0 0 0
1.86333 0 0 0 0
1.87 0 0 0 0
1.87667 0 0 0 0
1.88333 0 0 0 0
1.89 0 0 0 0
1.89667 0 0 0 0
1.90333 0 0 0 0
1.91 0 0 0 0
1.91667 0 0 0 0
1.92333 0 0 0 0
1.93 0 0 0 0
1.93667 0 0 0 0
1.94333 0 0 0 0
1.95 0 0 0 0
1.95667 0 0 0 0
1.96333 0 0 0 0
1.97 0 0 0 0
1.97667 0 0 0 0
1.98333 0 0 0 0
1.99 0 0 0 0
1.99667 0 0 0 0
