0.00333333 10 41 28 13
0.01 16 34 43 13
0.0166667 17 38 35 7
0.0233333 18 53 51 19
0.03 31 56 48 11
0.0366667 21 70 59 14
0.0433333 41 98 69 27
0.05 38 130 105 36
0.0566667 50 144 114 35
0.0633333 62 142 102 38
0.07 62 149 127 36
0.0766667 71 163 123 31
0.0833333 68 158 114 40
0.09 71 159 123 53
0.0966667 57 156 132 42
0.103333 65 139 106 40
0.11 71 149 119 39
0.116667 65 130 127 52
0.123333 58 146 126 33
0.13 48 155 108 39
0.136667 52 101 121 26
0.143333 65 140 125 30
0.15 41 129 97 30
0.156667 50 134 83 15
0.163333 37 128 97 34
0.17 63 111 84 30
0.176667 42 113 83 24
0.183333 49 106 97 42
0.19 32 131 133 33
0.196667 50 102 113 28
0.203333 39 87 104 26
0.21 37 112 95 35
0.216667 38 109 98 32
0.223333 33 94 97 29
0.23 41 80 71 18
0.236667 31 91 69 28
0.243333 35 79 69 29
0.25 34 85 71 21
0.256667 30 73 55 22
0.263333 30 72 59 13
0.27 29 64 56 20
0.276667 21 79 56 24
0.283333 21 65 51 20
0.29 19 71 64 15
0.296667 31 66 50 18
0.303333 21 57 57 18
0.31 32 60 57 17
0.316667 14 56 55 23
0.323333 22 65 52 16
0.33 20 55 48 21
0.336667 18 54 38 23
0.343333 22 57 45 9
0.35 19 60 52 12
0.356667 24 46 45 19
0.363333 22 55 29 15
0.37 15 50 40 16
0.376667 16 54 32 12
0.383333 21 47 51 10
0.39 22 38 34 16
0.396667 20 49 40 7
0.403333 22 44 42 17
0.41 22 38 31 17
0.416667 13 43 42 14
0.423333 12 54 25 11
0.43 14 47 40 11
0.436667 14 44 23 8
0.443333 20 34 27 11
0.45 17 41 43 6
0.456667 17 37 20 14
0.463333 16 47 37 10
0.47 15 34 41 12
0.476667 22 50 39 12
0.483333 12 27 15 13
0.49 15 27 22 12
0.496667 15 32 23 10
0.503333 12 27 22 12
0.51 9 18 26 7
0.516667 14 27 21 9
0.523333 11 29 32 8
0.53 14 29 21 8
0.536667 7 22 16 6
0.543333 10 26 15 9
0.55 7 28 15 8
0.556667 7 20 22 10
0.563333 14 20 25 8
0.57 12 28 12 10
0.576667 16 18 12 3
0.583333 11 22 19 7
0.59 7 21 16 7
0.596667 11 17 21 11
0.603333 6 26 17 6
0.61 7 32 20 6
0.616667 9 25 23 4
0.623333 15 17 21 4
0.63 10 27 17 6
0.636667 5 24 20 8
0.643333 5 19 13 3
0.65 14 27 13 4
0.656667 6 15 13 6
0.663333 369 1018 804 255
0.67 0 0 0 0
0.676667 0 0 0 0
0.683333 0 0 0 0
0.69 0 0 0 0
0.696667 0 0 0 0
0.703333 0 0 0 0
0.71 0 0 0 0
0.716667 0 0 0 0
0.723333 0 0 0 0
0.73 0 0 0 0
0.736667 0 0 0 0
0.743333 0 0 0 0
0.75 0 0 0 0
0.756667 0 0 0 0
0.763333 0 0 0 0
0.77 0 0 0 0
0.776667 0 0 0 0
0.783333 0 0 0 0
0.79 0 0 0 0
0.796667 0 0 0 0
0.803333 0 0 0 0
0.81 0 0 0 0
0.816667 0 0 0 0
0.823333 0 0 0 0
0.83 0 0 0 0
0.836667 0 0 0 0
0.843333 0 0 0 0
0.85 0 0 0 0
0.856667 0 0 0 0
0.863333 0 0 0 0
0.87 0 0 0 0
0.876667 0 0 0 0
0.883333 0 0 0 0
0.89 0 0 0 0
0.896667 0 0 0 0
0.903333 0 0 0 0
0.91 0 0 0 0
0.916667 0 0 0 0
0.923333 0 0 0 0
0.93 0 0 0 0
0.936667 0 0 0 0
0.943333 0 0 0 0
0.95 0 0 0 0
0.956667 0 0 0 0
0.963333 0 0 0 0
0.97 0 0 0 0
0.976667 0 0 0 0
0.983333 0 0 0 0
0.99 0 0 0 0
0.996667 0 0 0 0
1.00333 0 0 0 0
1.01 0 0 0 0
1.01667 0 0 0 0
1.02333 0 0 0 0
1.03 0 0 0 0
1.03667 0 0 0 0
1.04333 0 0 0 0
1.05 0 0 0 0
1.05667 0 0 0 0
1.06333 0 0 0 0
1.07 0 0 0 0
1.07667 0 0 0 0
1.08333 0 0 0 0
1.09 0 0 0 0
1.09667 0 0 0 0
1.10333 0 0 0 0
1.11 0 0 0 0
1.11667 0 0 0 0
1.12333 0 0 0 0
1.13 0 0 0 0
1.13667 0 0 0 0
1.14333 0 0 0 0
1.15 0 0 0 0
1.15667 0 0 0 0
1.16333 0 0 0 0
1.17 0 0 0 0
1.17667 0 0 0 0
1.18333 0 0 0 0
1.19 0 0 0 0
1.19667 0 0 0 0
1.20333 0 0 0 0
1.21 0 0 0 0
1.21667 0 0 0 0
1.22333 0 0 0 0
1.23 0 0 0 0
1.23667 0 0 0 0
1.24333 0 0 0 0
1.25 0 0 0 0
1.25667 0 0 0 0
1.26333 0 0 0 0
1.27 0 0 0 0
1.27667 0 0 0 0
1.28333 0 0 0 0
1.29 0 0 0 0
1.29667 0 0 0 0
1.30333 0 0 0 0
1.31 0 0 0 0
1.31667 0 0 0 0
1.32333 0 0 0 0
1.33 0 0 0 0
1.33667 0 0 0 0
1.34333 0 0 0 0
1.35 0 0 0 0
1.35667 0 0 0 0
1.36333 0 0 0 0
1.37 0 0 0 0
1.37667 0 0 0 0
1.38333 0 0 0 0
1.39 0 0 0 0
1.39667 0 0 0 0
1.40333 0 0 0 0
1.41 0 0 0 0
1.41667 0 0 0 0
1.42333 0 0 0 0
1.43 0 0 0 0
1.43667 0 0 0 0
1.44333 0 0 0 0
1.45 0 0 0 0
1.45667 0 0 0 0
1.46333 0 0 0 0
1.47 0 0 0 0
1.47667 0 0 0 0
1.48333 0 0 0 0
1.49 0 0 0 0
1.49667 0 0 0 0
1.50333 0 0 0 0
1.51 0 0 0 0
1.51667 0 0 0 0
1.52333 0 0 0 0
1.53 0 0 0 0
1.53667 0 0 0 0
1.54333 0 0 0 0
1.55 0 0 0 0
1.55667 0 0 0 0
1.56333 0 0 0 0
1.57 0 0 0 0
1.57667 0 0 0 0
1.58333 0 0 0 0
1.59 0 0 0 0
1.59667 0 0 0 0
1.60333 0 0 0 0
1.61 0 0 0 0
1.61667 0 0 0 0
1.62333 0 0 0 0
1.63 0 0 0 0
1.63667 0 0 0 0
1.64333 0 0 0 0
1.65 0 0 0 0
1.65667 0 0 0 0
1.66333 0 0 0 0
1.67 0 0 0 0
1.67667 0 0 0 0
1.68333 0 0 0 0
1.69 0 0 0 0
1.69667 0 0 0 0
1.70333 0 0 0 0
1.71 0 0 0 0
1.71667 0 0 0 0
1.72333 0 0 0 0
1.73 0 0 0 0
1.73667 0 0 0 0
1.74333 0 0 0 0
1.75 0 0 0 0
1.75667 0 0 0 0
1.76333 0 0 0 0
1.77 0 0 0 0
1.77667 0 0 0 0
1.78333 0 0 0 0
1.79 0 0 0 0
1.79667 0 0 0 0
1.80333 0 0 0 0
1.81 0 0 0 0
1.81667 0 0 0 0
1.82333 0 0 0 0
1.83 0 0 0 0
1.83667 0 0 0 0
1.84333 0 0 0 0
1.85 0 0 0 0
1.85667 0 0 0 0
1.86333 0 0 0 0
1.87 0 0 0 0
1.87667 0 0 0 0
1.88333 0 0 0 0
1.89 0 0 0 0
1.89667 0 0 0 0
1.90333 0 0 0 0
1.91 0 0 0 0
1.91667 0 0 0 0
1.92333 0 0 0 0
1.93 0 0 0 0
1.93667 0 0 0 0
1.94333 0 0 0 0
1.95 0 0 0 0
1.95667 0 0 0 0
1.96333 0 0 0 0
1.97 0 0 0 0
1.97667 0 0 0 0
1.98333 0 0 0 0
1.99 0 0 0 0
1.99667 0 0 0 0
