0.00333333 1 33 16 93
0.01 5 42 14 80
0.0166667 4 22 16 96
0.0233333 2 36 13 93
0.03 1 22 12 97
0.0366667 1 22 25 98
0.0433333 4 39 32 104
0.05 10 31 35 97
0.0566667 1 35 30 116
0.0633333 2 29 32 129
0.07 5 35 32 130
0.0766667 8 39 39 121
0.0833333 7 47 32 122
0.09 8 45 35 138
0.0966667 7 50 40 126
0.103333 5 49 38 140
0.11 8 37 44 121
0.116667 5 49 39 143
0.123333 6 44 49 155
0.13 9 44 32 116
0.136667 7 66 28 156
0.143333 9 40 39 145
0.15 4 56 27 140
0.156667 8 50 31 131
0.163333 3 43 44 142
0.17 6 60 26 154
0.176667 4 41 31 151
0.183333 3 56 26 171
0.19 7 53 35 234
0.196667 3 54 16 244
0.203333 1 41 23 196
0.21 2 61 18 205
0.216667 3 52 21 209
0.223333 6 45 24 185
0.23 1 48 27 175
0.236667 4 42 34 166
0.243333 9 48 20 164
0.25 4 33 22 138
0.256667 4 40 29 123
0.263333 3 46 16 140
0.27 4 33 20 136
0.276667 5 38 16 114
0.283333 4 36 16 120
0.29 2 36 23 106
0.296667 4 42 18 115
0.303333 2 43 30 97
0.31 2 37 24 99
0.316667 2 31 20 123
0.323333 4 38 18 105
0.33 2 30 16 89
0.336667 4 33 13 82
0.343333 3 46 24 105
0.35 4 31 25 74
0.356667 3 31 17 93
0.363333 5 34 21 87
0.37 0 42 16 108
0.376667 1 23 14 97
0.383333 0 33 23 85
0.39 1 26 17 81
0.396667 1 27 26 93
0.403333 0 44 11 79
0.41 6 33 17 95
0.416667 2 35 19 93
0.423333 1 28 19 96
0.43 2 35 7 82
0.436667 0 44 16 103
0.443333 3 25 19 99
0.45 2 39 8 93
0.456667 3 31 17 106
0.463333 3 25 13 116
0.47 3 35 15 87
0.476667 2 24 9 88
0.483333 0 14 11 42
0.49 0 11 11 26
0.496667 5 9 14 41
0.503333 0 7 9 30
0.51 0 4 10 35
0.516667 1 10 7 29
0.523333 1 8 10 26
0.53 1 7 3 21
0.536667 2 5 8 23
0.543333 0 4 12 19
0.55 1 4 11 19
0.556667 5 3 6 21
0.563333 2 6 11 23
0.57 2 3 12 13
0.576667 0 0 13 22
0.583333 1 5 8 16
0.59 1 4 8 20
0.596667 4 3 7 8
0.603333 0 4 5 15
0.61 1 4 4 25
0.616667 1 4 5 12
0.623333 1 3 7 5
0.63 1 9 2 21
0.636667 0 9 9 34
0.643333 4 4 5 15
0.65 0 5 10 13
0.656667 0 2 8 10
0.663333 40 1859 245 6856
0.67 0 0 0 0
0.676667 0 0 0 0
0.683333 0 0 0 0
0.69 0 0 0 0
0.696667 0 0 0 0
0.703333 0 0 0 0
0.71 0 0 0 0
0.716667 0 0 0 0
0.723333 0 0 0 0
0.73 0 0 0 0
0.736667 0 0 0 0
0.743333 0 0 0 0
0.75 0 0 0 0
0.756667 0 0 0 0
0.763333 0 0 0 0
0.77 0 0 0 0
0.776667 0 0 0 0
0.783333 0 0 0 0
0.79 0 0 0 0
0.796667 0 0 0 0
0.803333 0 0 0 0
0.81 0 0 0 0
0.816667 0 0 0 0
0.823333 0 0 0 0
0.83 0 0 0 0
0.836667 0 0 0 0
0.843333 0 0 0 0
0.85 0 0 0 0
0.856667 0 0 0 0
0.863333 0 0 0 0
0.87 0 0 0 0
0.876667 0 0 0 0
0.883333 0 0 0 0
0.89 0 0 0 0
0.896667 0 0 0 0
0.903333 0 0 0 0
0.91 0 0 0 0
0.916667 0 0 0 0
0.923333 0 0 0 0
0.93 0 0 0 0
0.936667 0 0 0 0
0.943333 0 0 0 0
0.95 0 0 0 0
0.956667 0 0 0 0
0.963333 0 0 0 0
0.97 0 0 0 0
0.976667 0 0 0 0
0.983333 0 0 0 0
0.99 0 0 0 0
0.996667 0 0 0 0
1.00333 0 0 0 0
1.01 0 0 0 0
1.01667 0 0 0 0
1.02333 0 0 0 0
1.03 0 0 0 0
1.03667 0 0 0 0
1.04333 0 0 0 0
1.05 0 0 0 0
1.05667 0 0 0 0
1.06333 0 0 0 0
1.07 0 0 0 0
1.07667 0 0 0 0
1.08333 0 0 0 0
1.09 0 0 0 0
1.09667 0 0 0 0
1.10333 0 0 0 0
1.11 0 0 0 0
1.11667 0 0 0 0
1.12333 0 0 0 0
1.13 0 0 0 0
1.13667 0 0 0 0
1.14333 0 0 0 0
1.15 0 0 0 0
1.15667 0 0 0 0
1.16333 0 0 0 0
1.17 0 0 0 0
1.17667 0 0 0 0
1.18333 0 0 0 0
1.19 0 0 0 0
1.19667 0 0 0 0
1.20333 0 0 0 0
1.21 0 0 0 0
1.21667 0 0 0 0
1.22333 0 0 0 0
1.23 0 0 0 0
1.23667 0 0 0 0
1.24333 0 0 0 0
1.25 0 0 0 0
1.25667 0 0 0 0
1.26333 0 0 0 0
1.27 0 0 0 0
1.27667 0 0 0 0
1.28333 0 0 0 0
1.29 0 0 0 0
1.29667 0 0 0 0
1.30333 0 0 0 0
1.31 0 0 0 0
1.31667 0 0 0 0
1.32333 0 0 0 0
1.33 0 0 0 0
1.33667 0 0 0 0
1.34333 0 0 0 0
1.35 0 0 0 0
1.35667 0 0 0 0
1.36333 0 0 0 0
1.37 0 0 0 0
1.37667 0 0 0 0
1.38333 0 0 0 0
1.39 0 0 0 0
1.39667 0 0 0 0
1.40333 0 0 0 0
1.41 0 0 0 0
1.41667 0 0 0 0
1.42333 0 0 0 0
1.43 0 0 0 0
1.43667 0 0 0 0
1.44333 0 0 0 0
1.45 0 0 0 0
1.45667 0 0 0 0
1.46333 0 0 0 0
1.47 0 0 0 0
1.47667 0 0 0 0
1.48333 0 0 0 0
1.49 0 0 0 0
1.49667 0 0 0 0
1.50333 0 0 0 0
1.51 0 0 0 0
1.51667 0 0 0 0
1.52333 0 0 0 0
1.53 0 0 0 0
1.53667 0 0 0 0
1.54333 0 0 0 0
1.55 0 0 0 0
1.55667 0 0 0 0
1.56333 0 0 0 0
1.57 0 0 0 0
1.57667 0 0 0 0
1.58333 0 0 0 0
1.59 0 0 0 0
1.59667 0 0 0 0
1.60333 0 0 0 0
1.61 0 0 0 0
1.61667 0 0 0 0
1.62333 0 0 0 0
1.63 0 0 0 0
1.63667 0 0 0 0
1.64333 0 0 0 0
1.65 0 0 0 0
1.65667 0 0 0 0
1.66333 0 0 0 0
1.67 0 0 0 0
1.67667 0 0 0 0
1.68333 0 0 0 0
1.69 0 0 0 0
1.69667 0 0 0 0
1.70333 0 0 0 0
1.71 0 0 0 0
1.71667 0 0 0 0
1.72333 0 0 0 0
1.73 0 0 0 0
1.73667 0 0 0 0
1.74333 0 0 0 0
1.75 0 0 0 0
1.75667 0 0 0 0
1.76333 0 0 0 0
1.77 0 0 0 0
1.77667 0 0 0 0
1.78333 0 0 0 0
1.79 0 0 0 0
1.79667 0 0 0 0
1.80333 0 0 0 0
1.81 0 0 0 0
1.81667 0 0 0 0
1.82333 0 0 0 0
1.83 0 0 0 0
1.83667 0 0 0 0
1.84333 0 0 0 0
1.85 0 0 0 0
1.85667 0 0 0 0
1.86333 0 0 0 0
1.87 0 0 0 0
1.87667 0 0 0 0
1.88333 0 0 0 0
1.89 0 0 0 0
1.89667 0 0 0 0
1.90333 0 0 0 0
1.91 0 0 0 0
1.91667 0 0 0 0
1.92333 0 0 0 0
1.93 0 0 0 0
1.93667 0 0 0 0
1.94333 0 0 0 0
1.95 0 0 0 0
1.95667 0 0 0 0
1.96333 0 0 0 0
1.97 0 0 0 0
1.97667 0 0 0 0
1.98333 0 0 0 0
1.99 0 0 0 0
1.99667 0 0 0 0
