0.00333333 6 17 54 29
0.01 5 18 86 23
0.0166667 12 19 78 35
0.0233333 12 23 93 38
0.03 12 26 79 37
0.0366667 13 33 102 36
0.0433333 11 44 126 64
0.05 24 64 199 78
0.0566667 29 92 209 95
0.0633333 24 88 249 100
0.07 32 88 268 116
0.0766667 25 88 288 124
0.0833333 33 75 295 119
0.09 27 83 263 122
0.0966667 30 82 261 116
0.103333 27 73 256 120
0.11 31 77 267 112
0.116667 29 85 278 135
0.123333 29 78 286 108
0.13 32 61 230 112
0.136667 24 60 238 88
0.143333 27 63 217 94
0.15 30 56 200 93
0.156667 23 65 231 89
0.163333 18 64 197 90
0.17 25 63 195 81
0.176667 18 59 180 87
0.183333 21 58 208 73
0.19 23 61 241 96
0.196667 27 64 215 76
0.203333 15 59 202 76
0.21 21 48 178 64
0.216667 16 47 171 72
0.223333 18 62 189 70
0.23 14 39 135 55
0.236667 13 53 155 57
0.243333 10 37 144 72
0.25 27 34 131 45
0.256667 17 43 102 54
0.263333 10 37 129 47
0.27 12 45 112 58
0.276667 10 36 122 40
0.283333 10 31 118 45
0.29 9 42 117 47
0.296667 8 29 116 46
0.303333 7 27 95 49
0.31 14 28 113 33
0.316667 10 24 87 39
0.323333 9 33 101 36
0.33 14 26 98 39
0.336667 8 34 105 36
0.343333 9 20 100 39
0.35 9 29 76 49
0.356667 8 29 86 31
0.363333 10 26 78 31
0.37 11 21 86 30
0.376667 8 32 69 31
0.383333 13 22 87 35
0.39 9 23 79 25
0.396667 7 22 80 29
0.403333 6 23 70 35
0.41 8 17 69 34
0.416667 8 30 54 39
0.423333 12 28 49 26
0.43 8 28 59 34
0.436667 9 16 76 36
0.443333 9 20 75 23
0.45 8 29 73 23
0.456667 5 19 80 31
0.463333 11 20 67 32
0.47 13 14 66 28
0.476667 12 18 49 33
0.483333 7 15 52 20
0.49 7 17 47 7
0.496667 6 15 50 20
0.503333 11 14 37 23
0.51 6 17 36 19
0.516667 7 13 42 15
0.523333 5 10 43 18
0.53 2 13 26 18
0.536667 6 15 40 13
0.543333 4 16 41 18
0.55 4 12 34 15
0.556667 2 10 37 16
0.563333 8 9 35 7
0.57 1 17 35 11
0.576667 5 11 27 13
0.583333 9 12 43 18
0.59 3 13 33 11
0.596667 5 14 33 16
0.603333 4 9 27 12
0.61 5 16 31 10
0.616667 4 11 38 14
0.623333 1 14 24 12
0.63 4 17 23 7
0.636667 3 13 35 16
0.643333 5 11 35 13
0.65 3 7 38 11
0.656667 4 11 28 11
0.663333 150 430 1982 619
0.67 0 0 0 0
0.676667 0 0 0 0
0.683333 0 0 0 0
0.69 0 0 0 0
0.696667 0 0 0 0
0.703333 0 0 0 0
0.71 0 0 0 0
0.716667 0 0 0 0
0.723333 0 0 0 0
0.73 0 0 0 0
0.736667 0 0 0 0
0.743333 0 0 0 0
0.75 0 0 0 0
0.756667 0 0 0 0
0.763333 0 0 0 0
0.77 0 0 0 0
0.776667 0 0 0 0
0.783333 0 0 0 0
0.79 0 0 0 0
0.796667 0 0 0 0
0.803333 0 0 0 0
0.81 0 0 0 0
0.816667 0 0 0 0
0.823333 0 0 0 0
0.83 0 0 0 0
0.836667 0 0 0 0
0.843333 0 0 0 0
0.85 0 0 0 0
0.856667 0 0 0 0
0.863333 0 0 0 0
0.87 0 0 0 0
0.876667 0 0 0 0
0.883333 0 0 0 0
0.89 0 0 0 0
0.896667 0 0 0 0
0.903333 0 0 0 0
0.91 0 0 0 0
0.916667 0 0 0 0
0.923333 0 0 0 0
0.93 0 0 0 0
0.936667 0 0 0 0
0.943333 0 0 0 0
0.95 0 0 0 0
0.956667 0 0 0 0
0.963333 0 0 0 0
0.97 0 0 0 0
0.976667 0 0 0 0
0.983333 0 0 0 0
0.99 0 0 0 0
0.996667 0 0 0 0
1.00333 0 0 0 0
1.01 0 0 0 0
1.01667 0 0 0 0
1.02333 0 0 0 0
1.03 0 0 0 0
1.03667 0 0 0 0
1.04333 0 0 0 0
1.05 0 0 0 0
1.05667 0 0 0 0
1.06333 0 0 0 0
1.07 0 0 0 0
1.07667 0 0 0 0
1.08333 0 0 0 0
1.09 0 0 0 0
1.09667 0 0 0 0
1.10333 0 0 0 0
1.11 0 0 0 0
1.11667 0 0 0 0
1.12333 0 0 0 0
1.13 0 0 0 0
1.13667 0 0 0 0
1.14333 0 0 0 0
1.15 0 0 0 0
1.15667 0 0 0 0
1.16333 0 0 0 0
1.17 0 0 0 0
1.17667 0 0 0 0
1.18333 0 0 0 0
1.19 0 0 0 0
1.19667 0 0 0 0
1.20333 0 0 0 0
1.21 0 0 0 0
1.21667 0 0 0 0
1.22333 0 0 0 0
1.23 0 0 0 0
1.23667 0 0 0 0
1.24333 0 0 0 0
1.25 0 0 0 0
1.25667 0 0 0 0
1.26333 0 0 0 0
1.27 0 0 0 0
1.27667 0 0 0 0
1.28333 0 0 0 0
1.29 0 0 0 0
1.29667 0 0 0 0
1.30333 0 0 0 0
1.31 0 0 0 0
1.31667 0 0 0 0
1.32333 0 0 0 0
1.33 0 0 0 0
1.33667 0 0 0 0
1.34333 0 0 0 0
1.35 0 0 0 0
1.35667 0 0 0 0
1.36333 0 0 0 0
1.37 0 0 0 0
1.37667 0 0 0 0
1.38333 0 0 0 0
1.39 0 0 0 0
1.39667 0 0 0 0
1.40333 0 0 0 0
1.41 0 0 0 0
1.41667 0 0 0 0
1.42333 0 0 0 0
1.43 0 0 0 0
1.43667 0 0 0 0
1.44333 0 0 0 0
1.45 0 0 0 0
1.45667 0 0 0 0
1.46333 0 0 0 0
1.47 0 0 0 0
1.47667 0 0 0 0
1.48333 0 0 0 0
1.49 0 0 0 0
1.49667 0 0 0 0
1.50333 0 0 0 0
1.51 0 0 0 0
1.51667 0 0 0 0
1.52333 0 0 0 0
1.53 0 0 0 0
1.53667 0 0 0 0
1.54333 0 0 0 0
1.55 0 0 0 0
1.55667 0 0 0 0
1.56333 0 0 0 0
1.57 0 0 0 0
1.57667 0 0 0 0
1.58333 0 0 0 0
1.59 0 0 0 0
1.59667 0 0 0 0
1.60333 0 0 0 0
1.61 0 0 0 0
1.61667 0 0 0 0
1.62333 0 0 0 0
1.63 0 0 0 0
1.63667 0 0 0 0
1.64333 0 0 0 0
1.65 0 0 0 0
1.65667 0 0 0 0
1.66333 0 0 0 0
1.67 0 0 0 0
1.67667 0 0 0 0
1.68333 0 0 0 0
1.69 0 0 0 0
1.69667 0 0 0 0
1.70333 0 0 0 0
1.71 0 0 0 0
1.71667 0 0 0 0
1.72333 0 0 0 0
1.73 0 0 0 0
1.73667 0 0 0 0
1.74333 0 0 0 0
1.75 0 0 0 0
1.75667 0 0 0 0
1.76333 0 0 0 0
1.77 0 0 0 0
1.77667 0 0 0 0
1.78333 0 0 0 0
1.79 0 0 0 0
1.79667 0 0 0 0
1.80333 0 0 0 0
1.81 0 0 0 0
1.81667 0 0 0 0
1.82333 0 0 0 0
1.83 0 0 0 0
1.83667 0 0 0 0
1.84333 0 0 0 0
1.85 0 0 0 0
1.85667 0 0 0 0
1.86333 0 0 0 0
1.87 0 0 0 0
1.87667 0 0 0 0
1.88333 0 0 0 0
1.89 0 0 0 0
1.89667 0 0 0 0
1.90333 0 0 0 0
1.91 0 0 0 0
1.91667 0 0 0 0
1.92333 0 0 0 0
1.93 0 0 0 0
1.93667 0 0 0 0
1.94333 0 0 0 0
1.95 0 0 0 0
1.95667 0 0 0 0
1.96333 0 0 0 0
1.97 0 0 0 0
1.97667 0 0 0 0
1.98333 0 0 0 0
1.99 0 0 0 0
1.99667 0 0 0 0
