0.00333333 10 12 48 14
0.01 7 24 46 22
0.0166667 9 31 54 21
0.0233333 6 21 47 21
0.03 10 39 58 30
0.0366667 8 37 99 35
0.0433333 17 43 104 50
0.05 16 77 141 61
0.0566667 25 69 132 79
0.0633333 27 67 183 70
0.07 29 82 169 77
0.0766667 45 78 170 69
0.0833333 28 93 190 76
0.09 32 79 216 86
0.0966667 37 101 183 85
0.103333 31 66 200 96
0.11 33 76 200 77
0.116667 24 60 198 79
0.123333 17 70 167 84
0.13 22 61 208 77
0.136667 25 65 187 71
0.143333 23 70 143 57
0.15 19 65 189 51
0.156667 31 57 147 56
0.163333 24 56 167 65
0.17 21 57 148 58
0.176667 24 73 138 74
0.183333 25 60 128 50
0.19 17 49 162 58
0.196667 20 56 139 43
0.203333 26 53 122 61
0.21 17 52 160 52
0.216667 15 41 135 51
0.223333 18 55 138 50
0.23 13 42 122 41
0.236667 14 52 105 46
0.243333 19 56 98 31
0.25 8 38 89 50
0.256667 18 43 94 42
0.263333 14 39 94 51
0.27 16 25 98 38
0.276667 21 25 108 44
0.283333 14 33 85 28
0.29 11 40 77 31
0.296667 17 40 74 36
0.303333 10 30 80 34
0.31 17 39 93 37
0.316667 8 30 76 28
0.323333 11 29 69 38
0.33 11 36 75 27
0.336667 8 27 77 23
0.343333 4 29 67 25
0.35 4 26 85 29
0.356667 11 37 63 31
0.363333 9 30 53 28
0.37 8 21 59 24
0.376667 6 22 64 32
0.383333 6 37 70 19
0.39 13 21 70 27
0.396667 11 26 71 13
0.403333 9 20 51 36
0.41 8 25 67 29
0.416667 10 23 73 27
0.423333 14 21 48 22
0.43 6 22 45 29
0.436667 9 31 56 19
0.443333 3 28 49 20
0.45 7 24 61 20
0.456667 8 14 56 28
0.463333 9 14 58 21
0.47 11 25 55 29
0.476667 7 23 51 17
0.483333 5 11 39 15
0.49 5 19 31 22
0.496667 8 16 40 25
0.503333 6 22 36 25
0.51 3 9 39 12
0.516667 5 16 32 13
0.523333 7 19 25 15
0.53 7 11 33 17
0.536667 3 18 28 19
0.543333 3 17 21 12
0.55 5 16 22 11
0.556667 3 13 20 14
0.563333 11 16 36 14
0.57 7 15 34 6
0.576667 5 9 24 12
0.583333 8 12 26 12
0.59 7 10 26 3
0.596667 7 13 21 21
0.603333 8 11 34 12
0.61 4 12 21 9
0.616667 9 11 25 7
0.623333 11 11 27 11
0.63 6 15 24 9
0.636667 6 11 36 15
0.643333 8 8 23 13
0.65 7 17 27 10
0.656667 8 10 23 11
0.663333 194 514 1603 465
0.67 0 0 0 0
0.676667 0 0 0 0
0.683333 0 0 0 0
0.69 0 0 0 0
0.696667 0 0 0 0
0.703333 0 0 0 0
0.71 0 0 0 0
0.716667 0 0 0 0
0.723333 0 0 0 0
0.73 0 0 0 0
0.736667 0 0 0 0
0.743333 0 0 0 0
0.75 0 0 0 0
0.756667 0 0 0 0
0.763333 0 0 0 0
0.77 0 0 0 0
0.776667 0 0 0 0
0.783333 0 0 0 0
0.79 0 0 0 0
0.796667 0 0 0 0
0.803333 0 0 0 0
0.81 0 0 0 0
0.816667 0 0 0 0
0.823333 0 0 0 0
0.83 0 0 0 0
0.836667 0 0 0 0
0.843333 0 0 0 0
0.85 0 0 0 0
0.856667 0 0 0 0
0.863333 0 0 0 0
0.87 0 0 0 0
0.876667 0 0 0 0
0.883333 0 0 0 0
0.89 0 0 0 0
0.896667 0 0 0 0
0.903333 0 0 0 0
0.91 0 0 0 0
0.916667 0 0 0 0
0.923333 0 0 0 0
0.93 0 0 0 0
0.936667 0 0 0 0
0.943333 0 0 0 0
0.95 0 0 0 0
0.956667 0 0 0 0
0.963333 0 0 0 0
0.97 0 0 0 0
0.976667 0 0 0 0
0.983333 0 0 0 0
0.99 0 0 0 0
0.996667 0 0 0 0
1.00333 0 0 0 0
1.01 0 0 0 0
1.01667 0 0 0 0
1.02333 0 0 0 0
1.03 0 0 0 0
1.03667 0 0 0 0
1.04333 0 0 0 0
1.05 0 0 0 0
1.05667 0 0 0 0
1.06333 0 0 0 0
1.07 0 0 0 0
1.07667 0 0 0 0
1.08333 0 0 0 0
1.09 0 0 0 0
1.09667 0 0 0 0
1.10333 0 0 0 0
1.11 0 0 0 0
1.11667 0 0 0 0
1.12333 0 0 0 0
1.13 0 0 0 0
1.13667 0 0 0 0
1.14333 0 0 0 0
1.15 0 0 0 0
1.15667 0 0 0 0
1.16333 0 0 0 0
1.17 0 0 0 0
1.17667 0 0 0 0
1.18333 0 0 0 0
1.19 0 0 0 0
1.19667 0 0 0 0
1.20333 0 0 0 0
1.21 0 0 0 0
1.21667 0 0 0 0
1.22333 0 0 0 0
1.23 0 0 0 0
1.23667 0 0 0 0
1.24333 0 0 0 0
1.25 0 0 0 0
1.25667 0 0 0 0
1.26333 0 0 0 0
1.27 0 0 0 0
1.27667 0 0 0 0
1.28333 0 0 0 0
1.29 0 0 0 0
1.29667 0 0 0 0
1.30333 0 0 0 0
1.31 0 0 0 0
1.31667 0 0 0 0
1.32333 0 0 0 0
1.33 0 0 0 0
1.33667 0 0 0 0
1.34333 0 0 0 0
1.35 0 0 0 0
1.35667 0 0 0 0
1.36333 0 0 0 0
1.37 0 0 0 0
1.37667 0 0 0 0
1.38333 0 0 0 0
1.39 0 0 0 0
1.39667 0 0 0 0
1.40333 0 0 0 0
1.41 0 0 0 0
1.41667 0 0 0 0
1.42333 0 0 0 0
1.43 0 0 0 0
1.43667 0 0 0 0
1.44333 0 0 0 0
1.45 0 0 0 0
1.45667 0 0 0 0
1.46333 0 0 0 0
1.47 0 0 0 0
1.47667 0 0 0 0
1.48333 0 0 0 0
1.49 0 0 0 0
1.49667 0 0 0 0
1.50333 0 0 0 0
1.51 0 0 0 0
1.51667 0 0 0 0
1.52333 0 0 0 0
1.53 0 0 0 0
1.53667 0 0 0 0
1.54333 0 0 0 0
1.55 0 0 0 0
1.55667 0 0 0 0
1.56333 0 0 0 0
1.57 0 0 0 0
1.57667 0 0 0 0
1.58333 0 0 0 0
1.59 0 0 0 0
1.59667 0 0 0 0
1.60333 0 0 0 0
1.61 0 0 0 0
1.61667 0 0 0 0
1.62333 0 0 0 0
1.63 0 0 0 0
1.63667 0 0 0 0
1.64333 0 0 0 0
1.65 0 0 0 0
1.65667 0 0 0 0
1.66333 0 0 0 0
1.67 0 0 0 0
1.67667 0 0 0 0
1.68333 0 0 0 0
1.69 0 0 0 0
1.69667 0 0 0 0
1.70333 0 0 0 0
1.71 0 0 0 0
1.71667 0 0 0 0
1.72333 0 0 0 0
1.73 0 0 0 0
1.73667 0 0 0 0
1.74333 0 0 0 0
1.75 0 0 0 0
1.75667 0 0 0 0
1.76333 0 0 0 0
1.77 0 0 0 0
1.77667 0 0 0 0
1.78333 0 0 0 0
1.79 0 0 0 0
1.79667 0 0 0 0
1.80333 0 0 0 0
1.81 0 0 0 0
1.81667 0 0 0 0
1.82333 0 0 0 0
1.83 0 0 0 0
1.83667 0 0 0 0
1.84333 0 0 0 0
1.85 0 0 0 0
1.85667 0 0 0 0
1.86333 0 0 0 0
1.87 0 0 0 0
1.87667 0 0 0 0
1.88333 0 0 0 0
1.89 0 0 0 0
1.89667 0 0 0 0
1.90333 0 0 0 0
1.91 0 0 0 0
1.91667 0 0 0 0
1.92333 0 0 0 0
1.93 0 0 0 0
1.93667 0 0 0 0
1.94333 0 0 0 0
1.95 0 0 0 0
1.95667 0 0 0 0
1.96333 0 0 0 0
1.97 0 0 0 0
1.97667 0 0 0 0
1.98333 0 0 0 0
1.99 0 0 0 0
1.99667 0 0 0 0
