0.00333333 8 31 35 12
0.01 9 36 52 16
0.0166667 18 40 50 27
0.0233333 25 45 58 29
0.03 19 41 69 33
0.0366667 18 54 79 23
0.0433333 26 75 105 33
0.05 35 87 114 51
0.0566667 46 106 187 65
0.0633333 40 119 196 62
0.07 49 112 227 74
0.0766667 38 128 215 94
0.0833333 37 119 230 83
0.09 49 138 225 74
0.0966667 43 140 227 83
0.103333 39 133 216 80
0.11 37 121 232 84
0.116667 49 135 192 82
0.123333 45 127 226 62
0.13 38 103 190 69
0.136667 44 92 180 55
0.143333 34 100 179 49
0.15 39 106 174 68
0.156667 30 85 154 58
0.163333 35 109 180 54
0.17 32 105 146 52
0.176667 35 92 140 60
0.183333 34 87 154 49
0.19 19 105 198 66
0.196667 31 84 171 60
0.203333 34 87 132 55
0.21 32 80 145 47
0.216667 22 66 134 45
0.223333 25 74 151 37
0.23 25 79 95 34
0.236667 25 68 120 41
0.243333 18 63 130 49
0.25 34 45 136 25
0.256667 24 50 112 31
0.263333 17 65 104 37
0.27 24 60 103 40
0.276667 31 59 95 30
0.283333 23 50 98 34
0.29 17 56 92 22
0.296667 16 42 88 24
0.303333 17 45 70 25
0.31 20 43 82 29
0.316667 21 45 75 14
0.323333 18 46 79 26
0.33 24 48 64 28
0.336667 9 46 77 22
0.343333 12 32 85 21
0.35 15 48 88 33
0.356667 12 45 75 22
0.363333 13 41 56 18
0.37 8 44 55 16
0.376667 11 38 61 24
0.383333 14 45 54 26
0.39 12 40 60 22
0.396667 17 34 57 20
0.403333 8 34 56 28
0.41 13 31 59 16
0.416667 19 36 48 27
0.423333 16 40 48 18
0.43 12 41 46 25
0.436667 15 42 48 16
0.443333 10 28 58 22
0.45 18 29 46 18
0.456667 13 26 52 17
0.463333 19 25 52 25
0.47 14 36 54 18
0.476667 18 19 50 12
0.483333 9 27 33 10
0.49 7 17 31 6
0.496667 10 19 44 13
0.503333 12 22 42 13
0.51 7 27 37 16
0.516667 10 18 34 8
0.523333 8 21 36 11
0.53 10 16 21 10
0.536667 8 17 24 8
0.543333 6 26 31 17
0.55 2 14 25 11
0.556667 8 20 26 10
0.563333 11 14 19 8
0.57 4 21 21 10
0.576667 4 22 19 13
0.583333 11 23 34 12
0.59 5 13 25 10
0.596667 8 15 22 15
0.603333 9 18 22 12
0.61 7 17 33 6
0.616667 2 9 19 3
0.623333 5 19 32 6
0.63 7 13 21 8
0.636667 9 21 28 9
0.643333 2 11 26 3
0.65 3 13 13 12
0.656667 4 8 23 12
0.663333 244 678 1406 399
0.67 0 0 0 0
0.676667 0 0 0 0
0.683333 0 0 0 0
0.69 0 0 0 0
0.696667 0 0 0 0
0.703333 0 0 0 0
0.71 0 0 0 0
0.716667 0 0 0 0
0.723333 0 0 0 0
0.73 0 0 0 0
0.736667 0 0 0 0
0.743333 0 0 0 0
0.75 0 0 0 0
0.756667 0 0 0 0
0.763333 0 0 0 0
0.77 0 0 0 0
0.776667 0 0 0 0
0.783333 0 0 0 0
0.79 0 0 0 0
0.796667 0 0 0 0
0.803333 0 0 0 0
0.81 0 0 0 0
0.816667 0 0 0 0
0.823333 0 0 0 0
0.83 0 0 0 0
0.836667 0 0 0 0
0.843333 0 0 0 0
0.85 0 0 0 0
0.856667 0 0 0 0
0.863333 0 0 0 0
0.87 0 0 0 0
0.876667 0 0 0 0
0.883333 0 0 0 0
0.89 0 0 0 0
0.896667 0 0 0 0
0.903333 0 0 0 0
0.91 0 0 0 0
0.916667 0 0 0 0
0.923333 0 0 0 0
0.93 0 0 0 0
0.936667 0 0 0 0
0.943333 0 0 0 0
0.95 0 0 0 0
0.956667 0 0 0 0
0.963333 0 0 0 0
0.97 0 0 0 0
0.976667 0 0 0 0
0.983333 0 0 0 0
0.99 0 0 0 0
0.996667 0 0 0 0
1.00333 0 0 0 0
1.01 0 0 0 0
1.01667 0 0 0 0
1.02333 0 0 0 0
1.03 0 0 0 0
1.03667 0 0 0 0
1.04333 0 0 0 0
1.05 0 0 0 0
1.05667 0 0 0 0
1.06333 0 0 0 0
1.07 0 0 0 0
1.07667 0 0 0 0
1.08333 0 0 0 0
1.09 0 0 0 0
1.09667 0 0 0 0
1.10333 0 0 0 0
1.11 0 0 0 0
1.11667 0 0 0 0
1.12333 0 0 0 0
1.13 0 0 0 0
1.13667 0 0 0 0
1.14333 0 0 0 0
1.15 0 0 0 0
1.15667 0 0 0 0
1.16333 0 0 0 0
1.17 0 0 0 0
1.17667 0 0 0 0
1.18333 0 0 0 0
1.19 0 0 0 0
1.19667 0 0 0 0
1.20333 0 0 0 0
1.21 0 0 0 0
1.21667 0 0 0 0
1.22333 0 0 0 0
1.23 0 0 0 0
1.23667 0 0 0 0
1.24333 0 0 0 0
1.25 0 0 0 0
1.25667 0 0 0 0
1.26333 0 0 0 0
1.27 0 0 0 0
1.27667 0 0 0 0
1.28333 0 0 0 0
1.29 0 0 0 0
1.29667 0 0 0 0
1.30333 0 0 0 0
1.31 0 0 0 0
1.31667 0 0 0 0
1.32333 0 0 0 0
1.33 0 0 0 0
1.33667 0 0 0 0
1.34333 0 0 0 0
1.35 0 0 0 0
1.35667 0 0 0 0
1.36333 0 0 0 0
1.37 0 0 0 0
1.37667 0 0 0 0
1.38333 0 0 0 0
1.39 0 0 0 0
1.39667 0 0 0 0
1.40333 0 0 0 0
1.41 0 0 0 0
1.41667 0 0 0 0
1.42333 0 0 0 0
1.43 0 0 0 0
1.43667 0 0 0 0
1.44333 0 0 0 0
1.45 0 0 0 0
1.45667 0 0 0 0
1.46333 0 0 0 0
1.47 0 0 0 0
1.47667 0 0 0 0
1.48333 0 0 0 0
1.49 0 0 0 0
1.49667 0 0 0 0
1.50333 0 0 0 0
1.51 0 0 0 0
1.51667 0 0 0 0
1.52333 0 0 0 0
1.53 0 0 0 0
1.53667 0 0 0 0
1.54333 0 0 0 0
1.55 0 0 0 0
1.55667 0 0 0 0
1.56333 0 0 0 0
1.57 0 0 0 0
1.57667 0 0 0 0
1.58333 0 0 0 0
1.59 0 0 0 0
1.59667 0 0 0 0
1.60333 0 0 0 0
1.61 0 0 0 0
1.61667 0 0 0 0
1.62333 0 0 0 0
1.63 0 0 0 0
1.63667 0 0 0 0
1.64333 0 0 0 0
1.65 0 0 0 0
1.65667 0 0 0 0
1.66333 0 0 0 0
1.67 0 0 0 0
1.67667 0 0 0 0
1.68333 0 0 0 0
1.69 0 0 0 0
1.69667 0 0 0 0
1.70333 0 0 0 0
1.71 0 0 0 0
1.71667 0 0 0 0
1.72333 0 0 0 0
1.73 0 0 0 0
1.73667 0 0 0 0
1.74333 0 0 0 0
1.75 0 0 0 0
1.75667 0 0 0 0
1.76333 0 0 0 0
1.77 0 0 0 0
1.77667 0 0 0 0
1.78333 0 0 0 0
1.79 0 0 0 0
1.79667 0 0 0 0
1.80333 0 0 0 0
1.81 0 0 0 0
1.81667 0 0 0 0
1.82333 0 0 0 0
1.83 0 0 0 0
1.83667 0 0 0 0
1.84333 0 0 0 0
1.85 0 0 0 0
1.85667 0 0 0 0
1.86333 0 0 0 0
1.87 0 0 0 0
1.87667 0 0 0 0
1.88333 0 0 0 0
1.89 0 0 0 0
1.89667 0 0 0 0
1.90333 0 0 0 0
1.91 0 0 0 0
1.91667 0 0 0 0
1.92333 0 0 0 0
1.93 0 0 0 0
1.93667 0 0 0 0
1.94333 0 0 0 0
1.95 0 0 0 0
1.95667 0 0 0 0
1.96333 0 0 0 0
1.97 0 0 0 0
1.97667 0 0 0 0
1.98333 0 0 0 0
1.99 0 0 0 0
1.99667 0 0 0 0
