0.00333333 25 60 3 3
0.01 34 87 3 3
0.0166667 35 92 8 1
0.0233333 40 93 7 2
0.03 40 90 6 4
0.0366667 56 108 6 4
0.0433333 95 157 10 6
0.05 109 169 12 2
0.0566667 120 205 9 6
0.0633333 131 220 13 13
0.07 139 264 19 12
0.0766667 139 239 20 10
0.0833333 129 248 20 13
0.09 150 286 17 8
0.0966667 140 262 22 9
0.103333 131 253 12 11
0.11 137 290 19 11
0.116667 111 261 21 14
0.123333 122 276 10 13
0.13 121 268 12 8
0.136667 134 263 15 14
0.143333 101 278 13 14
0.15 94 264 6 9
0.156667 102 252 8 11
0.163333 102 231 8 13
0.17 84 242 6 8
0.176667 79 244 13 8
0.183333 96 241 10 10
0.19 95 306 10 13
0.196667 85 258 9 9
0.203333 80 256 7 10
0.21 82 229 9 11
0.216667 77 256 9 9
0.223333 74 216 8 10
0.23 65 214 8 10
0.236667 61 197 7 11
0.243333 73 181 5 4
0.25 63 190 8 8
0.256667 65 144 5 7
0.263333 66 159 7 8
0.27 71 155 8 8
0.276667 67 156 8 5
0.283333 54 142 6 10
0.29 48 127 9 5
0.296667 49 124 6 7
0.303333 42 131 6 9
0.31 47 114 6 6
0.316667 48 110 6 5
0.323333 54 126 4 7
0.33 43 111 1 2
0.336667 56 101 4 7
0.343333 52 112 6 4
0.35 37 109 2 9
0.356667 37 109 5 5
0.363333 51 104 4 2
0.37 44 79 4 6
0.376667 37 96 3 5
0.383333 34 95 0 3
0.39 41 92 3 3
0.396667 43 98 2 5
0.403333 25 97 2 1
0.41 36 82 5 4
0.416667 39 105 3 6
0.423333 37 82 4 2
0.43 34 93 4 3
0.436667 43 89 6 7
0.443333 24 93 4 2
0.45 24 97 4 4
0.456667 22 82 5 5
0.463333 31 85 3 9
0.47 33 71 4 0
0.476667 24 79 3 3
0.483333 25 65 5 4
0.49 23 46 5 5
0.496667 29 49 4 4
0.503333 21 51 1 3
0.51 15 47 0 3
0.516667 19 45 3 2
0.523333 17 41 3 5
0.53 18 42 5 5
0.536667 9 37 2 3
0.543333 22 36 2 3
0.55 19 31 2 2
0.556667 23 32 4 3
0.563333 17 33 3 3
0.57 20 41 4 1
0.576667 13 30 2 6
0.583333 17 37 1 4
0.59 15 38 1 7
0.596667 17 42 3 3
0.603333 14 34 2 1
0.61 15 28 1 5
0.616667 8 35 5 3
0.623333 12 31 1 0
0.63 15 27 0 4
0.636667 26 51 2 1
0.643333 18 27 2 2
0.65 16 32 4 2
0.656667 14 29 1 1
0.663333 688 3655 56 159
0.67 0 0 0 0
0.676667 0 0 0 0
0.683333 0 0 0 0
0.69 0 0 0 0
0.696667 0 0 0 0
0.703333 0 0 0 0
0.71 0 0 0 0
0.716667 0 0 0 0
0.723333 0 0 0 0
0.73 0 0 0 0
0.736667 0 0 0 0
0.743333 0 0 0 0
0.75 0 0 0 0
0.756667 0 0 0 0
0.763333 0 0 0 0
0.77 0 0 0 0
0.776667 0 0 0 0
0.783333 0 0 0 0
0.79 0 0 0 0
0.796667 0 0 0 0
0.803333 0 0 0 0
0.81 0 0 0 0
0.816667 0 0 0 0
0.823333 0 0 0 0
0.83 0 0 0 0
0.836667 0 0 0 0
0.843333 0 0 0 0
0.85 0 0 0 0
0.856667 0 0 0 0
0.863333 0 0 0 0
0.87 0 0 0 0
0.876667 0 0 0 0
0.883333 0 0 0 0
0.89 0 0 0 0
0.896667 0 0 0 0
0.903333 0 0 0 0
0.91 0 0 0 0
0.916667 0 0 0 0
0.923333 0 0 0 0
0.93 0 0 0 0
0.936667 0 0 0 0
0.943333 0 0 0 0
0.95 0 0 0 0
0.956667 0 0 0 0
0.963333 0 0 0 0
0.97 0 0 0 0
0.976667 0 0 0 0
0.983333 0 0 0 0
0.99 0 0 0 0
0.996667 0 0 0 0
1.00333 0 0 0 0
1.01 0 0 0 0
1.01667 0 0 0 0
1.02333 0 0 0 0
1.03 0 0 0 0
1.03667 0 0 0 0
1.04333 0 0 0 0
1.05 0 0 0 0
1.05667 0 0 0 0
1.06333 0 0 0 0
1.07 0 0 0 0
1.07667 0 0 0 0
1.08333 0 0 0 0
1.09 0 0 0 0
1.09667 0 0 0 0
1.10333 0 0 0 0
1.11 0 0 0 0
1.11667 0 0 0 0
1.12333 0 0 0 0
1.13 0 0 0 0
1.13667 0 0 0 0
1.14333 0 0 0 0
1.15 0 0 0 0
1.15667 0 0 0 0
1.16333 0 0 0 0
1.17 0 0 0 0
1.17667 0 0 0 0
1.18333 0 0 0 0
1.19 0 0 0 0
1.19667 0 0 0 0
1.20333 0 0 0 0
1.21 0 0 0 0
1.21667 0 0 0 0
1.22333 0 0 0 0
1.23 0 0 0 0
1.23667 0 0 0 0
1.24333 0 0 0 0
1.25 0 0 0 0
1.25667 0 0 0 0
1.26333 0 0 0 0
1.27 0 0 0 0
1.27667 0 0 0 0
1.28333 0 0 0 0
1.29 0 0 0 0
1.29667 0 0 0 0
1.30333 0 0 0 0
1.31 0 0 0 0
1.31667 0 0 0 0
1.32333 0 0 0 0
1.33 0 0 0 0
1.33667 0 0 0 0
1.34333 0 0 0 0
1.35 0 0 0 0
1.35667 0 0 0 0
1.36333 0 0 0 0
1.37 0 0 0 0
1.37667 0 0 0 0
1.38333 0 0 0 0
1.39 0 0 0 0
1.39667 0 0 0 0
1.40333 0 0 0 0
1.41 0 0 0 0
1.41667 0 0 0 0
1.42333 0 0 0 0
1.43 0 0 0 0
1.43667 0 0 0 0
1.44333 0 0 0 0
1.45 0 0 0 0
1.45667 0 0 0 0
1.46333 0 0 0 0
1.47 0 0 0 0
1.47667 0 0 0 0
1.48333 0 0 0 0
1.49 0 0 0 0
1.49667 0 0 0 0
1.50333 0 0 0 0
1.51 0 0 0 0
1.51667 0 0 0 0
1.52333 0 0 0 0
1.53 0 0 0 0
1.53667 0 0 0 0
1.54333 0 0 0 0
1.55 0 0 0 0
1.55667 0 0 0 0
1.56333 0 0 0 0
1.57 0 0 0 0
1.57667 0 0 0 0
1.58333 0 0 0 0
1.59 0 0 0 0
1.59667 0 0 0 0
1.60333 0 0 0 0
1.61 0 0 0 0
1.61667 0 0 0 0
1.62333 0 0 0 0
1.63 0 0 0 0
1.63667 0 0 0 0
1.64333 0 0 0 0
1.65 0 0 0 0
1.65667 0 0 0 0
1.66333 0 0 0 0
1.67 0 0 0 0
1.67667 0 0 0 0
1.68333 0 0 0 0
1.69 0 0 0 0
1.69667 0 0 0 0
1.70333 0 0 0 0
1.71 0 0 0 0
1.71667 0 0 0 0
1.72333 0 0 0 0
1.73 0 0 0 0
1.73667 0 0 0 0
1.74333 0 0 0 0
1.75 0 0 0 0
1.75667 0 0 0 0
1.76333 0 0 0 0
1.77 0 0 0 0
1.77667 0 0 0 0
1.78333 0 0 0 0
1.79 0 0 0 0
1.79667 0 0 0 0
1.80333 0 0 0 0
1.81 0 0 0 0
1.81667 0 0 0 0
1.82333 0 0 0 0
1.83 0 0 0 0
1.83667 0 0 0 0
1.84333 0 0 0 0
1.85 0 0 0 0
1.85667 0 0 0 0
1.86333 0 0 0 0
1.87 0 0 0 0
1.87667 0 0 0 0
1.88333 0 0 0 0
1.89 0 0 0 0
1.89667 0 0 0 0
1.90333 0 0 0 0
1.91 0 0 0 0
1.91667 0 0 0 0
1.92333 0 0 0 0
1.93 0 0 0 0
1.93667 0 0 0 0
1.94333 0 0 0 0
1.95 0 0 0 0
1.95667 0 0 0 0
1.96333 0 0 0 0
1.97 0 0 0 0
1.97667 0 0 0 0
1.98333 0 0 0 0
1.99 0 0 0 0
1.99667 0 0 0 0
