0.00333333 83 5 4 0
0.01 95 17 4 0
0.0166667 111 12 5 0
0.0233333 102 9 4 0
0.03 99 9 7 0
0.0366667 120 16 6 3
0.0433333 134 22 6 0
0.05 173 22 6 1
0.0566667 159 37 9 2
0.0633333 195 33 7 1
0.07 170 27 10 1
0.0766667 217 31 11 3
0.0833333 211 29 12 1
0.09 235 24 12 2
0.0966667 238 34 10 2
0.103333 218 24 8 3
0.11 213 29 16 1
0.116667 249 43 17 1
0.123333 259 22 13 0
0.13 225 32 19 2
0.136667 221 35 5 2
0.143333 238 23 11 1
0.15 247 27 11 1
0.156667 221 16 10 2
0.163333 214 31 7 2
0.17 223 24 8 0
0.176667 219 22 14 0
0.183333 261 22 8 1
0.19 306 27 12 0
0.196667 270 24 14 2
0.203333 281 28 16 0
0.21 252 13 12 1
0.216667 249 14 9 5
0.223333 245 17 12 4
0.23 217 19 14 1
0.236667 214 22 8 0
0.243333 226 14 10 1
0.25 200 24 11 2
0.256667 182 14 11 2
0.263333 190 21 12 0
0.27 156 13 6 0
0.276667 166 18 8 3
0.283333 156 14 2 1
0.29 153 11 5 0
0.296667 151 12 5 0
0.303333 174 8 6 1
0.31 132 11 14 1
0.316667 141 14 5 0
0.323333 117 17 7 1
0.33 115 12 6 0
0.336667 144 17 6 0
0.343333 125 15 5 0
0.35 119 20 11 2
0.356667 104 15 9 2
0.363333 105 10 3 0
0.37 120 14 4 3
0.376667 107 15 4 0
0.383333 74 11 4 1
0.39 119 15 8 0
0.396667 124 13 9 0
0.403333 94 12 5 0
0.41 102 16 4 0
0.416667 112 16 4 1
0.423333 102 8 6 0
0.43 100 9 7 0
0.436667 107 5 8 0
0.443333 90 11 14 1
0.45 101 9 4 1
0.456667 109 9 6 0
0.463333 88 11 10 0
0.47 92 8 10 3
0.476667 92 11 4 0
0.483333 57 10 5 0
0.49 51 7 7 2
0.496667 42 6 3 0
0.503333 49 7 3 0
0.51 49 7 6 1
0.516667 25 10 5 0
0.523333 52 7 3 0
0.53 45 9 4 0
0.536667 49 9 5 0
0.543333 50 9 4 0
0.55 40 7 5 1
0.556667 40 3 7 0
0.563333 47 8 5 0
0.57 43 0 5 0
0.576667 33 6 5 0
0.583333 48 10 4 0
0.59 41 4 3 0
0.596667 32 8 2 1
0.603333 33 11 6 1
0.61 30 8 3 0
0.616667 29 4 6 2
0.623333 38 9 5 0
0.63 40 8 2 0
0.636667 41 6 5 0
0.643333 27 7 4 0
0.65 32 9 7 1
0.656667 25 3 2 0
0.663333 4481 181 215 6
0.67 0 0 0 0
0.676667 0 0 0 0
0.683333 0 0 0 0
0.69 0 0 0 0
0.696667 0 0 0 0
0.703333 0 0 0 0
0.71 0 0 0 0
0.716667 0 0 0 0
0.723333 0 0 0 0
0.73 0 0 0 0
0.736667 0 0 0 0
0.743333 0 0 0 0
0.75 0 0 0 0
0.756667 0 0 0 0
0.763333 0 0 0 0
0.77 0 0 0 0
0.776667 0 0 0 0
0.783333 0 0 0 0
0.79 0 0 0 0
0.796667 0 0 0 0
0.803333 0 0 0 0
0.81 0 0 0 0
0.816667 0 0 0 0
0.823333 0 0 0 0
0.83 0 0 0 0
0.836667 0 0 0 0
0.843333 0 0 0 0
0.85 0 0 0 0
0.856667 0 0 0 0
0.863333 0 0 0 0
0.87 0 0 0 0
0.876667 0 0 0 0
0.883333 0 0 0 0
0.89 0 0 0 0
0.896667 0 0 0 0
0.903333 0 0 0 0
0.91 0 0 0 0
0.916667 0 0 0 0
0.923333 0 0 0 0
0.93 0 0 0 0
0.936667 0 0 0 0
0.943333 0 0 0 0
0.95 0 0 0 0
0.956667 0 0 0 0
0.963333 0 0 0 0
0.97 0 0 0 0
0.976667 0 0 0 0
0.983333 0 0 0 0
0.99 0 0 0 0
0.996667 0 0 0 0
1.00333 0 0 0 0
1.01 0 0 0 0
1.01667 0 0 0 0
1.02333 0 0 0 0
1.03 0 0 0 0
1.03667 0 0 0 0
1.04333 0 0 0 0
1.05 0 0 0 0
1.05667 0 0 0 0
1.06333 0 0 0 0
1.07 0 0 0 0
1.07667 0 0 0 0
1.08333 0 0 0 0
1.09 0 0 0 0
1.09667 0 0 0 0
1.10333 0 0 0 0
1.11 0 0 0 0
1.11667 0 0 0 0
1.12333 0 0 0 0
1.13 0 0 0 0
1.13667 0 0 0 0
1.14333 0 0 0 0
1.15 0 0 0 0
1.15667 0 0 0 0
1.16333 0 0 0 0
1.17 0 0 0 0
1.17667 0 0 0 0
1.18333 0 0 0 0
1.19 0 0 0 0
1.19667 0 0 0 0
1.20333 0 0 0 0
1.21 0 0 0 0
1.21667 0 0 0 0
1.22333 0 0 0 0
1.23 0 0 0 0
1.23667 0 0 0 0
1.24333 0 0 0 0
1.25 0 0 0 0
1.25667 0 0 0 0
1.26333 0 0 0 0
1.27 0 0 0 0
1.27667 0 0 0 0
1.28333 0 0 0 0
1.29 0 0 0 0
1.29667 0 0 0 0
1.30333 0 0 0 0
1.31 0 0 0 0
1.31667 0 0 0 0
1.32333 0 0 0 0
1.33 0 0 0 0
1.33667 0 0 0 0
1.34333 0 0 0 0
1.35 0 0 0 0
1.35667 0 0 0 0
1.36333 0 0 0 0
1.37 0 0 0 0
1.37667 0 0 0 0
1.38333 0 0 0 0
1.39 0 0 0 0
1.39667 0 0 0 0
1.40333 0 0 0 0
1.41 0 0 0 0
1.41667 0 0 0 0
1.42333 0 0 0 0
1.43 0 0 0 0
1.43667 0 0 0 0
1.44333 0 0 0 0
1.45 0 0 0 0
1.45667 0 0 0 0
1.46333 0 0 0 0
1.47 0 0 0 0
1.47667 0 0 0 0
1.48333 0 0 0 0
1.49 0 0 0 0
1.49667 0 0 0 0
1.50333 0 0 0 0
1.51 0 0 0 0
1.51667 0 0 0 0
1.52333 0 0 0 0
1.53 0 0 0 0
1.53667 0 0 0 0
1.54333 0 0 0 0
1.55 0 0 0 0
1.55667 0 0 0 0
1.56333 0 0 0 0
1.57 0 0 0 0
1.57667 0 0 0 0
1.58333 0 0 0 0
1.59 0 0 0 0
1.59667 0 0 0 0
1.60333 0 0 0 0
1.61 0 0 0 0
1.61667 0 0 0 0
1.62333 0 0 0 0
1.63 0 0 0 0
1.63667 0 0 0 0
1.64333 0 0 0 0
1.65 0 0 0 0
1.65667 0 0 0 0
1.66333 0 0 0 0
1.67 0 0 0 0
1.67667 0 0 0 0
1.68333 0 0 0 0
1.69 0 0 0 0
1.69667 0 0 0 0
1.70333 0 0 0 0
1.71 0 0 0 0
1.71667 0 0 0 0
1.72333 0 0 0 0
1.73 0 0 0 0
1.73667 0 0 0 0
1.74333 0 0 0 0
1.75 0 0 0 0
1.75667 0 0 0 0
1.76333 0 0 0 0
1.77 0 0 0 0
1.77667 0 0 0 0
1.78333 0 0 0 0
1.79 0 0 0 0
1.79667 0 0 0 0
1.80333 0 0 0 0
1.81 0 0 0 0
1.81667 0 0 0 0
1.82333 0 0 0 0
1.83 0 0 0 0
1.83667 0 0 0 0
1.84333 0 0 0 0
1.85 0 0 0 0
1.85667 0 0 0 0
1.86333 0 0 0 0
1.87 0 0 0 0
1.87667 0 0 0 0
1.88333 0 0 0 0
1.89 0 0 0 0
1.89667 0 0 0 0
1.90333 0 0 0 0
1.91 0 0 0 0
1.91667 0 0 0 0
1.92333 0 0 0 0
1.93 0 0 0 0
1.93667 0 0 0 0
1.94333 0 0 0 0
1.95 0 0 0 0
1.95667 0 0 0 0
1.96333 0 0 0 0
1.97 0 0 0 0
1.97667 0 0 0 0
1.98333 0 0 0 0
1.99 0 0 0 0
1.99667 0 0 0 0
