0.00333333 3 47 9 40
0.01 1 51 5 34
0.0166667 3 49 9 44
0.0233333 1 60 12 46
0.03 1 55 15 47
0.0366667 2 46 8 62
0.0433333 9 70 15 44
0.05 5 78 17 56
0.0566667 8 66 23 62
0.0633333 8 70 26 54
0.07 8 63 33 69
0.0766667 13 59 24 65
0.0833333 13 77 31 79
0.09 12 88 30 83
0.0966667 4 73 21 59
0.103333 9 73 37 83
0.11 6 56 19 61
0.116667 6 85 25 60
0.123333 14 73 32 79
0.13 12 87 17 83
0.136667 4 85 18 68
0.143333 9 71 24 68
0.15 7 92 22 60
0.156667 8 77 27 71
0.163333 10 75 20 75
0.17 11 76 15 67
0.176667 9 90 15 68
0.183333 3 97 9 61
0.19 8 115 20 89
0.196667 7 124 15 90
0.203333 9 94 11 94
0.21 1 95 22 83
0.216667 6 116 19 86
0.223333 4 100 16 82
0.23 9 84 15 75
0.236667 4 72 15 64
0.243333 8 86 22 72
0.25 9 75 21 85
0.256667 3 79 28 79
0.263333 4 84 16 75
0.27 6 56 12 70
0.276667 5 68 9 54
0.283333 6 50 16 63
0.29 7 55 14 58
0.296667 2 72 12 68
0.303333 3 51 14 51
0.31 1 61 14 67
0.316667 5 54 10 50
0.323333 5 56 12 48
0.33 3 47 9 46
0.336667 4 61 13 33
0.343333 2 62 13 58
0.35 1 64 12 50
0.356667 2 65 14 55
0.363333 6 48 7 37
0.37 5 49 11 58
0.376667 3 51 5 45
0.383333 8 54 11 38
0.39 3 47 13 43
0.396667 9 45 9 48
0.403333 3 58 8 49
0.41 5 39 9 52
0.416667 4 46 12 49
0.423333 1 57 10 36
0.43 5 44 9 47
0.436667 6 68 12 45
0.443333 1 60 8 49
0.45 6 71 11 49
0.456667 5 73 14 48
0.463333 3 55 15 53
0.47 4 68 13 59
0.476667 3 46 8 48
0.483333 5 17 11 21
0.49 5 24 6 17
0.496667 2 17 8 24
0.503333 1 20 8 21
0.51 3 11 6 15
0.516667 3 16 6 15
0.523333 4 10 10 6
0.53 3 14 4 10
0.536667 3 11 9 8
0.543333 6 10 6 5
0.55 3 11 8 11
0.556667 3 7 4 5
0.563333 0 11 5 9
0.57 4 16 6 6
0.576667 3 11 9 10
0.583333 2 13 6 8
0.59 2 8 11 11
0.596667 1 8 8 3
0.603333 1 7 7 7
0.61 0 13 8 8
0.616667 2 8 8 7
0.623333 2 6 5 8
0.63 2 13 7 5
0.636667 1 15 3 12
0.643333 1 6 6 5
0.65 3 6 5 5
0.656667 3 4 3 6
0.663333 76 4163 177 3595
0.67 0 0 0 0
0.676667 0 0 0 0
0.683333 0 0 0 0
0.69 0 0 0 0
0.696667 0 0 0 0
0.703333 0 0 0 0
0.71 0 0 0 0
0.716667 0 0 0 0
0.723333 0 0 0 0
0.73 0 0 0 0
0.736667 0 0 0 0
0.743333 0 0 0 0
0.75 0 0 0 0
0.756667 0 0 0 0
0.763333 0 0 0 0
0.77 0 0 0 0
0.776667 0 0 0 0
0.783333 0 0 0 0
0.79 0 0 0 0
0.796667 0 0 0 0
0.803333 0 0 0 0
0.81 0 0 0 0
0.816667 0 0 0 0
0.823333 0 0 0 0
0.83 0 0 0 0
0.836667 0 0 0 0
0.843333 0 0 0 0
0.85 0 0 0 0
0.856667 0 0 0 0
0.863333 0 0 0 0
0.87 0 0 0 0
0.876667 0 0 0 0
0.883333 0 0 0 0
0.89 0 0 0 0
0.896667 0 0 0 0
0.903333 0 0 0 0
0.91 0 0 0 0
0.916667 0 0 0 0
0.923333 0 0 0 0
0.93 0 0 0 0
0.936667 0 0 0 0
0.943333 0 0 0 0
0.95 0 0 0 0
0.956667 0 0 0 0
0.963333 0 0 0 0
0.97 0 0 0 0
0.976667 0 0 0 0
0.983333 0 0 0 0
0.99 0 0 0 0
0.996667 0 0 0 0
1.00333 0 0 0 0
1.01 0 0 0 0
1.01667 0 0 0 0
1.02333 0 0 0 0
1.03 0 0 0 0
1.03667 0 0 0 0
1.04333 0 0 0 0
1.05 0 0 0 0
1.05667 0 0 0 0
1.06333 0 0 0 0
1.07 0 0 0 0
1.07667 0 0 0 0
1.08333 0 0 0 0
1.09 0 0 0 0
1.09667 0 0 0 0
1.10333 0 0 0 0
1.11 0 0 0 0
1.11667 0 0 0 0
1.12333 0 0 0 0
1.13 0 0 0 0
1.13667 0 0 0 0
1.14333 0 0 0 0
1.15 0 0 0 0
1.15667 0 0 0 0
1.16333 0 0 0 0
1.17 0 0 0 0
1.17667 0 0 0 0
1.18333 0 0 0 0
1.19 0 0 0 0
1.19667 0 0 0 0
1.20333 0 0 0 0
1.21 0 0 0 0
1.21667 0 0 0 0
1.22333 0 0 0 0
1.23 0 0 0 0
1.23667 0 0 0 0
1.24333 0 0 0 0
1.25 0 0 0 0
1.25667 0 0 0 0
1.26333 0 0 0 0
1.27 0 0 0 0
1.27667 0 0 0 0
1.28333 0 0 0 0
1.29 0 0 0 0
1.29667 0 0 0 0
1.30333 0 0 0 0
1.31 0 0 0 0
1.31667 0 0 0 0
1.32333 0 0 0 0
1.33 0 0 0 0
1.33667 0 0 0 0
1.34333 0 0 0 0
1.35 0 0 0 0
1.35667 0 0 0 0
1.36333 0 0 0 0
1.37 0 0 0 0
1.37667 0 0 0 0
1.38333 0 0 0 0
1.39 0 0 0 0
1.39667 0 0 0 0
1.40333 0 0 0 0
1.41 0 0 0 0
1.41667 0 0 0 0
1.42333 0 0 0 0
1.43 0 0 0 0
1.43667 0 0 0 0
1.44333 0 0 0 0
1.45 0 0 0 0
1.45667 0 0 0 0
1.46333 0 0 0 0
1.47 0 0 0 0
1.47667 0 0 0 0
1.48333 0 0 0 0
1.49 0 0 0 0
1.49667 0 0 0 0
1.50333 0 0 0 0
1.51 0 0 0 0
1.51667 0 0 0 0
1.52333 0 0 0 0
1.53 0 0 0 0
1.53667 0 0 0 0
1.54333 0 0 0 0
1.55 0 0 0 0
1.55667 0 0 0 0
1.56333 0 0 0 0
1.57 0 0 0 0
1.57667 0 0 0 0
1.58333 0 0 0 0
1.59 0 0 0 0
1.59667 0 0 0 0
1.60333 0 0 0 0
1.61 0 0 0 0
1.61667 0 0 0 0
1.62333 0 0 0 0
1.63 0 0 0 0
1.63667 0 0 0 0
1.64333 0 0 0 0
1.65 0 0 0 0
1.65667 0 0 0 0
1.66333 0 0 0 0
1.67 0 0 0 0
1.67667 0 0 0 0
1.68333 0 0 0 0
1.69 0 0 0 0
1.69667 0 0 0 0
1.70333 0 0 0 0
1.71 0 0 0 0
1.71667 0 0 0 0
1.72333 0 0 0 0
1.73 0 0 0 0
1.73667 0 0 0 0
1.74333 0 0 0 0
1.75 0 0 0 0
1.75667 0 0 0 0
1.76333 0 0 0 0
1.77 0 0 0 0
1.77667 0 0 0 0
1.78333 0 0 0 0
1.79 0 0 0 0
1.79667 0 0 0 0
1.80333 0 0 0 0
1.81 0 0 0 0
1.81667 0 0 0 0
1.82333 0 0 0 0
1.83 0 0 0 0
1.83667 0 0 0 0
1.84333 0 0 0 0
1.85 0 0 0 0
1.85667 0 0 0 0
1.86333 0 0 0 0
1.87 0 0 0 0
1.87667 0 0 0 0
1.88333 0 0 0 0
1.89 0 0 0 0
1.89667 0 0 0 0
1.90333 0 0 0 0
1.91 0 0 0 0
1.91667 0 0 0 0
1.92333 0 0 0 0
1.93 0 0 0 0
1.93667 0 0 0 0
1.94333 0 0 0 0
1.95 0 0 0 0
1.95667 0 0 0 0
1.96333 0 0 0 0
1.97 0 0 0 0
1.97667 0 0 0 0
1.98333 0 0 0 0
1.99 0 0 0 0
1.99667 0 0 0 0
