0.00333333 2 32 13 43
0.01 3 34 19 42
0.0166667 2 35 12 54
0.0233333 4 32 12 43
0.03 7 32 19 54
0.0366667 4 39 24 43
0.0433333 10 46 25 50
0.05 3 50 47 64
0.0566667 8 43 32 62
0.0633333 6 60 37 69
0.07 8 60 37 66
0.0766667 9 40 56 71
0.0833333 6 59 56 74
0.09 2 48 53 78
0.0966667 8 52 51 72
0.103333 10 60 48 65
0.11 16 42 53 66
0.116667 5 69 51 65
0.123333 14 42 56 82
0.13 7 51 51 59
0.136667 3 65 38 79
0.143333 5 47 31 70
0.15 9 60 37 71
0.156667 7 56 37 78
0.163333 5 45 35 76
0.17 5 53 24 82
0.176667 7 46 28 70
0.183333 5 44 33 61
0.19 10 54 40 75
0.196667 8 50 28 80
0.203333 5 50 24 61
0.21 8 51 31 74
0.216667 5 51 23 88
0.223333 5 56 27 83
0.23 6 54 32 77
0.236667 6 43 26 82
0.243333 10 61 26 80
0.25 7 34 26 71
0.256667 3 38 20 61
0.263333 5 52 22 69
0.27 6 41 31 67
0.276667 2 40 26 60
0.283333 6 46 24 64
0.29 2 42 25 57
0.296667 5 30 27 51
0.303333 7 40 28 56
0.31 6 33 25 55
0.316667 4 48 22 68
0.323333 5 51 21 57
0.33 5 43 17 65
0.336667 3 37 26 61
0.343333 3 34 28 58
0.35 4 45 20 47
0.356667 1 27 19 48
0.363333 6 26 23 51
0.37 1 38 25 66
0.376667 5 32 19 50
0.383333 3 29 19 49
0.39 4 41 17 47
0.396667 3 38 13 54
0.403333 3 32 24 48
0.41 8 31 15 62
0.416667 6 32 20 45
0.423333 2 32 15 66
0.43 3 26 15 54
0.436667 2 41 23 56
0.443333 2 33 22 70
0.45 3 32 20 48
0.456667 3 39 24 59
0.463333 8 28 9 61
0.47 5 36 14 64
0.476667 4 33 11 49
0.483333 6 17 6 26
0.49 1 16 9 15
0.496667 2 19 11 22
0.503333 4 19 13 28
0.51 3 18 13 24
0.516667 1 9 14 19
0.523333 1 10 12 18
0.53 4 11 12 18
0.536667 3 8 15 22
0.543333 0 10 10 16
0.55 5 10 15 12
0.556667 1 13 7 14
0.563333 3 4 9 16
0.57 4 9 14 9
0.576667 4 12 11 17
0.583333 2 11 9 21
0.59 2 11 17 7
0.596667 2 10 16 13
0.603333 1 8 9 7
0.61 4 7 11 10
0.616667 2 6 9 9
0.623333 1 12 11 2
0.63 2 10 18 8
0.636667 3 23 9 14
0.643333 2 3 7 8
0.65 3 6 16 14
0.656667 2 2 12 6
0.663333 77 2179 433 2904
0.67 0 0 0 0
0.676667 0 0 0 0
0.683333 0 0 0 0
0.69 0 0 0 0
0.696667 0 0 0 0
0.703333 0 0 0 0
0.71 0 0 0 0
0.716667 0 0 0 0
0.723333 0 0 0 0
0.73 0 0 0 0
0.736667 0 0 0 0
0.743333 0 0 0 0
0.75 0 0 0 0
0.756667 0 0 0 0
0.763333 0 0 0 0
0.77 0 0 0 0
0.776667 0 0 0 0
0.783333 0 0 0 0
0.79 0 0 0 0
0.796667 0 0 0 0
0.803333 0 0 0 0
0.81 0 0 0 0
0.816667 0 0 0 0
0.823333 0 0 0 0
0.83 0 0 0 0
0.836667 0 0 0 0
0.843333 0 0 0 0
0.85 0 0 0 0
0.856667 0 0 0 0
0.863333 0 0 0 0
0.87 0 0 0 0
0.876667 0 0 0 0
0.883333 0 0 0 0
0.89 0 0 0 0
0.896667 0 0 0 0
0.903333 0 0 0 0
0.91 0 0 0 0
0.916667 0 0 0 0
0.923333 0 0 0 0
0.93 0 0 0 0
0.936667 0 0 0 0
0.943333 0 0 0 0
0.95 0 0 0 0
0.956667 0 0 0 0
0.963333 0 0 0 0
0.97 0 0 0 0
0.976667 0 0 0 0
0.983333 0 0 0 0
0.99 0 0 0 0
0.996667 0 0 0 0
1.00333 0 0 0 0
1.01 0 0 0 0
1.01667 0 0 0 0
1.02333 0 0 0 0
1.03 0 0 0 0
1.03667 0 0 0 0
1.04333 0 0 0 0
1.05 0 0 0 0
1.05667 0 0 0 0
1.06333 0 0 0 0
1.07 0 0 0 0
1.07667 0 0 0 0
1.08333 0 0 0 0
1.09 0 0 0 0
1.09667 0 0 0 0
1.10333 0 0 0 0
1.11 0 0 0 0
1.11667 0 0 0 0
1.12333 0 0 0 0
1.13 0 0 0 0
1.13667 0 0 0 0
1.14333 0 0 0 0
1.15 0 0 0 0
1.15667 0 0 0 0
1.16333 0 0 0 0
1.17 0 0 0 0
1.17667 0 0 0 0
1.18333 0 0 0 0
1.19 0 0 0 0
1.19667 0 0 0 0
1.20333 0 0 0 0
1.21 0 0 0 0
1.21667 0 0 0 0
1.22333 0 0 0 0
1.23 0 0 0 0
1.23667 0 0 0 0
1.24333 0 0 0 0
1.25 0 0 0 0
1.25667 0 0 0 0
1.26333 0 0 0 0
1.27 0 0 0 0
1.27667 0 0 0 0
1.28333 0 0 0 0
1.29 0 0 0 0
1.29667 0 0 0 0
1.30333 0 0 0 0
1.31 0 0 0 0
1.31667 0 0 0 0
1.32333 0 0 0 0
1.33 0 0 0 0
1.33667 0 0 0 0
1.34333 0 0 0 0
1.35 0 0 0 0
1.35667 0 0 0 0
1.36333 0 0 0 0
1.37 0 0 0 0
1.37667 0 0 0 0
1.38333 0 0 0 0
1.39 0 0 0 0
1.39667 0 0 0 0
1.40333 0 0 0 0
1.41 0 0 0 0
1.41667 0 0 0 0
1.42333 0 0 0 0
1.43 0 0 0 0
1.43667 0 0 0 0
1.44333 0 0 0 0
1.45 0 0 0 0
1.45667 0 0 0 0
1.46333 0 0 0 0
1.47 0 0 0 0
1.47667 0 0 0 0
1.48333 0 0 0 0
1.49 0 0 0 0
1.49667 0 0 0 0
1.50333 0 0 0 0
1.51 0 0 0 0
1.51667 0 0 0 0
1.52333 0 0 0 0
1.53 0 0 0 0
1.53667 0 0 0 0
1.54333 0 0 0 0
1.55 0 0 0 0
1.55667 0 0 0 0
1.56333 0 0 0 0
1.57 0 0 0 0
1.57667 0 0 0 0
1.58333 0 0 0 0
1.59 0 0 0 0
1.59667 0 0 0 0
1.60333 0 0 0 0
1.61 0 0 0 0
1.61667 0 0 0 0
1.62333 0 0 0 0
1.63 0 0 0 0
1.63667 0 0 0 0
1.64333 0 0 0 0
1.65 0 0 0 0
1.65667 0 0 0 0
1.66333 0 0 0 0
1.67 0 0 0 0
1.67667 0 0 0 0
1.68333 0 0 0 0
1.69 0 0 0 0
1.69667 0 0 0 0
1.70333 0 0 0 0
1.71 0 0 0 0
1.71667 0 0 0 0
1.72333 0 0 0 0
1.73 0 0 0 0
1.73667 0 0 0 0
1.74333 0 0 0 0
1.75 0 0 0 0
1.75667 0 0 0 0
1.76333 0 0 0 0
1.77 0 0 0 0
1.77667 0 0 0 0
1.78333 0 0 0 0
1.79 0 0 0 0
1.79667 0 0 0 0
1.80333 0 0 0 0
1.81 0 0 0 0
1.81667 0 0 0 0
1.82333 0 0 0 0
1.83 0 0 0 0
1.83667 0 0 0 0
1.84333 0 0 0 0
1.85 0 0 0 0
1.85667 0 0 0 0
1.86333 0 0 0 0
1.87 0 0 0 0
1.87667 0 0 0 0
1.88333 0 0 0 0
1.89 0 0 0 0
1.89667 0 0 0 0
1.90333 0 0 0 0
1.91 0 0 0 0
1.91667 0 0 0 0
1.92333 0 0 0 0
1.93 0 0 0 0
1.93667 0 0 0 0
1.94333 0 0 0 0
1.95 0 0 0 0
1.95667 0 0 0 0
1.96333 0 0 0 0
1.97 0 0 0 0
1.97667 0 0 0 0
1.98333 0 0 0 0
1.99 0 0 0 0
1.99667 0 0 0 0
