0.00333333 16 40 22 12
0.01 10 55 22 23
0.0166667 20 66 31 14
0.0233333 16 71 35 18
0.03 25 65 44 11
0.0366667 28 68 45 25
0.0433333 35 111 62 38
0.05 39 126 93 35
0.0566667 39 150 97 36
0.0633333 69 181 99 44
0.07 60 160 122 51
0.0766667 45 187 124 69
0.0833333 62 185 127 66
0.09 65 178 132 56
0.0966667 46 184 132 55
0.103333 55 181 127 58
0.11 44 203 126 57
0.116667 47 202 120 55
0.123333 56 147 106 47
0.13 40 174 103 40
0.136667 47 149 101 37
0.143333 42 170 99 41
0.15 42 158 82 36
0.156667 43 168 78 40
0.163333 41 150 70 41
0.17 33 133 67 38
0.176667 39 154 99 29
0.183333 35 160 76 32
0.19 37 141 102 40
0.196667 46 138 87 40
0.203333 26 126 67 37
0.21 38 138 57 33
0.216667 33 113 61 36
0.223333 38 121 66 28
0.23 28 119 64 33
0.236667 31 111 57 30
0.243333 25 101 55 27
0.25 32 110 74 28
0.256667 26 112 49 20
0.263333 24 87 57 15
0.27 27 94 58 23
0.276667 30 99 43 24
0.283333 20 85 52 22
0.29 17 88 51 23
0.296667 21 84 45 21
0.303333 22 78 41 22
0.31 23 70 52 26
0.316667 27 80 53 13
0.323333 20 81 39 22
0.33 21 88 33 20
0.336667 14 63 44 18
0.343333 14 52 40 24
0.35 20 47 37 26
0.356667 9 75 29 19
0.363333 18 58 35 15
0.37 16 52 39 19
0.376667 20 53 34 18
0.383333 17 62 47 11
0.39 11 62 28 33
0.396667 17 53 35 8
0.403333 16 52 28 16
0.41 18 53 26 12
0.416667 17 61 38 12
0.423333 15 45 38 16
0.43 14 48 21 14
0.436667 11 54 26 16
0.443333 17 57 38 16
0.45 12 57 22 18
0.456667 9 57 27 12
0.463333 19 52 34 22
0.47 19 49 32 12
0.476667 12 36 35 11
0.483333 18 41 23 17
0.49 8 42 27 11
0.496667 14 22 21 10
0.503333 6 32 22 9
0.51 10 29 23 11
0.516667 8 32 17 11
0.523333 6 32 21 6
0.53 10 35 22 9
0.536667 14 22 11 7
0.543333 13 29 21 12
0.55 10 27 16 5
0.556667 6 33 21 6
0.563333 6 28 18 10
0.57 7 15 21 3
0.576667 9 17 17 8
0.583333 9 28 17 6
0.59 5 21 21 8
0.596667 7 22 15 5
0.603333 2 24 15 5
0.61 9 23 18 6
0.616667 6 15 15 11
0.623333 5 20 20 11
0.63 6 18 15 5
0.636667 10 31 15 9
0.643333 5 18 13 5
0.65 2 19 12 11
0.656667 8 23 13 10
0.663333 267 1405 659 347
0.67 0 0 0 0
0.676667 0 0 0 0
0.683333 0 0 0 0
0.69 0 0 0 0
0.696667 0 0 0 0
0.703333 0 0 0 0
0.71 0 0 0 0
0.716667 0 0 0 0
0.723333 0 0 0 0
0.73 0 0 0 0
0.736667 0 0 0 0
0.743333 0 0 0 0
0.75 0 0 0 0
0.756667 0 0 0 0
0.763333 0 0 0 0
0.77 0 0 0 0
0.776667 0 0 0 0
0.783333 0 0 0 0
0.79 0 0 0 0
0.796667 0 0 0 0
0.803333 0 0 0 0
0.81 0 0 0 0
0.816667 0 0 0 0
0.823333 0 0 0 0
0.83 0 0 0 0
0.836667 0 0 0 0
0.843333 0 0 0 0
0.85 0 0 0 0
0.856667 0 0 0 0
0.863333 0 0 0 0
0.87 0 0 0 0
0.876667 0 0 0 0
0.883333 0 0 0 0
0.89 0 0 0 0
0.896667 0 0 0 0
0.903333 0 0 0 0
0.91 0 0 0 0
0.916667 0 0 0 0
0.923333 0 0 0 0
0.93 0 0 0 0
0.936667 0 0 0 0
0.943333 0 0 0 0
0.95 0 0 0 0
0.956667 0 0 0 0
0.963333 0 0 0 0
0.97 0 0 0 0
0.976667 0 0 0 0
0.983333 0 0 0 0
0.99 0 0 0 0
0.996667 0 0 0 0
1.00333 0 0 0 0
1.01 0 0 0 0
1.01667 0 0 0 0
1.02333 0 0 0 0
1.03 0 0 0 0
1.03667 0 0 0 0
1.04333 0 0 0 0
1.05 0 0 0 0
1.05667 0 0 0 0
1.06333 0 0 0 0
1.07 0 0 0 0
1.07667 0 0 0 0
1.08333 0 0 0 0
1.09 0 0 0 0
1.09667 0 0 0 0
1.10333 0 0 0 0
1.11 0 0 0 0
1.11667 0 0 0 0
1.12333 0 0 0 0
1.13 0 0 0 0
1.13667 0 0 0 0
1.14333 0 0 0 0
1.15 0 0 0 0
1.15667 0 0 0 0
1.16333 0 0 0 0
1.17 0 0 0 0
1.17667 0 0 0 0
1.18333 0 0 0 0
1.19 0 0 0 0
1.19667 0 0 0 0
1.20333 0 0 0 0
1.21 0 0 0 0
1.21667 0 0 0 0
1.22333 0 0 0 0
1.23 0 0 0 0
1.23667 0 0 0 0
1.24333 0 0 0 0
1.25 0 0 0 0
1.25667 0 0 0 0
1.26333 0 0 0 0
1.27 0 0 0 0
1.27667 0 0 0 0
1.28333 0 0 0 0
1.29 0 0 0 0
1.29667 0 0 0 0
1.30333 0 0 0 0
1.31 0 0 0 0
1.31667 0 0 0 0
1.32333 0 0 0 0
1.33 0 0 0 0
1.33667 0 0 0 0
1.34333 0 0 0 0
1.35 0 0 0 0
1.35667 0 0 0 0
1.36333 0 0 0 0
1.37 0 0 0 0
1.37667 0 0 0 0
1.38333 0 0 0 0
1.39 0 0 0 0
1.39667 0 0 0 0
1.40333 0 0 0 0
1.41 0 0 0 0
1.41667 0 0 0 0
1.42333 0 0 0 0
1.43 0 0 0 0
1.43667 0 0 0 0
1.44333 0 0 0 0
1.45 0 0 0 0
1.45667 0 0 0 0
1.46333 0 0 0 0
1.47 0 0 0 0
1.47667 0 0 0 0
1.48333 0 0 0 0
1.49 0 0 0 0
1.49667 0 0 0 0
1.50333 0 0 0 0
1.51 0 0 0 0
1.51667 0 0 0 0
1.52333 0 0 0 0
1.53 0 0 0 0
1.53667 0 0 0 0
1.54333 0 0 0 0
1.55 0 0 0 0
1.55667 0 0 0 0
1.56333 0 0 0 0
1.57 0 0 0 0
1.57667 0 0 0 0
1.58333 0 0 0 0
1.59 0 0 0 0
1.59667 0 0 0 0
1.60333 0 0 0 0
1.61 0 0 0 0
1.61667 0 0 0 0
1.62333 0 0 0 0
1.63 0 0 0 0
1.63667 0 0 0 0
1.64333 0 0 0 0
1.65 0 0 0 0
1.65667 0 0 0 0
1.66333 0 0 0 0
1.67 0 0 0 0
1.67667 0 0 0 0
1.68333 0 0 0 0
1.69 0 0 0 0
1.69667 0 0 0 0
1.70333 0 0 0 0
1.71 0 0 0 0
1.71667 0 0 0 0
1.72333 0 0 0 0
1.73 0 0 0 0
1.73667 0 0 0 0
1.74333 0 0 0 0
1.75 0 0 0 0
1.75667 0 0 0 0
1.76333 0 0 0 0
1.77 0 0 0 0
1.77667 0 0 0 0
1.78333 0 0 0 0
1.79 0 0 0 0
1.79667 0 0 0 0
1.80333 0 0 0 0
1.81 0 0 0 0
1.81667 0 0 0 0
1.82333 0 0 0 0
1.83 0 0 0 0
1.83667 0 0 0 0
1.84333 0 0 0 0
1.85 0 0 0 0
1.85667 0 0 0 0
1.86333 0 0 0 0
1.87 0 0 0 0
1.87667 0 0 0 0
1.88333 0 0 0 0
1.89 0 0 0 0
1.89667 0 0 0 0
1.90333 0 0 0 0
1.91 0 0 0 0
1.91667 0 0 0 0
1.92333 0 0 0 0
1.93 0 0 0 0
1.93667 0 0 0 0
1.94333 0 0 0 0
1.95 0 0 0 0
1.95667 0 0 0 0
1.96333 0 0 0 0
1.97 0 0 0 0
1.97667 0 0 0 0
1.98333 0 0 0 0
1.99 0 0 0 0
1.99667 0 0 0 0
