0.00333333 0 31 17 112
0.01 4 32 16 99
0.0166667 2 31 18 108
0.0233333 3 37 25 115
0.03 3 29 34 116
0.0366667 2 37 27 135
0.0433333 4 45 46 143
0.05 6 41 71 140
0.0566667 7 48 70 198
0.0633333 9 51 83 191
0.07 6 51 88 228
0.0766667 7 49 82 216
0.0833333 8 55 80 233
0.09 9 62 99 232
0.0966667 6 50 88 223
0.103333 9 57 79 203
0.11 6 53 75 206
0.116667 5 68 71 223
0.123333 10 62 78 247
0.13 6 64 60 224
0.136667 2 54 56 258
0.143333 6 47 55 233
0.15 3 60 58 250
0.156667 4 51 64 253
0.163333 4 58 57 255
0.17 4 58 44 228
0.176667 5 54 50 257
0.183333 3 80 52 313
0.19 1 79 42 406
0.196667 6 69 44 362
0.203333 3 76 32 350
0.21 1 65 51 316
0.216667 3 45 38 307
0.223333 6 45 40 270
0.23 6 49 40 244
0.236667 4 57 52 209
0.243333 5 59 34 212
0.25 5 46 44 215
0.256667 3 52 34 178
0.263333 2 38 28 193
0.27 4 39 41 162
0.276667 4 45 35 181
0.283333 3 37 31 140
0.29 3 32 35 144
0.296667 7 41 43 147
0.303333 2 40 24 139
0.31 4 40 31 133
0.316667 1 31 34 134
0.323333 1 33 35 141
0.33 4 29 31 104
0.336667 3 29 37 154
0.343333 1 51 28 143
0.35 4 41 32 158
0.356667 3 39 24 130
0.363333 3 35 30 133
0.37 1 47 27 109
0.376667 2 30 23 139
0.383333 2 32 27 120
0.39 3 24 28 113
0.396667 1 33 40 110
0.403333 7 42 18 114
0.41 2 23 18 115
0.416667 3 38 31 122
0.423333 4 33 27 129
0.43 5 28 21 108
0.436667 2 20 24 121
0.443333 0 28 13 120
0.45 3 27 9 119
0.456667 1 43 23 109
0.463333 0 33 17 142
0.47 0 27 17 124
0.476667 2 37 20 99
0.483333 2 17 19 61
0.49 0 17 16 37
0.496667 2 19 23 50
0.503333 2 23 16 40
0.51 1 11 14 45
0.516667 1 6 14 31
0.523333 2 21 11 45
0.53 1 7 10 33
0.536667 4 9 9 24
0.543333 1 13 8 27
0.55 0 6 10 20
0.556667 3 10 15 16
0.563333 0 11 11 26
0.57 2 6 12 24
0.576667 3 11 12 27
0.583333 0 9 12 30
0.59 1 7 10 26
0.596667 2 8 10 25
0.603333 0 5 12 17
0.61 2 11 11 22
0.616667 1 9 6 13
0.623333 0 3 10 12
0.63 1 9 11 30
0.636667 1 6 20 36
0.643333 0 3 15 18
0.65 0 7 18 14
0.656667 1 2 7 17
0.663333 26 1471 399 6866
0.67 0 0 0 0
0.676667 0 0 0 0
0.683333 0 0 0 0
0.69 0 0 0 0
0.696667 0 0 0 0
0.703333 0 0 0 0
0.71 0 0 0 0
0.716667 0 0 0 0
0.723333 0 0 0 0
0.73 0 0 0 0
0.736667 0 0 0 0
0.743333 0 0 0 0
0.75 0 0 0 0
0.756667 0 0 0 0
0.763333 0 0 0 0
0.77 0 0 0 0
0.776667 0 0 0 0
0.783333 0 0 0 0
0.79 0 0 0 0
0.796667 0 0 0 0
0.803333 0 0 0 0
0.81 0 0 0 0
0.816667 0 0 0 0
0.823333 0 0 0 0
0.83 0 0 0 0
0.836667 0 0 0 0
0.843333 0 0 0 0
0.85 0 0 0 0
0.856667 0 0 0 0
0.863333 0 0 0 0
0.87 0 0 0 0
0.876667 0 0 0 0
0.883333 0 0 0 0
0.89 0 0 0 0
0.896667 0 0 0 0
0.903333 0 0 0 0
0.91 0 0 0 0
0.916667 0 0 0 0
0.923333 0 0 0 0
0.93 0 0 0 0
0.936667 0 0 0 0
0.943333 0 0 0 0
0.95 0 0 0 0
0.956667 0 0 0 0
0.963333 0 0 0 0
0.97 0 0 0 0
0.976667 0 0 0 0
0.983333 0 0 0 0
0.99 0 0 0 0
0.996667 0 0 0 0
1.00333 0 0 0 0
1.01 0 0 0 0
1.01667 0 0 0 0
1.02333 0 0 0 0
1.03 0 0 0 0
1.03667 0 0 0 0
1.04333 0 0 0 0
1.05 0 0 0 0
1.05667 0 0 0 0
1.06333 0 0 0 0
1.07 0 0 0 0
1.07667 0 0 0 0
1.08333 0 0 0 0
1.09 0 0 0 0
1.09667 0 0 0 0
1.10333 0 0 0 0
1.11 0 0 0 0
1.11667 0 0 0 0
1.12333 0 0 0 0
1.13 0 0 0 0
1.13667 0 0 0 0
1.14333 0 0 0 0
1.15 0 0 0 0
1.15667 0 0 0 0
1.16333 0 0 0 0
1.17 0 0 0 0
1.17667 0 0 0 0
1.18333 0 0 0 0
1.19 0 0 0 0
1.19667 0 0 0 0
1.20333 0 0 0 0
1.21 0 0 0 0
1.21667 0 0 0 0
1.22333 0 0 0 0
1.23 0 0 0 0
1.23667 0 0 0 0
1.24333 0 0 0 0
1.25 0 0 0 0
1.25667 0 0 0 0
1.26333 0 0 0 0
1.27 0 0 0 0
1.27667 0 0 0 0
1.28333 0 0 0 0
1.29 0 0 0 0
1.29667 0 0 0 0
1.30333 0 0 0 0
1.31 0 0 0 0
1.31667 0 0 0 0
1.32333 0 0 0 0
1.33 0 0 0 0
1.33667 0 0 0 0
1.34333 0 0 0 0
1.35 0 0 0 0
1.35667 0 0 0 0
1.36333 0 0 0 0
1.37 0 0 0 0
1.37667 0 0 0 0
1.38333 0 0 0 0
1.39 0 0 0 0
1.39667 0 0 0 0
1.40333 0 0 0 0
1.41 0 0 0 0
1.41667 0 0 0 0
1.42333 0 0 0 0
1.43 0 0 0 0
1.43667 0 0 0 0
1.44333 0 0 0 0
1.45 0 0 0 0
1.45667 0 0 0 0
1.46333 0 0 0 0
1.47 0 0 0 0
1.47667 0 0 0 0
1.48333 0 0 0 0
1.49 0 0 0 0
1.49667 0 0 0 0
1.50333 0 0 0 0
1.51 0 0 0 0
1.51667 0 0 0 0
1.52333 0 0 0 0
1.53 0 0 0 0
1.53667 0 0 0 0
1.54333 0 0 0 0
1.55 0 0 0 0
1.55667 0 0 0 0
1.56333 0 0 0 0
1.57 0 0 0 0
1.57667 0 0 0 0
1.58333 0 0 0 0
1.59 0 0 0 0
1.59667 0 0 0 0
1.60333 0 0 0 0
1.61 0 0 0 0
1.61667 0 0 0 0
1.62333 0 0 0 0
1.63 0 0 0 0
1.63667 0 0 0 0
1.64333 0 0 0 0
1.65 0 0 0 0
1.65667 0 0 0 0
1.66333 0 0 0 0
1.67 0 0 0 0
1.67667 0 0 0 0
1.68333 0 0 0 0
1.69 0 0 0 0
1.69667 0 0 0 0
1.70333 0 0 0 0
1.71 0 0 0 0
1.71667 0 0 0 0
1.72333 0 0 0 0
1.73 0 0 0 0
1.73667 0 0 0 0
1.74333 0 0 0 0
1.75 0 0 0 0
1.75667 0 0 0 0
1.76333 0 0 0 0
1.77 0 0 0 0
1.77667 0 0 0 0
1.78333 0 0 0 0
1.79 0 0 0 0
1.79667 0 0 0 0
1.80333 0 0 0 0
1.81 0 0 0 0
1.81667 0 0 0 0
1.82333 0 0 0 0
1.83 0 0 0 0
1.83667 0 0 0 0
1.84333 0 0 0 0
1.85 0 0 0 0
1.85667 0 0 0 0
1.86333 0 0 0 0
1.87 0 0 0 0
1.87667 0 0 0 0
1.88333 0 0 0 0
1.89 0 0 0 0
1.89667 0 0 0 0
1.90333 0 0 0 0
1.91 0 0 0 0
1.91667 0 0 0 0
1.92333 0 0 0 0
1.93 0 0 0 0
1.93667 0 0 0 0
1.94333 0 0 0 0
1.95 0 0 0 0
1.95667 0 0 0 0
1.96333 0 0 0 0
1.97 0 0 0 0
1.97667 0 0 0 0
1.98333 0 0 0 0
1.99 0 0 0 0
1.99667 0 0 0 0
