0.00333333 0 3 26 51
0.01 2 1 27 42
0.0166667 2 2 40 44
0.0233333 2 1 42 64
0.03 1 7 59 69
0.0366667 2 2 55 85
0.0433333 2 6 74 107
0.05 4 6 94 136
0.0566667 4 9 100 159
0.0633333 5 7 132 180
0.07 6 10 133 192
0.0766667 5 6 130 201
0.0833333 6 19 131 200
0.09 2 8 135 182
0.0966667 7 8 125 194
0.103333 9 15 127 200
0.11 9 14 134 184
0.116667 8 14 133 186
0.123333 6 12 144 167
0.13 5 7 114 163
0.136667 2 10 121 157
0.143333 5 7 135 171
0.15 4 13 101 144
0.156667 1 2 96 133
0.163333 4 11 98 132
0.17 1 9 107 152
0.176667 6 14 88 134
0.183333 1 14 99 128
0.19 7 13 105 159
0.196667 8 11 98 166
0.203333 7 11 96 134
0.21 4 12 90 137
0.216667 8 11 93 121
0.223333 6 11 92 110
0.23 1 9 75 117
0.236667 1 8 63 101
0.243333 4 6 78 108
0.25 1 5 71 107
0.256667 1 6 62 91
0.263333 3 6 78 97
0.27 1 5 58 83
0.276667 7 6 55 99
0.283333 1 7 64 98
0.29 5 8 50 79
0.296667 1 8 62 74
0.303333 5 6 70 75
0.31 3 5 63 83
0.316667 0 6 50 65
0.323333 2 11 52 67
0.33 2 3 59 61
0.336667 3 6 52 71
0.343333 1 2 43 72
0.35 2 10 41 64
0.356667 3 5 45 55
0.363333 2 6 51 67
0.37 3 5 53 63
0.376667 0 4 40 71
0.383333 2 5 57 58
0.39 4 5 41 53
0.396667 3 3 41 66
0.403333 0 3 40 53
0.41 1 3 38 46
0.416667 3 4 31 56
0.423333 2 1 45 60
0.43 1 5 35 54
0.436667 1 6 24 44
0.443333 6 5 39 55
0.45 0 3 35 70
0.456667 2 4 38 62
0.463333 2 4 29 53
0.47 2 5 26 43
0.476667 3 4 32 52
0.483333 1 2 27 32
0.49 3 4 37 30
0.496667 3 2 29 32
0.503333 2 3 26 34
0.51 2 6 30 34
0.516667 1 2 24 24
0.523333 1 4 21 31
0.53 1 1 27 32
0.536667 1 5 16 22
0.543333 1 3 19 22
0.55 1 5 17 28
0.556667 3 4 18 26
0.563333 2 1 11 28
0.57 2 3 17 26
0.576667 3 2 14 20
0.583333 5 4 20 27
0.59 1 4 18 22
0.596667 1 1 24 20
0.603333 1 3 14 28
0.61 1 2 16 34
0.616667 3 0 13 23
0.623333 1 2 21 21
0.63 1 2 24 31
0.636667 1 3 19 22
0.643333 0 3 19 23
0.65 1 3 15 34
0.656667 2 2 19 20
0.663333 42 63 960 1323
0.67 0 0 0 0
0.676667 0 0 0 0
0.683333 0 0 0 0
0.69 0 0 0 0
0.696667 0 0 0 0
0.703333 0 0 0 0
0.71 0 0 0 0
0.716667 0 0 0 0
0.723333 0 0 0 0
0.73 0 0 0 0
0.736667 0 0 0 0
0.743333 0 0 0 0
0.75 0 0 0 0
0.756667 0 0 0 0
0.763333 0 0 0 0
0.77 0 0 0 0
0.776667 0 0 0 0
0.783333 0 0 0 0
0.79 0 0 0 0
0.796667 0 0 0 0
0.803333 0 0 0 0
0.81 0 0 0 0
0.816667 0 0 0 0
0.823333 0 0 0 0
0.83 0 0 0 0
0.836667 0 0 0 0
0.843333 0 0 0 0
0.85 0 0 0 0
0.856667 0 0 0 0
0.863333 0 0 0 0
0.87 0 0 0 0
0.876667 0 0 0 0
0.883333 0 0 0 0
0.89 0 0 0 0
0.896667 0 0 0 0
0.903333 0 0 0 0
0.91 0 0 0 0
0.916667 0 0 0 0
0.923333 0 0 0 0
0.93 0 0 0 0
0.936667 0 0 0 0
0.943333 0 0 0 0
0.95 0 0 0 0
0.956667 0 0 0 0
0.963333 0 0 0 0
0.97 0 0 0 0
0.976667 0 0 0 0
0.983333 0 0 0 0
0.99 0 0 0 0
0.996667 0 0 0 0
1.00333 0 0 0 0
1.01 0 0 0 0
1.01667 0 0 0 0
1.02333 0 0 0 0
1.03 0 0 0 0
1.03667 0 0 0 0
1.04333 0 0 0 0
1.05 0 0 0 0
1.05667 0 0 0 0
1.06333 0 0 0 0
1.07 0 0 0 0
1.07667 0 0 0 0
1.08333 0 0 0 0
1.09 0 0 0 0
1.09667 0 0 0 0
1.10333 0 0 0 0
1.11 0 0 0 0
1.11667 0 0 0 0
1.12333 0 0 0 0
1.13 0 0 0 0
1.13667 0 0 0 0
1.14333 0 0 0 0
1.15 0 0 0 0
1.15667 0 0 0 0
1.16333 0 0 0 0
1.17 0 0 0 0
1.17667 0 0 0 0
1.18333 0 0 0 0
1.19 0 0 0 0
1.19667 0 0 0 0
1.20333 0 0 0 0
1.21 0 0 0 0
1.21667 0 0 0 0
1.22333 0 0 0 0
1.23 0 0 0 0
1.23667 0 0 0 0
1.24333 0 0 0 0
1.25 0 0 0 0
1.25667 0 0 0 0
1.26333 0 0 0 0
1.27 0 0 0 0
1.27667 0 0 0 0
1.28333 0 0 0 0
1.29 0 0 0 0
1.29667 0 0 0 0
1.30333 0 0 0 0
1.31 0 0 0 0
1.31667 0 0 0 0
1.32333 0 0 0 0
1.33 0 0 0 0
1.33667 0 0 0 0
1.34333 0 0 0 0
1.35 0 0 0 0
1.35667 0 0 0 0
1.36333 0 0 0 0
1.37 0 0 0 0
1.37667 0 0 0 0
1.38333 0 0 0 0
1.39 0 0 0 0
1.39667 0 0 0 0
1.40333 0 0 0 0
1.41 0 0 0 0
1.41667 0 0 0 0
1.42333 0 0 0 0
1.43 0 0 0 0
1.43667 0 0 0 0
1.44333 0 0 0 0
1.45 0 0 0 0
1.45667 0 0 0 0
1.46333 0 0 0 0
1.47 0 0 0 0
1.47667 0 0 0 0
1.48333 0 0 0 0
1.49 0 0 0 0
1.49667 0 0 0 0
1.50333 0 0 0 0
1.51 0 0 0 0
1.51667 0 0 0 0
1.52333 0 0 0 0
1.53 0 0 0 0
1.53667 0 0 0 0
1.54333 0 0 0 0
1.55 0 0 0 0
1.55667 0 0 0 0
1.56333 0 0 0 0
1.57 0 0 0 0
1.57667 0 0 0 0
1.58333 0 0 0 0
1.59 0 0 0 0
1.59667 0 0 0 0
1.60333 0 0 0 0
1.61 0 0 0 0
1.61667 0 0 0 0
1.62333 0 0 0 0
1.63 0 0 0 0
1.63667 0 0 0 0
1.64333 0 0 0 0
1.65 0 0 0 0
1.65667 0 0 0 0
1.66333 0 0 0 0
1.67 0 0 0 0
1.67667 0 0 0 0
1.68333 0 0 0 0
1.69 0 0 0 0
1.69667 0 0 0 0
1.70333 0 0 0 0
1.71 0 0 0 0
1.71667 0 0 0 0
1.72333 0 0 0 0
1.73 0 0 0 0
1.73667 0 0 0 0
1.74333 0 0 0 0
1.75 0 0 0 0
1.75667 0 0 0 0
1.76333 0 0 0 0
1.77 0 0 0 0
1.77667 0 0 0 0
1.78333 0 0 0 0
1.79 0 0 0 0
1.79667 0 0 0 0
1.80333 0 0 0 0
1.81 0 0 0 0
1.81667 0 0 0 0
1.82333 0 0 0 0
1.83 0 0 0 0
1.83667 0 0 0 0
1.84333 0 0 0 0
1.85 0 0 0 0
1.85667 0 0 0 0
1.86333 0 0 0 0
1.87 0 0 0 0
1.87667 0 0 0 0
1.88333 0 0 0 0
1.89 0 0 0 0
1.89667 0 0 0 0
1.90333 0 0 0 0
1.91 0 0 0 0
1.91667 0 0 0 0
1.92333 0 0 0 0
1.93 0 0 0 0
1.93667 0 0 0 0
1.94333 0 0 0 0
1.95 0 0 0 0
1.95667 0 0 0 0
1.96333 0 0 0 0
1.97 0 0 0 0
1.97667 0 0 0 0
1.98333 0 0 0 0
1.99 0 0 0 0
1.99667 0 0 0 0
