0.00333333 7 78 7 32
0.01 7 95 10 31
0.0166667 4 88 11 34
0.0233333 8 95 13 21
0.03 6 88 15 41
0.0366667 6 93 13 38
0.0433333 9 122 21 41
0.05 7 102 23 31
0.0566667 12 102 26 36
0.0633333 7 126 30 36
0.07 15 145 28 48
0.0766667 15 107 31 46
0.0833333 13 153 32 48
0.09 20 137 38 52
0.0966667 20 130 36 36
0.103333 12 143 25 54
0.11 10 120 38 47
0.116667 14 124 32 52
0.123333 17 130 25 53
0.13 8 161 30 65
0.136667 13 138 31 48
0.143333 13 149 29 34
0.15 12 141 24 55
0.156667 16 161 18 45
0.163333 9 151 19 42
0.17 13 150 17 47
0.176667 11 142 17 54
0.183333 8 193 21 43
0.19 6 219 16 54
0.196667 10 222 17 66
0.203333 7 165 19 74
0.21 5 215 26 52
0.216667 8 178 18 62
0.223333 9 178 18 40
0.23 11 178 25 74
0.236667 11 145 16 51
0.243333 7 145 15 38
0.25 4 143 17 48
0.256667 6 102 21 47
0.263333 8 127 14 40
0.27 8 116 15 38
0.276667 9 120 16 32
0.283333 13 109 20 57
0.29 9 93 14 30
0.296667 2 90 14 50
0.303333 6 110 17 40
0.31 8 97 12 38
0.316667 6 91 13 38
0.323333 8 107 23 45
0.33 10 102 10 37
0.336667 8 86 13 39
0.343333 3 95 15 32
0.35 10 97 18 41
0.356667 6 84 19 35
0.363333 10 79 11 44
0.37 7 90 14 43
0.376667 6 89 12 26
0.383333 4 97 14 31
0.39 7 96 15 22
0.396667 13 81 19 20
0.403333 5 92 9 37
0.41 13 101 6 38
0.416667 4 84 11 33
0.423333 3 87 14 29
0.43 6 93 12 32
0.436667 8 93 8 21
0.443333 3 104 8 27
0.45 8 92 11 36
0.456667 6 120 16 28
0.463333 6 113 14 31
0.47 4 134 17 35
0.476667 5 83 2 36
0.483333 9 40 6 13
0.49 9 29 11 4
0.496667 3 36 13 8
0.503333 5 32 4 2
0.51 5 32 9 6
0.516667 1 26 3 11
0.523333 3 21 7 2
0.53 6 18 5 5
0.536667 2 16 8 6
0.543333 4 11 6 6
0.55 2 9 12 3
0.556667 2 21 8 4
0.563333 3 13 4 7
0.57 7 15 6 0
0.576667 5 20 9 8
0.583333 2 22 6 5
0.59 3 13 7 1
0.596667 2 19 3 5
0.603333 5 12 6 3
0.61 1 12 11 4
0.616667 2 12 9 6
0.623333 4 12 8 2
0.63 3 16 10 3
0.636667 4 28 6 3
0.643333 2 9 6 4
0.65 2 13 7 3
0.656667 9 9 11 3
0.663333 74 7077 197 2067
0.67 0 0 0 0
0.676667 0 0 0 0
0.683333 0 0 0 0
0.69 0 0 0 0
0.696667 0 0 0 0
0.703333 0 0 0 0
0.71 0 0 0 0
0.716667 0 0 0 0
0.723333 0 0 0 0
0.73 0 0 0 0
0.736667 0 0 0 0
0.743333 0 0 0 0
0.75 0 0 0 0
0.756667 0 0 0 0
0.763333 0 0 0 0
0.77 0 0 0 0
0.776667 0 0 0 0
0.783333 0 0 0 0
0.79 0 0 0 0
0.796667 0 0 0 0
0.803333 0 0 0 0
0.81 0 0 0 0
0.816667 0 0 0 0
0.823333 0 0 0 0
0.83 0 0 0 0
0.836667 0 0 0 0
0.843333 0 0 0 0
0.85 0 0 0 0
0.856667 0 0 0 0
0.863333 0 0 0 0
0.87 0 0 0 0
0.876667 0 0 0 0
0.883333 0 0 0 0
0.89 0 0 0 0
0.896667 0 0 0 0
0.903333 0 0 0 0
0.91 0 0 0 0
0.916667 0 0 0 0
0.923333 0 0 0 0
0.93 0 0 0 0
0.936667 0 0 0 0
0.943333 0 0 0 0
0.95 0 0 0 0
0.956667 0 0 0 0
0.963333 0 0 0 0
0.97 0 0 0 0
0.976667 0 0 0 0
0.983333 0 0 0 0
0.99 0 0 0 0
0.996667 0 0 0 0
1.00333 0 0 0 0
1.01 0 0 0 0
1.01667 0 0 0 0
1.02333 0 0 0 0
1.03 0 0 0 0
1.03667 0 0 0 0
1.04333 0 0 0 0
1.05 0 0 0 0
1.05667 0 0 0 0
1.06333 0 0 0 0
1.07 0 0 0 0
1.07667 0 0 0 0
1.08333 0 0 0 0
1.09 0 0 0 0
1.09667 0 0 0 0
1.10333 0 0 0 0
1.11 0 0 0 0
1.11667 0 0 0 0
1.12333 0 0 0 0
1.13 0 0 0 0
1.13667 0 0 0 0
1.14333 0 0 0 0
1.15 0 0 0 0
1.15667 0 0 0 0
1.16333 0 0 0 0
1.17 0 0 0 0
1.17667 0 0 0 0
1.18333 0 0 0 0
1.19 0 0 0 0
1.19667 0 0 0 0
1.20333 0 0 0 0
1.21 0 0 0 0
1.21667 0 0 0 0
1.22333 0 0 0 0
1.23 0 0 0 0
1.23667 0 0 0 0
1.24333 0 0 0 0
1.25 0 0 0 0
1.25667 0 0 0 0
1.26333 0 0 0 0
1.27 0 0 0 0
1.27667 0 0 0 0
1.28333 0 0 0 0
1.29 0 0 0 0
1.29667 0 0 0 0
1.30333 0 0 0 0
1.31 0 0 0 0
1.31667 0 0 0 0
1.32333 0 0 0 0
1.33 0 0 0 0
1.33667 0 0 0 0
1.34333 0 0 0 0
1.35 0 0 0 0
1.35667 0 0 0 0
1.36333 0 0 0 0
1.37 0 0 0 0
1.37667 0 0 0 0
1.38333 0 0 0 0
1.39 0 0 0 0
1.39667 0 0 0 0
1.40333 0 0 0 0
1.41 0 0 0 0
1.41667 0 0 0 0
1.42333 0 0 0 0
1.43 0 0 0 0
1.43667 0 0 0 0
1.44333 0 0 0 0
1.45 0 0 0 0
1.45667 0 0 0 0
1.46333 0 0 0 0
1.47 0 0 0 0
1.47667 0 0 0 0
1.48333 0 0 0 0
1.49 0 0 0 0
1.49667 0 0 0 0
1.50333 0 0 0 0
1.51 0 0 0 0
1.51667 0 0 0 0
1.52333 0 0 0 0
1.53 0 0 0 0
1.53667 0 0 0 0
1.54333 0 0 0 0
1.55 0 0 0 0
1.55667 0 0 0 0
1.56333 0 0 0 0
1.57 0 0 0 0
1.57667 0 0 0 0
1.58333 0 0 0 0
1.59 0 0 0 0
1.59667 0 0 0 0
1.60333 0 0 0 0
1.61 0 0 0 0
1.61667 0 0 0 0
1.62333 0 0 0 0
1.63 0 0 0 0
1.63667 0 0 0 0
1.64333 0 0 0 0
1.65 0 0 0 0
1.65667 0 0 0 0
1.66333 0 0 0 0
1.67 0 0 0 0
1.67667 0 0 0 0
1.68333 0 0 0 0
1.69 0 0 0 0
1.69667 0 0 0 0
1.70333 0 0 0 0
1.71 0 0 0 0
1.71667 0 0 0 0
1.72333 0 0 0 0
1.73 0 0 0 0
1.73667 0 0 0 0
1.74333 0 0 0 0
1.75 0 0 0 0
1.75667 0 0 0 0
1.76333 0 0 0 0
1.77 0 0 0 0
1.77667 0 0 0 0
1.78333 0 0 0 0
1.79 0 0 0 0
1.79667 0 0 0 0
1.80333 0 0 0 0
1.81 0 0 0 0
1.81667 0 0 0 0
1.82333 0 0 0 0
1.83 0 0 0 0
1.83667 0 0 0 0
1.84333 0 0 0 0
1.85 0 0 0 0
1.85667 0 0 0 0
1.86333 0 0 0 0
1.87 0 0 0 0
1.87667 0 0 0 0
1.88333 0 0 0 0
1.89 0 0 0 0
1.89667 0 0 0 0
1.90333 0 0 0 0
1.91 0 0 0 0
1.91667 0 0 0 0
1.92333 0 0 0 0
1.93 0 0 0 0
1.93667 0 0 0 0
1.94333 0 0 0 0
1.95 0 0 0 0
1.95667 0 0 0 0
1.96333 0 0 0 0
1.97 0 0 0 0
1.97667 0 0 0 0
1.98333 0 0 0 0
1.99 0 0 0 0
1.99667 0 0 0 0
