0.00333333 2 19 23 63
0.01 2 21 32 64
0.0166667 7 19 35 61
0.0233333 6 23 28 62
0.03 1 19 36 73
0.0366667 1 27 47 71
0.0433333 2 30 65 105
0.05 7 31 72 135
0.0566667 8 45 81 139
0.0633333 2 41 88 133
0.07 6 44 92 132
0.0766667 12 48 88 142
0.0833333 10 37 95 149
0.09 10 46 97 159
0.0966667 4 41 105 157
0.103333 10 34 84 170
0.11 9 51 97 175
0.116667 6 53 92 190
0.123333 7 46 89 176
0.13 6 53 93 176
0.136667 11 33 88 167
0.143333 8 55 73 160
0.15 10 46 61 126
0.156667 7 41 81 152
0.163333 3 43 75 154
0.17 6 39 79 169
0.176667 9 37 70 155
0.183333 6 36 62 163
0.19 9 44 73 177
0.196667 5 48 70 167
0.203333 6 25 49 173
0.21 4 44 81 179
0.216667 7 44 62 161
0.223333 3 36 61 150
0.23 5 37 64 142
0.236667 5 43 54 138
0.243333 5 30 63 146
0.25 5 35 47 127
0.256667 6 22 51 87
0.263333 6 37 47 94
0.27 2 18 52 104
0.276667 2 27 35 98
0.283333 4 22 45 98
0.29 3 25 44 104
0.296667 5 25 53 108
0.303333 2 27 43 89
0.31 3 24 42 93
0.316667 2 24 33 79
0.323333 3 25 42 107
0.33 4 18 31 113
0.336667 5 22 42 83
0.343333 2 19 35 88
0.35 1 18 39 92
0.356667 7 22 39 79
0.363333 1 17 34 86
0.37 4 26 34 70
0.376667 2 22 27 64
0.383333 1 17 31 88
0.39 3 19 26 76
0.396667 3 26 34 62
0.403333 1 21 28 65
0.41 2 29 36 62
0.416667 2 23 28 67
0.423333 3 22 26 77
0.43 6 15 29 76
0.436667 2 21 28 88
0.443333 3 19 35 56
0.45 3 17 23 76
0.456667 3 25 29 62
0.463333 2 25 23 79
0.47 5 20 26 74
0.476667 1 14 27 64
0.483333 3 13 20 45
0.49 2 17 19 41
0.496667 2 14 19 41
0.503333 4 18 17 40
0.51 1 13 13 34
0.516667 1 11 15 36
0.523333 2 9 16 37
0.53 5 7 15 25
0.536667 2 7 17 31
0.543333 2 10 15 30
0.55 1 10 17 22
0.556667 4 11 11 31
0.563333 2 12 14 32
0.57 2 11 19 30
0.576667 2 14 20 32
0.583333 1 6 20 38
0.59 1 7 22 30
0.596667 4 11 11 28
0.603333 1 7 12 25
0.61 2 11 25 21
0.616667 4 12 11 24
0.623333 1 13 15 30
0.63 3 9 12 30
0.636667 3 6 15 35
0.643333 3 13 11 27
0.65 2 13 13 38
0.656667 0 6 13 21
0.663333 42 630 567 2483
0.67 0 0 0 0
0.676667 0 0 0 0
0.683333 0 0 0 0
0.69 0 0 0 0
0.696667 0 0 0 0
0.703333 0 0 0 0
0.71 0 0 0 0
0.716667 0 0 0 0
0.723333 0 0 0 0
0.73 0 0 0 0
0.736667 0 0 0 0
0.743333 0 0 0 0
0.75 0 0 0 0
0.756667 0 0 0 0
0.763333 0 0 0 0
0.77 0 0 0 0
0.776667 0 0 0 0
0.783333 0 0 0 0
0.79 0 0 0 0
0.796667 0 0 0 0
0.803333 0 0 0 0
0.81 0 0 0 0
0.816667 0 0 0 0
0.823333 0 0 0 0
0.83 0 0 0 0
0.836667 0 0 0 0
0.843333 0 0 0 0
0.85 0 0 0 0
0.856667 0 0 0 0
0.863333 0 0 0 0
0.87 0 0 0 0
0.876667 0 0 0 0
0.883333 0 0 0 0
0.89 0 0 0 0
0.896667 0 0 0 0
0.903333 0 0 0 0
0.91 0 0 0 0
0.916667 0 0 0 0
0.923333 0 0 0 0
0.93 0 0 0 0
0.936667 0 0 0 0
0.943333 0 0 0 0
0.95 0 0 0 0
0.956667 0 0 0 0
0.963333 0 0 0 0
0.97 0 0 0 0
0.976667 0 0 0 0
0.983333 0 0 0 0
0.99 0 0 0 0
0.996667 0 0 0 0
1.00333 0 0 0 0
1.01 0 0 0 0
1.01667 0 0 0 0
1.02333 0 0 0 0
1.03 0 0 0 0
1.03667 0 0 0 0
1.04333 0 0 0 0
1.05 0 0 0 0
1.05667 0 0 0 0
1.06333 0 0 0 0
1.07 0 0 0 0
1.07667 0 0 0 0
1.08333 0 0 0 0
1.09 0 0 0 0
1.09667 0 0 0 0
1.10333 0 0 0 0
1.11 0 0 0 0
1.11667 0 0 0 0
1.12333 0 0 0 0
1.13 0 0 0 0
1.13667 0 0 0 0
1.14333 0 0 0 0
1.15 0 0 0 0
1.15667 0 0 0 0
1.16333 0 0 0 0
1.17 0 0 0 0
1.17667 0 0 0 0
1.18333 0 0 0 0
1.19 0 0 0 0
1.19667 0 0 0 0
1.20333 0 0 0 0
1.21 0 0 0 0
1.21667 0 0 0 0
1.22333 0 0 0 0
1.23 0 0 0 0
1.23667 0 0 0 0
1.24333 0 0 0 0
1.25 0 0 0 0
1.25667 0 0 0 0
1.26333 0 0 0 0
1.27 0 0 0 0
1.27667 0 0 0 0
1.28333 0 0 0 0
1.29 0 0 0 0
1.29667 0 0 0 0
1.30333 0 0 0 0
1.31 0 0 0 0
1.31667 0 0 0 0
1.32333 0 0 0 0
1.33 0 0 0 0
1.33667 0 0 0 0
1.34333 0 0 0 0
1.35 0 0 0 0
1.35667 0 0 0 0
1.36333 0 0 0 0
1.37 0 0 0 0
1.37667 0 0 0 0
1.38333 0 0 0 0
1.39 0 0 0 0
1.39667 0 0 0 0
1.40333 0 0 0 0
1.41 0 0 0 0
1.41667 0 0 0 0
1.42333 0 0 0 0
1.43 0 0 0 0
1.43667 0 0 0 0
1.44333 0 0 0 0
1.45 0 0 0 0
1.45667 0 0 0 0
1.46333 0 0 0 0
1.47 0 0 0 0
1.47667 0 0 0 0
1.48333 0 0 0 0
1.49 0 0 0 0
1.49667 0 0 0 0
1.50333 0 0 0 0
1.51 0 0 0 0
1.51667 0 0 0 0
1.52333 0 0 0 0
1.53 0 0 0 0
1.53667 0 0 0 0
1.54333 0 0 0 0
1.55 0 0 0 0
1.55667 0 0 0 0
1.56333 0 0 0 0
1.57 0 0 0 0
1.57667 0 0 0 0
1.58333 0 0 0 0
1.59 0 0 0 0
1.59667 0 0 0 0
1.60333 0 0 0 0
1.61 0 0 0 0
1.61667 0 0 0 0
1.62333 0 0 0 0
1.63 0 0 0 0
1.63667 0 0 0 0
1.64333 0 0 0 0
1.65 0 0 0 0
1.65667 0 0 0 0
1.66333 0 0 0 0
1.67 0 0 0 0
1.67667 0 0 0 0
1.68333 0 0 0 0
1.69 0 0 0 0
1.69667 0 0 0 0
1.70333 0 0 0 0
1.71 0 0 0 0
1.71667 0 0 0 0
1.72333 0 0 0 0
1.73 0 0 0 0
1.73667 0 0 0 0
1.74333 0 0 0 0
1.75 0 0 0 0
1.75667 0 0 0 0
1.76333 0 0 0 0
1.77 0 0 0 0
1.77667 0 0 0 0
1.78333 0 0 0 0
1.79 0 0 0 0
1.79667 0 0 0 0
1.80333 0 0 0 0
1.81 0 0 0 0
1.81667 0 0 0 0
1.82333 0 0 0 0
1.83 0 0 0 0
1.83667 0 0 0 0
1.84333 0 0 0 0
1.85 0 0 0 0
1.85667 0 0 0 0
1.86333 0 0 0 0
1.87 0 0 0 0
1.87667 0 0 0 0
1.88333 0 0 0 0
1.89 0 0 0 0
1.89667 0 0 0 0
1.90333 0 0 0 0
1.91 0 0 0 0
1.91667 0 0 0 0
1.92333 0 0 0 0
1.93 0 0 0 0
1.93667 0 0 0 0
1.94333 0 0 0 0
1.95 0 0 0 0
1.95667 0 0 0 0
1.96333 0 0 0 0
1.97 0 0 0 0
1.97667 0 0 0 0
1.98333 0 0 0 0
1.99 0 0 0 0
1.99667 0 0 0 0
