0.00333333 4 63 13 26
0.01 6 76 10 32
0.0166667 2 63 6 30
0.0233333 9 70 8 29
0.03 3 76 21 35
0.0366667 5 67 13 47
0.0433333 14 97 25 45
0.05 10 84 24 36
0.0566667 12 89 26 39
0.0633333 9 102 27 56
0.07 15 117 31 51
0.0766667 15 88 34 50
0.0833333 19 120 33 58
0.09 16 109 44 57
0.0966667 14 105 35 54
0.103333 12 111 25 55
0.11 13 88 37 55
0.116667 12 108 36 64
0.123333 16 93 24 61
0.13 9 125 27 69
0.136667 13 109 32 52
0.143333 15 123 30 51
0.15 11 110 21 54
0.156667 17 121 15 50
0.163333 9 127 21 43
0.17 9 128 20 54
0.176667 10 106 20 55
0.183333 7 132 21 52
0.19 4 186 15 72
0.196667 9 166 18 70
0.203333 8 141 17 74
0.21 3 160 23 70
0.216667 5 134 23 74
0.223333 6 133 22 63
0.23 11 141 21 75
0.236667 9 124 16 64
0.243333 8 110 16 47
0.25 4 114 18 47
0.256667 6 99 18 50
0.263333 7 111 22 49
0.27 7 103 15 45
0.276667 4 117 17 48
0.283333 11 104 19 66
0.29 6 80 13 40
0.296667 4 93 13 53
0.303333 6 80 16 36
0.31 5 82 11 43
0.316667 6 79 17 33
0.323333 6 84 18 55
0.33 7 85 15 44
0.336667 7 73 11 38
0.343333 5 80 13 39
0.35 5 67 18 47
0.356667 3 48 15 50
0.363333 6 63 11 42
0.37 3 72 16 46
0.376667 5 57 11 38
0.383333 3 75 26 27
0.39 3 70 10 26
0.396667 13 66 17 30
0.403333 7 68 9 34
0.41 13 64 6 33
0.416667 2 59 13 45
0.423333 2 60 17 33
0.43 3 58 15 42
0.436667 7 84 10 28
0.443333 4 86 11 28
0.45 3 80 17 35
0.456667 5 91 15 32
0.463333 6 92 13 28
0.47 5 93 19 33
0.476667 6 65 6 30
0.483333 6 30 7 17
0.49 4 21 10 14
0.496667 3 26 14 6
0.503333 5 20 5 1
0.51 5 19 10 13
0.516667 1 22 3 6
0.523333 2 21 9 7
0.53 4 15 11 5
0.536667 1 13 9 8
0.543333 1 8 11 8
0.55 1 12 10 7
0.556667 0 14 8 7
0.563333 4 11 4 5
0.57 5 13 6 2
0.576667 4 14 9 7
0.583333 0 16 7 6
0.59 2 14 4 7
0.596667 1 16 5 6
0.603333 3 6 8 4
0.61 0 9 10 4
0.616667 4 9 9 7
0.623333 1 7 8 4
0.63 3 16 6 4
0.636667 3 23 6 12
0.643333 1 5 8 8
0.65 3 8 11 2
0.656667 8 3 9 3
0.663333 71 5321 197 2375
0.67 0 0 0 0
0.676667 0 0 0 0
0.683333 0 0 0 0
0.69 0 0 0 0
0.696667 0 0 0 0
0.703333 0 0 0 0
0.71 0 0 0 0
0.716667 0 0 0 0
0.723333 0 0 0 0
0.73 0 0 0 0
0.736667 0 0 0 0
0.743333 0 0 0 0
0.75 0 0 0 0
0.756667 0 0 0 0
0.763333 0 0 0 0
0.77 0 0 0 0
0.776667 0 0 0 0
0.783333 0 0 0 0
0.79 0 0 0 0
0.796667 0 0 0 0
0.803333 0 0 0 0
0.81 0 0 0 0
0.816667 0 0 0 0
0.823333 0 0 0 0
0.83 0 0 0 0
0.836667 0 0 0 0
0.843333 0 0 0 0
0.85 0 0 0 0
0.856667 0 0 0 0
0.863333 0 0 0 0
0.87 0 0 0 0
0.876667 0 0 0 0
0.883333 0 0 0 0
0.89 0 0 0 0
0.896667 0 0 0 0
0.903333 0 0 0 0
0.91 0 0 0 0
0.916667 0 0 0 0
0.923333 0 0 0 0
0.93 0 0 0 0
0.936667 0 0 0 0
0.943333 0 0 0 0
0.95 0 0 0 0
0.956667 0 0 0 0
0.963333 0 0 0 0
0.97 0 0 0 0
0.976667 0 0 0 0
0.983333 0 0 0 0
0.99 0 0 0 0
0.996667 0 0 0 0
1.00333 0 0 0 0
1.01 0 0 0 0
1.01667 0 0 0 0
1.02333 0 0 0 0
1.03 0 0 0 0
1.03667 0 0 0 0
1.04333 0 0 0 0
1.05 0 0 0 0
1.05667 0 0 0 0
1.06333 0 0 0 0
1.07 0 0 0 0
1.07667 0 0 0 0
1.08333 0 0 0 0
1.09 0 0 0 0
1.09667 0 0 0 0
1.10333 0 0 0 0
1.11 0 0 0 0
1.11667 0 0 0 0
1.12333 0 0 0 0
1.13 0 0 0 0
1.13667 0 0 0 0
1.14333 0 0 0 0
1.15 0 0 0 0
1.15667 0 0 0 0
1.16333 0 0 0 0
1.17 0 0 0 0
1.17667 0 0 0 0
1.18333 0 0 0 0
1.19 0 0 0 0
1.19667 0 0 0 0
1.20333 0 0 0 0
1.21 0 0 0 0
1.21667 0 0 0 0
1.22333 0 0 0 0
1.23 0 0 0 0
1.23667 0 0 0 0
1.24333 0 0 0 0
1.25 0 0 0 0
1.25667 0 0 0 0
1.26333 0 0 0 0
1.27 0 0 0 0
1.27667 0 0 0 0
1.28333 0 0 0 0
1.29 0 0 0 0
1.29667 0 0 0 0
1.30333 0 0 0 0
1.31 0 0 0 0
1.31667 0 0 0 0
1.32333 0 0 0 0
1.33 0 0 0 0
1.33667 0 0 0 0
1.34333 0 0 0 0
1.35 0 0 0 0
1.35667 0 0 0 0
1.36333 0 0 0 0
1.37 0 0 0 0
1.37667 0 0 0 0
1.38333 0 0 0 0
1.39 0 0 0 0
1.39667 0 0 0 0
1.40333 0 0 0 0
1.41 0 0 0 0
1.41667 0 0 0 0
1.42333 0 0 0 0
1.43 0 0 0 0
1.43667 0 0 0 0
1.44333 0 0 0 0
1.45 0 0 0 0
1.45667 0 0 0 0
1.46333 0 0 0 0
1.47 0 0 0 0
1.47667 0 0 0 0
1.48333 0 0 0 0
1.49 0 0 0 0
1.49667 0 0 0 0
1.50333 0 0 0 0
1.51 0 0 0 0
1.51667 0 0 0 0
1.52333 0 0 0 0
1.53 0 0 0 0
1.53667 0 0 0 0
1.54333 0 0 0 0
1.55 0 0 0 0
1.55667 0 0 0 0
1.56333 0 0 0 0
1.57 0 0 0 0
1.57667 0 0 0 0
1.58333 0 0 0 0
1.59 0 0 0 0
1.59667 0 0 0 0
1.60333 0 0 0 0
1.61 0 0 0 0
1.61667 0 0 0 0
1.62333 0 0 0 0
1.63 0 0 0 0
1.63667 0 0 0 0
1.64333 0 0 0 0
1.65 0 0 0 0
1.65667 0 0 0 0
1.66333 0 0 0 0
1.67 0 0 0 0
1.67667 0 0 0 0
1.68333 0 0 0 0
1.69 0 0 0 0
1.69667 0 0 0 0
1.70333 0 0 0 0
1.71 0 0 0 0
1.71667 0 0 0 0
1.72333 0 0 0 0
1.73 0 0 0 0
1.73667 0 0 0 0
1.74333 0 0 0 0
1.75 0 0 0 0
1.75667 0 0 0 0
1.76333 0 0 0 0
1.77 0 0 0 0
1.77667 0 0 0 0
1.78333 0 0 0 0
1.79 0 0 0 0
1.79667 0 0 0 0
1.80333 0 0 0 0
1.81 0 0 0 0
1.81667 0 0 0 0
1.82333 0 0 0 0
1.83 0 0 0 0
1.83667 0 0 0 0
1.84333 0 0 0 0
1.85 0 0 0 0
1.85667 0 0 0 0
1.86333 0 0 0 0
1.87 0 0 0 0
1.87667 0 0 0 0
1.88333 0 0 0 0
1.89 0 0 0 0
1.89667 0 0 0 0
1.90333 0 0 0 0
1.91 0 0 0 0
1.91667 0 0 0 0
1.92333 0 0 0 0
1.93 0 0 0 0
1.93667 0 0 0 0
1.94333 0 0 0 0
1.95 0 0 0 0
1.95667 0 0 0 0
1.96333 0 0 0 0
1.97 0 0 0 0
1.97667 0 0 0 0
1.98333 0 0 0 0
1.99 0 0 0 0
1.99667 0 0 0 0
