0.00333333 31 49 2 1
0.01 40 42 5 0
0.0166667 49 51 5 1
0.0233333 64 55 4 1
0.03 50 65 5 2
0.0366667 67 62 5 1
0.0433333 88 80 8 1
0.05 137 102 9 4
0.0566667 158 125 13 10
0.0633333 162 129 9 10
0.07 200 139 13 6
0.0766667 185 179 13 11
0.0833333 189 160 8 6
0.09 192 143 8 10
0.0966667 166 144 13 3
0.103333 177 167 11 6
0.11 180 161 11 9
0.116667 179 159 10 6
0.123333 162 150 9 6
0.13 133 161 5 5
0.136667 148 138 9 9
0.143333 120 143 1 5
0.15 117 133 10 6
0.156667 121 110 10 7
0.163333 110 131 7 8
0.17 130 108 7 6
0.176667 98 122 3 9
0.183333 120 115 16 8
0.19 115 138 3 4
0.196667 115 120 11 6
0.203333 102 110 6 4
0.21 99 122 12 4
0.216667 103 110 5 3
0.223333 106 105 8 6
0.23 90 95 3 11
0.236667 90 106 7 2
0.243333 85 98 4 6
0.25 82 91 8 10
0.256667 69 90 5 2
0.263333 85 71 4 4
0.27 78 87 9 3
0.276667 66 92 8 5
0.283333 65 70 5 4
0.29 69 58 5 3
0.296667 61 64 8 3
0.303333 76 72 2 5
0.31 67 63 3 3
0.316667 47 63 1 3
0.323333 53 64 7 4
0.33 55 70 3 1
0.336667 62 61 3 4
0.343333 62 69 4 1
0.35 59 52 3 4
0.356667 57 52 6 1
0.363333 45 53 1 2
0.37 45 49 6 3
0.376667 36 55 7 2
0.383333 55 48 3 1
0.39 45 50 3 4
0.396667 51 43 2 6
0.403333 44 52 2 2
0.41 50 50 3 1
0.416667 34 48 5 7
0.423333 40 48 2 2
0.43 48 50 2 4
0.436667 30 53 2 3
0.443333 53 40 3 2
0.45 47 40 3 2
0.456667 55 57 14 4
0.463333 46 40 2 3
0.47 44 34 4 1
0.476667 48 39 0 2
0.483333 35 33 4 2
0.49 27 33 4 2
0.496667 34 27 1 2
0.503333 21 31 2 4
0.51 24 35 1 1
0.516667 24 19 4 1
0.523333 19 17 0 1
0.53 18 22 2 5
0.536667 19 21 4 0
0.543333 17 25 6 4
0.55 18 24 1 5
0.556667 25 29 2 2
0.563333 18 23 4 1
0.57 24 25 4 1
0.576667 23 25 3 2
0.583333 25 19 3 1
0.59 24 13 2 1
0.596667 17 30 2 1
0.603333 25 19 1 0
0.61 16 17 1 3
0.616667 16 20 2 2
0.623333 22 14 2 1
0.63 22 17 1 4
0.636667 27 22 0 0
0.643333 23 24 0 0
0.65 22 22 2 2
0.656667 21 19 0 1
0.663333 967 1319 32 44
0.67 0 0 0 0
0.676667 0 0 0 0
0.683333 0 0 0 0
0.69 0 0 0 0
0.696667 0 0 0 0
0.703333 0 0 0 0
0.71 0 0 0 0
0.716667 0 0 0 0
0.723333 0 0 0 0
0.73 0 0 0 0
0.736667 0 0 0 0
0.743333 0 0 0 0
0.75 0 0 0 0
0.756667 0 0 0 0
0.763333 0 0 0 0
0.77 0 0 0 0
0.776667 0 0 0 0
0.783333 0 0 0 0
0.79 0 0 0 0
0.796667 0 0 0 0
0.803333 0 0 0 0
0.81 0 0 0 0
0.816667 0 0 0 0
0.823333 0 0 0 0
0.83 0 0 0 0
0.836667 0 0 0 0
0.843333 0 0 0 0
0.85 0 0 0 0
0.856667 0 0 0 0
0.863333 0 0 0 0
0.87 0 0 0 0
0.876667 0 0 0 0
0.883333 0 0 0 0
0.89 0 0 0 0
0.896667 0 0 0 0
0.903333 0 0 0 0
0.91 0 0 0 0
0.916667 0 0 0 0
0.923333 0 0 0 0
0.93 0 0 0 0
0.936667 0 0 0 0
0.943333 0 0 0 0
0.95 0 0 0 0
0.956667 0 0 0 0
0.963333 0 0 0 0
0.97 0 0 0 0
0.976667 0 0 0 0
0.983333 0 0 0 0
0.99 0 0 0 0
0.996667 0 0 0 0
1.00333 0 0 0 0
1.01 0 0 0 0
1.01667 0 0 0 0
1.02333 0 0 0 0
1.03 0 0 0 0
1.03667 0 0 0 0
1.04333 0 0 0 0
1.05 0 0 0 0
1.05667 0 0 0 0
1.06333 0 0 0 0
1.07 0 0 0 0
1.07667 0 0 0 0
1.08333 0 0 0 0
1.09 0 0 0 0
1.09667 0 0 0 0
1.10333 0 0 0 0
1.11 0 0 0 0
1.11667 0 0 0 0
1.12333 0 0 0 0
1.13 0 0 0 0
1.13667 0 0 0 0
1.14333 0 0 0 0
1.15 0 0 0 0
1.15667 0 0 0 0
1.16333 0 0 0 0
1.17 0 0 0 0
1.17667 0 0 0 0
1.18333 0 0 0 0
1.19 0 0 0 0
1.19667 0 0 0 0
1.20333 0 0 0 0
1.21 0 0 0 0
1.21667 0 0 0 0
1.22333 0 0 0 0
1.23 0 0 0 0
1.23667 0 0 0 0
1.24333 0 0 0 0
1.25 0 0 0 0
1.25667 0 0 0 0
1.26333 0 0 0 0
1.27 0 0 0 0
1.27667 0 0 0 0
1.28333 0 0 0 0
1.29 0 0 0 0
1.29667 0 0 0 0
1.30333 0 0 0 0
1.31 0 0 0 0
1.31667 0 0 0 0
1.32333 0 0 0 0
1.33 0 0 0 0
1.33667 0 0 0 0
1.34333 0 0 0 0
1.35 0 0 0 0
1.35667 0 0 0 0
1.36333 0 0 0 0
1.37 0 0 0 0
1.37667 0 0 0 0
1.38333 0 0 0 0
1.39 0 0 0 0
1.39667 0 0 0 0
1.40333 0 0 0 0
1.41 0 0 0 0
1.41667 0 0 0 0
1.42333 0 0 0 0
1.43 0 0 0 0
1.43667 0 0 0 0
1.44333 0 0 0 0
1.45 0 0 0 0
1.45667 0 0 0 0
1.46333 0 0 0 0
1.47 0 0 0 0
1.47667 0 0 0 0
1.48333 0 0 0 0
1.49 0 0 0 0
1.49667 0 0 0 0
1.50333 0 0 0 0
1.51 0 0 0 0
1.51667 0 0 0 0
1.52333 0 0 0 0
1.53 0 0 0 0
1.53667 0 0 0 0
1.54333 0 0 0 0
1.55 0 0 0 0
1.55667 0 0 0 0
1.56333 0 0 0 0
1.57 0 0 0 0
1.57667 0 0 0 0
1.58333 0 0 0 0
1.59 0 0 0 0
1.59667 0 0 0 0
1.60333 0 0 0 0
1.61 0 0 0 0
1.61667 0 0 0 0
1.62333 0 0 0 0
1.63 0 0 0 0
1.63667 0 0 0 0
1.64333 0 0 0 0
1.65 0 0 0 0
1.65667 0 0 0 0
1.66333 0 0 0 0
1.67 0 0 0 0
1.67667 0 0 0 0
1.68333 0 0 0 0
1.69 0 0 0 0
1.69667 0 0 0 0
1.70333 0 0 0 0
1.71 0 0 0 0
1.71667 0 0 0 0
1.72333 0 0 0 0
1.73 0 0 0 0
1.73667 0 0 0 0
1.74333 0 0 0 0
1.75 0 0 0 0
1.75667 0 0 0 0
1.76333 0 0 0 0
1.77 0 0 0 0
1.77667 0 0 0 0
1.78333 0 0 0 0
1.79 0 0 0 0
1.79667 0 0 0 0
1.80333 0 0 0 0
1.81 0 0 0 0
1.81667 0 0 0 0
1.82333 0 0 0 0
1.83 0 0 0 0
1.83667 0 0 0 0
1.84333 0 0 0 0
1.85 0 0 0 0
1.85667 0 0 0 0
1.86333 0 0 0 0
1.87 0 0 0 0
1.87667 0 0 0 0
1.88333 0 0 0 0
1.89 0 0 0 0
1.89667 0 0 0 0
1.90333 0 0 0 0
1.91 0 0 0 0
1.91667 0 0 0 0
1.92333 0 0 0 0
1.93 0 0 0 0
1.93667 0 0 0 0
1.94333 0 0 0 0
1.95 0 0 0 0
1.95667 0 0 0 0
1.96333 0 0 0 0
1.97 0 0 0 0
1.97667 0 0 0 0
1.98333 0 0 0 0
1.99 0 0 0 0
1.99667 0 0 0 0
