0.00333333 22 72 1 2
0.01 32 85 2 7
0.0166667 29 87 5 6
0.0233333 33 90 4 8
0.03 51 102 4 7
0.0366667 47 123 2 10
0.0433333 71 120 4 11
0.05 87 145 8 9
0.0566667 96 181 5 3
0.0633333 117 175 10 6
0.07 145 230 10 12
0.0766667 119 231 18 10
0.0833333 100 223 13 14
0.09 136 237 15 9
0.0966667 116 237 16 13
0.103333 116 209 11 12
0.11 113 238 12 8
0.116667 112 230 14 10
0.123333 119 254 8 12
0.13 97 229 7 14
0.136667 96 217 7 12
0.143333 71 242 12 10
0.15 86 225 5 8
0.156667 66 226 5 14
0.163333 82 199 5 11
0.17 86 198 8 11
0.176667 72 228 8 8
0.183333 91 238 5 10
0.19 62 293 8 16
0.196667 62 268 13 15
0.203333 58 261 10 16
0.21 69 248 7 15
0.216667 68 235 10 8
0.223333 61 220 4 13
0.23 50 184 8 15
0.236667 57 181 7 11
0.243333 59 180 4 5
0.25 58 183 6 9
0.256667 52 158 5 7
0.263333 69 163 6 11
0.27 55 142 8 8
0.276667 61 153 6 9
0.283333 50 110 3 14
0.29 49 110 7 9
0.296667 53 123 3 6
0.303333 36 121 4 4
0.31 34 117 2 5
0.316667 38 104 5 9
0.323333 44 137 2 5
0.33 36 104 1 7
0.336667 39 108 3 9
0.343333 38 112 5 3
0.35 28 119 4 4
0.356667 32 98 4 5
0.363333 38 101 2 3
0.37 30 81 5 9
0.376667 28 104 4 2
0.383333 30 83 2 6
0.39 30 78 3 2
0.396667 34 89 0 7
0.403333 30 100 2 8
0.41 32 93 3 7
0.416667 33 99 3 8
0.423333 34 89 5 3
0.43 25 74 5 4
0.436667 22 91 3 9
0.443333 16 95 4 8
0.45 24 74 1 4
0.456667 35 86 5 6
0.463333 23 95 2 3
0.47 30 94 6 15
0.476667 27 87 2 4
0.483333 25 51 5 3
0.49 18 38 0 1
0.496667 18 55 2 4
0.503333 17 38 1 4
0.51 11 56 1 3
0.516667 18 36 3 4
0.523333 15 41 1 2
0.53 16 33 6 4
0.536667 11 34 3 7
0.543333 18 34 2 3
0.55 13 38 1 1
0.556667 19 40 7 4
0.563333 15 31 0 2
0.57 12 26 3 0
0.576667 18 25 3 6
0.583333 15 33 0 2
0.59 15 32 3 3
0.596667 13 28 2 2
0.603333 19 33 2 5
0.61 14 21 2 7
0.616667 10 33 3 5
0.623333 16 20 0 1
0.63 18 34 2 2
0.636667 20 29 3 4
0.643333 22 23 1 3
0.65 15 24 4 2
0.656667 14 27 1 2
0.663333 570 3851 42 208
0.67 0 0 0 0
0.676667 0 0 0 0
0.683333 0 0 0 0
0.69 0 0 0 0
0.696667 0 0 0 0
0.703333 0 0 0 0
0.71 0 0 0 0
0.716667 0 0 0 0
0.723333 0 0 0 0
0.73 0 0 0 0
0.736667 0 0 0 0
0.743333 0 0 0 0
0.75 0 0 0 0
0.756667 0 0 0 0
0.763333 0 0 0 0
0.77 0 0 0 0
0.776667 0 0 0 0
0.783333 0 0 0 0
0.79 0 0 0 0
0.796667 0 0 0 0
0.803333 0 0 0 0
0.81 0 0 0 0
0.816667 0 0 0 0
0.823333 0 0 0 0
0.83 0 0 0 0
0.836667 0 0 0 0
0.843333 0 0 0 0
0.85 0 0 0 0
0.856667 0 0 0 0
0.863333 0 0 0 0
0.87 0 0 0 0
0.876667 0 0 0 0
0.883333 0 0 0 0
0.89 0 0 0 0
0.896667 0 0 0 0
0.903333 0 0 0 0
0.91 0 0 0 0
0.916667 0 0 0 0
0.923333 0 0 0 0
0.93 0 0 0 0
0.936667 0 0 0 0
0.943333 0 0 0 0
0.95 0 0 0 0
0.956667 0 0 0 0
0.963333 0 0 0 0
0.97 0 0 0 0
0.976667 0 0 0 0
0.983333 0 0 0 0
0.99 0 0 0 0
0.996667 0 0 0 0
1.00333 0 0 0 0
1.01 0 0 0 0
1.01667 0 0 0 0
1.02333 0 0 0 0
1.03 0 0 0 0
1.03667 0 0 0 0
1.04333 0 0 0 0
1.05 0 0 0 0
1.05667 0 0 0 0
1.06333 0 0 0 0
1.07 0 0 0 0
1.07667 0 0 0 0
1.08333 0 0 0 0
1.09 0 0 0 0
1.09667 0 0 0 0
1.10333 0 0 0 0
1.11 0 0 0 0
1.11667 0 0 0 0
1.12333 0 0 0 0
1.13 0 0 0 0
1.13667 0 0 0 0
1.14333 0 0 0 0
1.15 0 0 0 0
1.15667 0 0 0 0
1.16333 0 0 0 0
1.17 0 0 0 0
1.17667 0 0 0 0
1.18333 0 0 0 0
1.19 0 0 0 0
1.19667 0 0 0 0
1.20333 0 0 0 0
1.21 0 0 0 0
1.21667 0 0 0 0
1.22333 0 0 0 0
1.23 0 0 0 0
1.23667 0 0 0 0
1.24333 0 0 0 0
1.25 0 0 0 0
1.25667 0 0 0 0
1.26333 0 0 0 0
1.27 0 0 0 0
1.27667 0 0 0 0
1.28333 0 0 0 0
1.29 0 0 0 0
1.29667 0 0 0 0
1.30333 0 0 0 0
1.31 0 0 0 0
1.31667 0 0 0 0
1.32333 0 0 0 0
1.33 0 0 0 0
1.33667 0 0 0 0
1.34333 0 0 0 0
1.35 0 0 0 0
1.35667 0 0 0 0
1.36333 0 0 0 0
1.37 0 0 0 0
1.37667 0 0 0 0
1.38333 0 0 0 0
1.39 0 0 0 0
1.39667 0 0 0 0
1.40333 0 0 0 0
1.41 0 0 0 0
1.41667 0 0 0 0
1.42333 0 0 0 0
1.43 0 0 0 0
1.43667 0 0 0 0
1.44333 0 0 0 0
1.45 0 0 0 0
1.45667 0 0 0 0
1.46333 0 0 0 0
1.47 0 0 0 0
1.47667 0 0 0 0
1.48333 0 0 0 0
1.49 0 0 0 0
1.49667 0 0 0 0
1.50333 0 0 0 0
1.51 0 0 0 0
1.51667 0 0 0 0
1.52333 0 0 0 0
1.53 0 0 0 0
1.53667 0 0 0 0
1.54333 0 0 0 0
1.55 0 0 0 0
1.55667 0 0 0 0
1.56333 0 0 0 0
1.57 0 0 0 0
1.57667 0 0 0 0
1.58333 0 0 0 0
1.59 0 0 0 0
1.59667 0 0 0 0
1.60333 0 0 0 0
1.61 0 0 0 0
1.61667 0 0 0 0
1.62333 0 0 0 0
1.63 0 0 0 0
1.63667 0 0 0 0
1.64333 0 0 0 0
1.65 0 0 0 0
1.65667 0 0 0 0
1.66333 0 0 0 0
1.67 0 0 0 0
1.67667 0 0 0 0
1.68333 0 0 0 0
1.69 0 0 0 0
1.69667 0 0 0 0
1.70333 0 0 0 0
1.71 0 0 0 0
1.71667 0 0 0 0
1.72333 0 0 0 0
1.73 0 0 0 0
1.73667 0 0 0 0
1.74333 0 0 0 0
1.75 0 0 0 0
1.75667 0 0 0 0
1.76333 0 0 0 0
1.77 0 0 0 0
1.77667 0 0 0 0
1.78333 0 0 0 0
1.79 0 0 0 0
1.79667 0 0 0 0
1.80333 0 0 0 0
1.81 0 0 0 0
1.81667 0 0 0 0
1.82333 0 0 0 0
1.83 0 0 0 0
1.83667 0 0 0 0
1.84333 0 0 0 0
1.85 0 0 0 0
1.85667 0 0 0 0
1.86333 0 0 0 0
1.87 0 0 0 0
1.87667 0 0 0 0
1.88333 0 0 0 0
1.89 0 0 0 0
1.89667 0 0 0 0
1.90333 0 0 0 0
1.91 0 0 0 0
1.91667 0 0 0 0
1.92333 0 0 0 0
1.93 0 0 0 0
1.93667 0 0 0 0
1.94333 0 0 0 0
1.95 0 0 0 0
1.95667 0 0 0 0
1.96333 0 0 0 0
1.97 0 0 0 0
1.97667 0 0 0 0
1.98333 0 0 0 0
1.99 0 0 0 0
1.99667 0 0 0 0
