0.00333333 2 47 9 24
0.01 7 58 8 24
0.0166667 3 50 6 32
0.0233333 3 49 10 22
0.03 5 50 10 32
0.0366667 6 55 19 34
0.0433333 8 48 16 25
0.05 11 62 19 38
0.0566667 8 76 28 41
0.0633333 13 68 27 42
0.07 12 65 31 29
0.0766667 13 70 38 37
0.0833333 18 74 42 35
0.09 13 85 36 37
0.0966667 13 71 36 46
0.103333 17 78 26 32
0.11 14 71 28 39
0.116667 16 84 44 43
0.123333 15 87 27 48
0.13 9 89 32 28
0.136667 9 69 28 30
0.143333 15 77 30 44
0.15 10 69 26 45
0.156667 7 75 19 44
0.163333 14 73 18 33
0.17 18 68 18 44
0.176667 9 74 12 49
0.183333 6 67 28 24
0.19 8 76 15 44
0.196667 11 84 22 38
0.203333 19 81 12 54
0.21 12 104 18 39
0.216667 15 73 12 36
0.223333 11 79 18 35
0.23 8 86 16 45
0.236667 6 72 19 48
0.243333 9 81 11 42
0.25 7 65 22 29
0.256667 10 67 11 41
0.263333 13 76 18 35
0.27 10 64 19 31
0.276667 6 61 15 35
0.283333 7 69 20 36
0.29 5 62 18 28
0.296667 8 67 12 30
0.303333 12 63 15 32
0.31 7 54 22 43
0.316667 3 67 16 33
0.323333 11 51 7 30
0.33 6 58 15 36
0.336667 11 51 13 26
0.343333 7 60 10 21
0.35 10 53 28 24
0.356667 5 40 11 22
0.363333 4 55 8 37
0.37 6 55 10 38
0.376667 7 67 13 32
0.383333 6 43 23 30
0.39 9 46 15 27
0.396667 5 58 17 14
0.403333 9 53 13 34
0.41 7 48 15 35
0.416667 5 45 15 27
0.423333 6 47 10 29
0.43 2 45 9 29
0.436667 4 49 16 22
0.443333 4 48 12 31
0.45 3 58 16 24
0.456667 9 52 12 31
0.463333 8 52 17 34
0.47 8 63 8 23
0.476667 6 35 10 25
0.483333 4 37 4 12
0.49 7 16 8 10
0.496667 1 23 11 17
0.503333 4 15 5 12
0.51 7 11 6 9
0.516667 4 12 4 5
0.523333 5 10 12 5
0.53 4 11 8 11
0.536667 10 11 5 5
0.543333 3 10 7 5
0.55 4 7 8 3
0.556667 5 7 7 4
0.563333 3 5 13 8
0.57 4 4 5 1
0.576667 4 14 6 5
0.583333 3 9 7 4
0.59 6 7 10 3
0.596667 4 4 4 2
0.603333 0 10 4 3
0.61 4 5 9 5
0.616667 4 2 12 2
0.623333 3 11 8 2
0.63 3 14 14 6
0.636667 3 12 14 11
0.643333 1 6 5 3
0.65 2 4 6 4
0.656667 9 4 4 10
0.663333 153 3559 393 1845
0.67 0 0 0 0
0.676667 0 0 0 0
0.683333 0 0 0 0
0.69 0 0 0 0
0.696667 0 0 0 0
0.703333 0 0 0 0
0.71 0 0 0 0
0.716667 0 0 0 0
0.723333 0 0 0 0
0.73 0 0 0 0
0.736667 0 0 0 0
0.743333 0 0 0 0
0.75 0 0 0 0
0.756667 0 0 0 0
0.763333 0 0 0 0
0.77 0 0 0 0
0.776667 0 0 0 0
0.783333 0 0 0 0
0.79 0 0 0 0
0.796667 0 0 0 0
0.803333 0 0 0 0
0.81 0 0 0 0
0.816667 0 0 0 0
0.823333 0 0 0 0
0.83 0 0 0 0
0.836667 0 0 0 0
0.843333 0 0 0 0
0.85 0 0 0 0
0.856667 0 0 0 0
0.863333 0 0 0 0
0.87 0 0 0 0
0.876667 0 0 0 0
0.883333 0 0 0 0
0.89 0 0 0 0
0.896667 0 0 0 0
0.903333 0 0 0 0
0.91 0 0 0 0
0.916667 0 0 0 0
0.923333 0 0 0 0
0.93 0 0 0 0
0.936667 0 0 0 0
0.943333 0 0 0 0
0.95 0 0 0 0
0.956667 0 0 0 0
0.963333 0 0 0 0
0.97 0 0 0 0
0.976667 0 0 0 0
0.983333 0 0 0 0
0.99 0 0 0 0
0.996667 0 0 0 0
1.00333 0 0 0 0
1.01 0 0 0 0
1.01667 0 0 0 0
1.02333 0 0 0 0
1.03 0 0 0 0
1.03667 0 0 0 0
1.04333 0 0 0 0
1.05 0 0 0 0
1.05667 0 0 0 0
1.06333 0 0 0 0
1.07 0 0 0 0
1.07667 0 0 0 0
1.08333 0 0 0 0
1.09 0 0 0 0
1.09667 0 0 0 0
1.10333 0 0 0 0
1.11 0 0 0 0
1.11667 0 0 0 0
1.12333 0 0 0 0
1.13 0 0 0 0
1.13667 0 0 0 0
1.14333 0 0 0 0
1.15 0 0 0 0
1.15667 0 0 0 0
1.16333 0 0 0 0
1.17 0 0 0 0
1.17667 0 0 0 0
1.18333 0 0 0 0
1.19 0 0 0 0
1.19667 0 0 0 0
1.20333 0 0 0 0
1.21 0 0 0 0
1.21667 0 0 0 0
1.22333 0 0 0 0
1.23 0 0 0 0
1.23667 0 0 0 0
1.24333 0 0 0 0
1.25 0 0 0 0
1.25667 0 0 0 0
1.26333 0 0 0 0
1.27 0 0 0 0
1.27667 0 0 0 0
1.28333 0 0 0 0
1.29 0 0 0 0
1.29667 0 0 0 0
1.30333 0 0 0 0
1.31 0 0 0 0
1.31667 0 0 0 0
1.32333 0 0 0 0
1.33 0 0 0 0
1.33667 0 0 0 0
1.34333 0 0 0 0
1.35 0 0 0 0
1.35667 0 0 0 0
1.36333 0 0 0 0
1.37 0 0 0 0
1.37667 0 0 0 0
1.38333 0 0 0 0
1.39 0 0 0 0
1.39667 0 0 0 0
1.40333 0 0 0 0
1.41 0 0 0 0
1.41667 0 0 0 0
1.42333 0 0 0 0
1.43 0 0 0 0
1.43667 0 0 0 0
1.44333 0 0 0 0
1.45 0 0 0 0
1.45667 0 0 0 0
1.46333 0 0 0 0
1.47 0 0 0 0
1.47667 0 0 0 0
1.48333 0 0 0 0
1.49 0 0 0 0
1.49667 0 0 0 0
1.50333 0 0 0 0
1.51 0 0 0 0
1.51667 0 0 0 0
1.52333 0 0 0 0
1.53 0 0 0 0
1.53667 0 0 0 0
1.54333 0 0 0 0
1.55 0 0 0 0
1.55667 0 0 0 0
1.56333 0 0 0 0
1.57 0 0 0 0
1.57667 0 0 0 0
1.58333 0 0 0 0
1.59 0 0 0 0
1.59667 0 0 0 0
1.60333 0 0 0 0
1.61 0 0 0 0
1.61667 0 0 0 0
1.62333 0 0 0 0
1.63 0 0 0 0
1.63667 0 0 0 0
1.64333 0 0 0 0
1.65 0 0 0 0
1.65667 0 0 0 0
1.66333 0 0 0 0
1.67 0 0 0 0
1.67667 0 0 0 0
1.68333 0 0 0 0
1.69 0 0 0 0
1.69667 0 0 0 0
1.70333 0 0 0 0
1.71 0 0 0 0
1.71667 0 0 0 0
1.72333 0 0 0 0
1.73 0 0 0 0
1.73667 0 0 0 0
1.74333 0 0 0 0
1.75 0 0 0 0
1.75667 0 0 0 0
1.76333 0 0 0 0
1.77 0 0 0 0
1.77667 0 0 0 0
1.78333 0 0 0 0
1.79 0 0 0 0
1.79667 0 0 0 0
1.80333 0 0 0 0
1.81 0 0 0 0
1.81667 0 0 0 0
1.82333 0 0 0 0
1.83 0 0 0 0
1.83667 0 0 0 0
1.84333 0 0 0 0
1.85 0 0 0 0
1.85667 0 0 0 0
1.86333 0 0 0 0
1.87 0 0 0 0
1.87667 0 0 0 0
1.88333 0 0 0 0
1.89 0 0 0 0
1.89667 0 0 0 0
1.90333 0 0 0 0
1.91 0 0 0 0
1.91667 0 0 0 0
1.92333 0 0 0 0
1.93 0 0 0 0
1.93667 0 0 0 0
1.94333 0 0 0 0
1.95 0 0 0 0
1.95667 0 0 0 0
1.96333 0 0 0 0
1.97 0 0 0 0
1.97667 0 0 0 0
1.98333 0 0 0 0
1.99 0 0 0 0
1.99667 0 0 0 0
