0.00333333 12 40 29 9
0.01 16 42 35 12
0.0166667 27 53 34 8
0.0233333 25 63 33 18
0.03 31 69 47 10
0.0366667 35 69 58 22
0.0433333 48 105 53 24
0.05 53 123 75 26
0.0566667 72 154 102 32
0.0633333 86 161 117 28
0.07 90 196 116 30
0.0766667 86 190 129 23
0.0833333 81 174 128 34
0.09 99 188 133 49
0.0966667 95 165 110 36
0.103333 87 177 96 35
0.11 90 182 104 41
0.116667 70 166 111 42
0.123333 68 170 103 32
0.13 66 188 101 41
0.136667 61 143 103 20
0.143333 74 166 104 25
0.15 67 152 87 30
0.156667 61 151 76 19
0.163333 54 146 85 28
0.17 71 131 86 29
0.176667 72 139 75 25
0.183333 69 114 99 21
0.19 55 144 108 28
0.196667 52 125 96 29
0.203333 48 109 84 33
0.21 54 109 100 22
0.216667 51 124 97 21
0.223333 51 100 74 31
0.23 58 108 60 22
0.236667 44 112 61 23
0.243333 53 96 73 16
0.25 40 87 45 17
0.256667 23 83 48 14
0.263333 34 76 48 18
0.27 27 83 45 15
0.276667 20 81 53 19
0.283333 34 75 41 14
0.29 26 87 67 19
0.296667 39 94 45 12
0.303333 29 72 45 11
0.31 30 69 48 20
0.316667 27 75 51 12
0.323333 37 61 48 16
0.33 34 67 46 21
0.336667 30 61 38 19
0.343333 22 63 44 11
0.35 26 65 42 9
0.356667 26 57 42 19
0.363333 25 50 32 9
0.37 23 56 44 11
0.376667 26 58 38 8
0.383333 27 50 39 9
0.39 26 42 33 14
0.396667 24 50 33 4
0.403333 24 58 45 14
0.41 23 46 25 9
0.416667 14 54 33 7
0.423333 18 58 36 13
0.43 15 42 31 9
0.436667 19 51 17 9
0.443333 23 34 36 7
0.45 28 47 35 5
0.456667 19 56 27 17
0.463333 22 41 27 11
0.47 9 39 47 11
0.476667 26 41 32 12
0.483333 21 27 20 11
0.49 14 27 20 10
0.496667 19 28 25 9
0.503333 15 28 14 6
0.51 11 19 23 7
0.516667 15 30 19 8
0.523333 11 30 24 10
0.53 18 31 22 2
0.536667 8 32 14 6
0.543333 14 24 18 6
0.55 8 25 11 6
0.556667 10 29 20 9
0.563333 17 27 18 4
0.57 8 17 16 7
0.576667 19 20 12 1
0.583333 10 20 23 3
0.59 13 30 10 4
0.596667 10 24 22 5
0.603333 8 33 11 5
0.61 9 30 20 2
0.616667 8 27 19 7
0.623333 22 20 15 3
0.63 15 25 11 4
0.636667 12 28 17 6
0.643333 9 22 15 3
0.65 14 26 17 3
0.656667 6 20 14 6
0.663333 528 1143 761 193
0.67 0 0 0 0
0.676667 0 0 0 0
0.683333 0 0 0 0
0.69 0 0 0 0
0.696667 0 0 0 0
0.703333 0 0 0 0
0.71 0 0 0 0
0.716667 0 0 0 0
0.723333 0 0 0 0
0.73 0 0 0 0
0.736667 0 0 0 0
0.743333 0 0 0 0
0.75 0 0 0 0
0.756667 0 0 0 0
0.763333 0 0 0 0
0.77 0 0 0 0
0.776667 0 0 0 0
0.783333 0 0 0 0
0.79 0 0 0 0
0.796667 0 0 0 0
0.803333 0 0 0 0
0.81 0 0 0 0
0.816667 0 0 0 0
0.823333 0 0 0 0
0.83 0 0 0 0
0.836667 0 0 0 0
0.843333 0 0 0 0
0.85 0 0 0 0
0.856667 0 0 0 0
0.863333 0 0 0 0
0.87 0 0 0 0
0.876667 0 0 0 0
0.883333 0 0 0 0
0.89 0 0 0 0
0.896667 0 0 0 0
0.903333 0 0 0 0
0.91 0 0 0 0
0.916667 0 0 0 0
0.923333 0 0 0 0
0.93 0 0 0 0
0.936667 0 0 0 0
0.943333 0 0 0 0
0.95 0 0 0 0
0.956667 0 0 0 0
0.963333 0 0 0 0
0.97 0 0 0 0
0.976667 0 0 0 0
0.983333 0 0 0 0
0.99 0 0 0 0
0.996667 0 0 0 0
1.00333 0 0 0 0
1.01 0 0 0 0
1.01667 0 0 0 0
1.02333 0 0 0 0
1.03 0 0 0 0
1.03667 0 0 0 0
1.04333 0 0 0 0
1.05 0 0 0 0
1.05667 0 0 0 0
1.06333 0 0 0 0
1.07 0 0 0 0
1.07667 0 0 0 0
1.08333 0 0 0 0
1.09 0 0 0 0
1.09667 0 0 0 0
1.10333 0 0 0 0
1.11 0 0 0 0
1.11667 0 0 0 0
1.12333 0 0 0 0
1.13 0 0 0 0
1.13667 0 0 0 0
1.14333 0 0 0 0
1.15 0 0 0 0
1.15667 0 0 0 0
1.16333 0 0 0 0
1.17 0 0 0 0
1.17667 0 0 0 0
1.18333 0 0 0 0
1.19 0 0 0 0
1.19667 0 0 0 0
1.20333 0 0 0 0
1.21 0 0 0 0
1.21667 0 0 0 0
1.22333 0 0 0 0
1.23 0 0 0 0
1.23667 0 0 0 0
1.24333 0 0 0 0
1.25 0 0 0 0
1.25667 0 0 0 0
1.26333 0 0 0 0
1.27 0 0 0 0
1.27667 0 0 0 0
1.28333 0 0 0 0
1.29 0 0 0 0
1.29667 0 0 0 0
1.30333 0 0 0 0
1.31 0 0 0 0
1.31667 0 0 0 0
1.32333 0 0 0 0
1.33 0 0 0 0
1.33667 0 0 0 0
1.34333 0 0 0 0
1.35 0 0 0 0
1.35667 0 0 0 0
1.36333 0 0 0 0
1.37 0 0 0 0
1.37667 0 0 0 0
1.38333 0 0 0 0
1.39 0 0 0 0
1.39667 0 0 0 0
1.40333 0 0 0 0
1.41 0 0 0 0
1.41667 0 0 0 0
1.42333 0 0 0 0
1.43 0 0 0 0
1.43667 0 0 0 0
1.44333 0 0 0 0
1.45 0 0 0 0
1.45667 0 0 0 0
1.46333 0 0 0 0
1.47 0 0 0 0
1.47667 0 0 0 0
1.48333 0 0 0 0
1.49 0 0 0 0
1.49667 0 0 0 0
1.50333 0 0 0 0
1.51 0 0 0 0
1.51667 0 0 0 0
1.52333 0 0 0 0
1.53 0 0 0 0
1.53667 0 0 0 0
1.54333 0 0 0 0
1.55 0 0 0 0
1.55667 0 0 0 0
1.56333 0 0 0 0
1.57 0 0 0 0
1.57667 0 0 0 0
1.58333 0 0 0 0
1.59 0 0 0 0
1.59667 0 0 0 0
1.60333 0 0 0 0
1.61 0 0 0 0
1.61667 0 0 0 0
1.62333 0 0 0 0
1.63 0 0 0 0
1.63667 0 0 0 0
1.64333 0 0 0 0
1.65 0 0 0 0
1.65667 0 0 0 0
1.66333 0 0 0 0
1.67 0 0 0 0
1.67667 0 0 0 0
1.68333 0 0 0 0
1.69 0 0 0 0
1.69667 0 0 0 0
1.70333 0 0 0 0
1.71 0 0 0 0
1.71667 0 0 0 0
1.72333 0 0 0 0
1.73 0 0 0 0
1.73667 0 0 0 0
1.74333 0 0 0 0
1.75 0 0 0 0
1.75667 0 0 0 0
1.76333 0 0 0 0
1.77 0 0 0 0
1.77667 0 0 0 0
1.78333 0 0 0 0
1.79 0 0 0 0
1.79667 0 0 0 0
1.80333 0 0 0 0
1.81 0 0 0 0
1.81667 0 0 0 0
1.82333 0 0 0 0
1.83 0 0 0 0
1.83667 0 0 0 0
1.84333 0 0 0 0
1.85 0 0 0 0
1.85667 0 0 0 0
1.86333 0 0 0 0
1.87 0 0 0 0
1.87667 0 0 0 0
1.88333 0 0 0 0
1.89 0 0 0 0
1.89667 0 0 0 0
1.90333 0 0 0 0
1.91 0 0 0 0
1.91667 0 0 0 0
1.92333 0 0 0 0
1.93 0 0 0 0
1.93667 0 0 0 0
1.94333 0 0 0 0
1.95 0 0 0 0
1.95667 0 0 0 0
1.96333 0 0 0 0
1.97 0 0 0 0
1.97667 0 0 0 0
1.98333 0 0 0 0
1.99 0 0 0 0
1.99667 0 0 0 0
