0.00333333 0 17 20 183
0.01 1 17 17 180
0.0166667 3 14 14 193
0.0233333 3 18 23 198
0.03 0 15 27 219
0.0366667 0 16 31 187
0.0433333 5 16 43 220
0.05 2 23 53 268
0.0566667 4 26 56 299
0.0633333 3 28 53 305
0.07 5 32 61 315
0.0766667 6 30 61 328
0.0833333 3 23 61 337
0.09 2 14 55 370
0.0966667 1 28 56 374
0.103333 3 33 49 332
0.11 3 34 63 363
0.116667 2 28 67 389
0.123333 3 33 47 437
0.13 3 26 49 416
0.136667 0 30 58 415
0.143333 4 34 44 422
0.15 3 33 50 406
0.156667 2 42 47 454
0.163333 1 26 46 430
0.17 3 25 36 419
0.176667 1 22 52 411
0.183333 4 49 44 500
0.19 5 53 56 707
0.196667 1 41 51 631
0.203333 1 35 42 608
0.21 2 35 38 570
0.216667 3 30 30 497
0.223333 4 37 36 480
0.23 0 39 43 412
0.236667 4 17 36 394
0.243333 3 30 35 376
0.25 2 22 31 357
0.256667 1 21 34 321
0.263333 3 24 38 308
0.27 2 25 17 289
0.276667 1 22 35 263
0.283333 2 15 33 256
0.29 1 21 24 235
0.296667 1 25 22 253
0.303333 4 25 28 250
0.31 4 27 24 232
0.316667 1 19 21 242
0.323333 2 21 27 230
0.33 0 22 28 198
0.336667 1 20 35 214
0.343333 2 28 29 199
0.35 0 21 22 214
0.356667 2 25 22 211
0.363333 2 17 24 232
0.37 1 28 20 186
0.376667 1 18 25 203
0.383333 2 20 20 200
0.39 3 16 23 186
0.396667 1 22 15 211
0.403333 0 23 24 193
0.41 0 13 22 175
0.416667 2 14 21 185
0.423333 1 16 18 203
0.43 0 22 11 169
0.436667 1 20 23 182
0.443333 2 19 18 200
0.45 2 27 19 228
0.456667 5 14 18 202
0.463333 0 17 20 212
0.47 4 15 21 237
0.476667 1 20 16 187
0.483333 3 16 10 97
0.49 2 10 12 77
0.496667 1 10 16 88
0.503333 1 10 11 72
0.51 2 7 10 76
0.516667 0 8 20 71
0.523333 2 6 11 66
0.53 1 5 9 54
0.536667 1 13 10 57
0.543333 2 7 14 62
0.55 1 7 8 48
0.556667 0 5 8 57
0.563333 1 5 10 61
0.57 2 11 11 61
0.576667 1 9 10 47
0.583333 1 12 7 53
0.59 0 7 15 50
0.596667 1 8 8 46
0.603333 0 6 8 45
0.61 1 7 9 34
0.616667 0 8 10 41
0.623333 0 4 12 41
0.63 1 9 14 43
0.636667 0 5 10 72
0.643333 0 5 16 40
0.65 0 4 8 35
0.656667 0 6 12 38
0.663333 10 735 312 11791
0.67 0 0 0 0
0.676667 0 0 0 0
0.683333 0 0 0 0
0.69 0 0 0 0
0.696667 0 0 0 0
0.703333 0 0 0 0
0.71 0 0 0 0
0.716667 0 0 0 0
0.723333 0 0 0 0
0.73 0 0 0 0
0.736667 0 0 0 0
0.743333 0 0 0 0
0.75 0 0 0 0
0.756667 0 0 0 0
0.763333 0 0 0 0
0.77 0 0 0 0
0.776667 0 0 0 0
0.783333 0 0 0 0
0.79 0 0 0 0
0.796667 0 0 0 0
0.803333 0 0 0 0
0.81 0 0 0 0
0.816667 0 0 0 0
0.823333 0 0 0 0
0.83 0 0 0 0
0.836667 0 0 0 0
0.843333 0 0 0 0
0.85 0 0 0 0
0.856667 0 0 0 0
0.863333 0 0 0 0
0.87 0 0 0 0
0.876667 0 0 0 0
0.883333 0 0 0 0
0.89 0 0 0 0
0.896667 0 0 0 0
0.903333 0 0 0 0
0.91 0 0 0 0
0.916667 0 0 0 0
0.923333 0 0 0 0
0.93 0 0 0 0
0.936667 0 0 0 0
0.943333 0 0 0 0
0.95 0 0 0 0
0.956667 0 0 0 0
0.963333 0 0 0 0
0.97 0 0 0 0
0.976667 0 0 0 0
0.983333 0 0 0 0
0.99 0 0 0 0
0.996667 0 0 0 0
1.00333 0 0 0 0
1.01 0 0 0 0
1.01667 0 0 0 0
1.02333 0 0 0 0
1.03 0 0 0 0
1.03667 0 0 0 0
1.04333 0 0 0 0
1.05 0 0 0 0
1.05667 0 0 0 0
1.06333 0 0 0 0
1.07 0 0 0 0
1.07667 0 0 0 0
1.08333 0 0 0 0
1.09 0 0 0 0
1.09667 0 0 0 0
1.10333 0 0 0 0
1.11 0 0 0 0
1.11667 0 0 0 0
1.12333 0 0 0 0
1.13 0 0 0 0
1.13667 0 0 0 0
1.14333 0 0 0 0
1.15 0 0 0 0
1.15667 0 0 0 0
1.16333 0 0 0 0
1.17 0 0 0 0
1.17667 0 0 0 0
1.18333 0 0 0 0
1.19 0 0 0 0
1.19667 0 0 0 0
1.20333 0 0 0 0
1.21 0 0 0 0
1.21667 0 0 0 0
1.22333 0 0 0 0
1.23 0 0 0 0
1.23667 0 0 0 0
1.24333 0 0 0 0
1.25 0 0 0 0
1.25667 0 0 0 0
1.26333 0 0 0 0
1.27 0 0 0 0
1.27667 0 0 0 0
1.28333 0 0 0 0
1.29 0 0 0 0
1.29667 0 0 0 0
1.30333 0 0 0 0
1.31 0 0 0 0
1.31667 0 0 0 0
1.32333 0 0 0 0
1.33 0 0 0 0
1.33667 0 0 0 0
1.34333 0 0 0 0
1.35 0 0 0 0
1.35667 0 0 0 0
1.36333 0 0 0 0
1.37 0 0 0 0
1.37667 0 0 0 0
1.38333 0 0 0 0
1.39 0 0 0 0
1.39667 0 0 0 0
1.40333 0 0 0 0
1.41 0 0 0 0
1.41667 0 0 0 0
1.42333 0 0 0 0
1.43 0 0 0 0
1.43667 0 0 0 0
1.44333 0 0 0 0
1.45 0 0 0 0
1.45667 0 0 0 0
1.46333 0 0 0 0
1.47 0 0 0 0
1.47667 0 0 0 0
1.48333 0 0 0 0
1.49 0 0 0 0
1.49667 0 0 0 0
1.50333 0 0 0 0
1.51 0 0 0 0
1.51667 0 0 0 0
1.52333 0 0 0 0
1.53 0 0 0 0
1.53667 0 0 0 0
1.54333 0 0 0 0
1.55 0 0 0 0
1.55667 0 0 0 0
1.56333 0 0 0 0
1.57 0 0 0 0
1.57667 0 0 0 0
1.58333 0 0 0 0
1.59 0 0 0 0
1.59667 0 0 0 0
1.60333 0 0 0 0
1.61 0 0 0 0
1.61667 0 0 0 0
1.62333 0 0 0 0
1.63 0 0 0 0
1.63667 0 0 0 0
1.64333 0 0 0 0
1.65 0 0 0 0
1.65667 0 0 0 0
1.66333 0 0 0 0
1.67 0 0 0 0
1.67667 0 0 0 0
1.68333 0 0 0 0
1.69 0 0 0 0
1.69667 0 0 0 0
1.70333 0 0 0 0
1.71 0 0 0 0
1.71667 0 0 0 0
1.72333 0 0 0 0
1.73 0 0 0 0
1.73667 0 0 0 0
1.74333 0 0 0 0
1.75 0 0 0 0
1.75667 0 0 0 0
1.76333 0 0 0 0
1.77 0 0 0 0
1.77667 0 0 0 0
1.78333 0 0 0 0
1.79 0 0 0 0
1.79667 0 0 0 0
1.80333 0 0 0 0
1.81 0 0 0 0
1.81667 0 0 0 0
1.82333 0 0 0 0
1.83 0 0 0 0
1.83667 0 0 0 0
1.84333 0 0 0 0
1.85 0 0 0 0
1.85667 0 0 0 0
1.86333 0 0 0 0
1.87 0 0 0 0
1.87667 0 0 0 0
1.88333 0 0 0 0
1.89 0 0 0 0
1.89667 0 0 0 0
1.90333 0 0 0 0
1.91 0 0 0 0
1.91667 0 0 0 0
1.92333 0 0 0 0
1.93 0 0 0 0
1.93667 0 0 0 0
1.94333 0 0 0 0
1.95 0 0 0 0
1.95667 0 0 0 0
1.96333 0 0 0 0
1.97 0 0 0 0
1.97667 0 0 0 0
1.98333 0 0 0 0
1.99 0 0 0 0
1.99667 0 0 0 0
