0.00333333 3 11 39 49
0.01 1 7 50 69
0.0166667 2 6 55 66
0.0233333 5 4 51 67
0.03 3 5 64 106
0.0366667 1 10 87 100
0.0433333 7 12 91 134
0.05 9 14 162 193
0.0566667 14 19 145 213
0.0633333 9 24 192 232
0.07 9 25 211 222
0.0766667 10 19 198 263
0.0833333 5 30 208 225
0.09 4 23 203 251
0.0966667 11 25 214 271
0.103333 7 20 212 273
0.11 7 29 186 257
0.116667 6 18 203 247
0.123333 4 27 186 251
0.13 9 23 176 240
0.136667 7 20 183 245
0.143333 15 21 200 201
0.15 9 13 143 191
0.156667 11 17 140 199
0.163333 8 21 158 197
0.17 12 22 146 183
0.176667 3 22 159 183
0.183333 8 25 152 166
0.19 7 15 161 185
0.196667 12 19 155 198
0.203333 3 17 146 176
0.21 10 20 121 174
0.216667 9 13 122 159
0.223333 10 12 125 145
0.23 3 13 103 151
0.236667 3 17 125 123
0.243333 7 9 106 144
0.25 7 9 105 148
0.256667 5 10 104 130
0.263333 5 9 90 109
0.27 2 13 88 118
0.276667 3 8 113 126
0.283333 2 13 82 97
0.29 2 5 93 130
0.296667 3 10 71 98
0.303333 7 6 87 69
0.31 3 7 85 91
0.316667 4 8 68 95
0.323333 8 7 80 78
0.33 6 5 88 84
0.336667 5 8 78 84
0.343333 1 3 81 93
0.35 3 8 62 89
0.356667 3 11 51 90
0.363333 0 8 50 77
0.37 5 6 57 71
0.376667 5 6 69 87
0.383333 2 6 47 81
0.39 3 4 42 59
0.396667 5 9 47 79
0.403333 6 10 48 63
0.41 1 4 49 69
0.416667 5 5 47 66
0.423333 2 6 45 64
0.43 5 11 42 74
0.436667 3 2 44 58
0.443333 5 2 53 67
0.45 6 9 52 65
0.456667 1 10 50 77
0.463333 4 9 58 66
0.47 3 12 52 63
0.476667 0 10 43 61
0.483333 0 7 32 45
0.49 4 6 35 43
0.496667 2 7 40 40
0.503333 2 5 39 35
0.51 2 9 28 34
0.516667 4 4 32 54
0.523333 1 2 35 36
0.53 0 6 31 33
0.536667 1 4 35 29
0.543333 3 4 26 28
0.55 1 5 26 48
0.556667 1 6 18 42
0.563333 0 3 22 32
0.57 3 3 28 40
0.576667 4 2 24 31
0.583333 2 6 20 28
0.59 6 2 15 27
0.596667 3 5 32 31
0.603333 1 6 15 33
0.61 3 3 27 29
0.616667 1 3 17 22
0.623333 4 5 31 33
0.63 0 3 32 29
0.636667 2 6 33 33
0.643333 0 1 25 25
0.65 2 4 25 26
0.656667 0 3 16 24
0.663333 46 117 1310 1704
0.67 0 0 0 0
0.676667 0 0 0 0
0.683333 0 0 0 0
0.69 0 0 0 0
0.696667 0 0 0 0
0.703333 0 0 0 0
0.71 0 0 0 0
0.716667 0 0 0 0
0.723333 0 0 0 0
0.73 0 0 0 0
0.736667 0 0 0 0
0.743333 0 0 0 0
0.75 0 0 0 0
0.756667 0 0 0 0
0.763333 0 0 0 0
0.77 0 0 0 0
0.776667 0 0 0 0
0.783333 0 0 0 0
0.79 0 0 0 0
0.796667 0 0 0 0
0.803333 0 0 0 0
0.81 0 0 0 0
0.816667 0 0 0 0
0.823333 0 0 0 0
0.83 0 0 0 0
0.836667 0 0 0 0
0.843333 0 0 0 0
0.85 0 0 0 0
0.856667 0 0 0 0
0.863333 0 0 0 0
0.87 0 0 0 0
0.876667 0 0 0 0
0.883333 0 0 0 0
0.89 0 0 0 0
0.896667 0 0 0 0
0.903333 0 0 0 0
0.91 0 0 0 0
0.916667 0 0 0 0
0.923333 0 0 0 0
0.93 0 0 0 0
0.936667 0 0 0 0
0.943333 0 0 0 0
0.95 0 0 0 0
0.956667 0 0 0 0
0.963333 0 0 0 0
0.97 0 0 0 0
0.976667 0 0 0 0
0.983333 0 0 0 0
0.99 0 0 0 0
0.996667 0 0 0 0
1.00333 0 0 0 0
1.01 0 0 0 0
1.01667 0 0 0 0
1.02333 0 0 0 0
1.03 0 0 0 0
1.03667 0 0 0 0
1.04333 0 0 0 0
1.05 0 0 0 0
1.05667 0 0 0 0
1.06333 0 0 0 0
1.07 0 0 0 0
1.07667 0 0 0 0
1.08333 0 0 0 0
1.09 0 0 0 0
1.09667 0 0 0 0
1.10333 0 0 0 0
1.11 0 0 0 0
1.11667 0 0 0 0
1.12333 0 0 0 0
1.13 0 0 0 0
1.13667 0 0 0 0
1.14333 0 0 0 0
1.15 0 0 0 0
1.15667 0 0 0 0
1.16333 0 0 0 0
1.17 0 0 0 0
1.17667 0 0 0 0
1.18333 0 0 0 0
1.19 0 0 0 0
1.19667 0 0 0 0
1.20333 0 0 0 0
1.21 0 0 0 0
1.21667 0 0 0 0
1.22333 0 0 0 0
1.23 0 0 0 0
1.23667 0 0 0 0
1.24333 0 0 0 0
1.25 0 0 0 0
1.25667 0 0 0 0
1.26333 0 0 0 0
1.27 0 0 0 0
1.27667 0 0 0 0
1.28333 0 0 0 0
1.29 0 0 0 0
1.29667 0 0 0 0
1.30333 0 0 0 0
1.31 0 0 0 0
1.31667 0 0 0 0
1.32333 0 0 0 0
1.33 0 0 0 0
1.33667 0 0 0 0
1.34333 0 0 0 0
1.35 0 0 0 0
1.35667 0 0 0 0
1.36333 0 0 0 0
1.37 0 0 0 0
1.37667 0 0 0 0
1.38333 0 0 0 0
1.39 0 0 0 0
1.39667 0 0 0 0
1.40333 0 0 0 0
1.41 0 0 0 0
1.41667 0 0 0 0
1.42333 0 0 0 0
1.43 0 0 0 0
1.43667 0 0 0 0
1.44333 0 0 0 0
1.45 0 0 0 0
1.45667 0 0 0 0
1.46333 0 0 0 0
1.47 0 0 0 0
1.47667 0 0 0 0
1.48333 0 0 0 0
1.49 0 0 0 0
1.49667 0 0 0 0
1.50333 0 0 0 0
1.51 0 0 0 0
1.51667 0 0 0 0
1.52333 0 0 0 0
1.53 0 0 0 0
1.53667 0 0 0 0
1.54333 0 0 0 0
1.55 0 0 0 0
1.55667 0 0 0 0
1.56333 0 0 0 0
1.57 0 0 0 0
1.57667 0 0 0 0
1.58333 0 0 0 0
1.59 0 0 0 0
1.59667 0 0 0 0
1.60333 0 0 0 0
1.61 0 0 0 0
1.61667 0 0 0 0
1.62333 0 0 0 0
1.63 0 0 0 0
1.63667 0 0 0 0
1.64333 0 0 0 0
1.65 0 0 0 0
1.65667 0 0 0 0
1.66333 0 0 0 0
1.67 0 0 0 0
1.67667 0 0 0 0
1.68333 0 0 0 0
1.69 0 0 0 0
1.69667 0 0 0 0
1.70333 0 0 0 0
1.71 0 0 0 0
1.71667 0 0 0 0
1.72333 0 0 0 0
1.73 0 0 0 0
1.73667 0 0 0 0
1.74333 0 0 0 0
1.75 0 0 0 0
1.75667 0 0 0 0
1.76333 0 0 0 0
1.77 0 0 0 0
1.77667 0 0 0 0
1.78333 0 0 0 0
1.79 0 0 0 0
1.79667 0 0 0 0
1.80333 0 0 0 0
1.81 0 0 0 0
1.81667 0 0 0 0
1.82333 0 0 0 0
1.83 0 0 0 0
1.83667 0 0 0 0
1.84333 0 0 0 0
1.85 0 0 0 0
1.85667 0 0 0 0
1.86333 0 0 0 0
1.87 0 0 0 0
1.87667 0 0 0 0
1.88333 0 0 0 0
1.89 0 0 0 0
1.89667 0 0 0 0
1.90333 0 0 0 0
1.91 0 0 0 0
1.91667 0 0 0 0
1.92333 0 0 0 0
1.93 0 0 0 0
1.93667 0 0 0 0
1.94333 0 0 0 0
1.95 0 0 0 0
1.95667 0 0 0 0
1.96333 0 0 0 0
1.97 0 0 0 0
1.97667 0 0 0 0
1.98333 0 0 0 0
1.99 0 0 0 0
1.99667 0 0 0 0
