0.00333333 15 84 14 11
0.01 16 82 14 9
0.0166667 18 94 22 14
0.0233333 21 88 27 10
0.03 15 100 27 10
0.0366667 26 116 37 15
0.0433333 46 151 39 21
0.05 46 214 64 29
0.0566667 66 212 55 28
0.0633333 78 258 60 37
0.07 93 240 70 32
0.0766667 64 247 78 37
0.0833333 83 287 78 48
0.09 75 280 84 37
0.0966667 76 293 83 47
0.103333 75 302 77 32
0.11 68 289 59 42
0.116667 60 263 82 45
0.123333 68 269 81 28
0.13 50 290 77 30
0.136667 47 247 59 32
0.143333 63 267 62 25
0.15 46 260 48 43
0.156667 58 258 49 35
0.163333 37 243 44 28
0.17 48 240 41 25
0.176667 50 247 51 32
0.183333 43 274 55 24
0.19 45 269 57 31
0.196667 62 248 47 32
0.203333 48 254 45 22
0.21 46 236 33 22
0.216667 40 222 40 30
0.223333 44 211 36 29
0.23 36 188 36 25
0.236667 45 205 31 27
0.243333 48 172 30 14
0.25 37 180 44 13
0.256667 30 163 30 20
0.263333 32 177 37 11
0.27 28 145 46 11
0.276667 36 158 27 22
0.283333 29 129 30 17
0.29 30 138 34 15
0.296667 25 139 24 12
0.303333 22 131 29 14
0.31 37 118 25 21
0.316667 34 114 22 11
0.323333 35 108 29 11
0.33 20 112 19 22
0.336667 24 105 26 15
0.343333 26 82 28 16
0.35 27 103 22 25
0.356667 21 106 16 9
0.363333 26 99 16 15
0.37 27 115 24 15
0.376667 17 85 23 14
0.383333 11 85 36 12
0.39 25 80 19 12
0.396667 22 85 16 18
0.403333 25 104 18 11
0.41 13 94 24 16
0.416667 18 90 16 9
0.423333 18 93 21 10
0.43 23 72 22 14
0.436667 17 82 15 19
0.443333 17 96 16 12
0.45 19 108 15 20
0.456667 16 89 18 7
0.463333 21 85 21 14
0.47 18 93 18 10
0.476667 24 80 16 15
0.483333 18 53 13 5
0.49 12 59 16 8
0.496667 9 63 13 6
0.503333 7 47 19 7
0.51 18 45 7 8
0.516667 11 45 7 12
0.523333 8 44 12 8
0.53 16 53 15 5
0.536667 13 38 9 6
0.543333 10 39 13 10
0.55 19 37 11 4
0.556667 8 39 13 8
0.563333 9 40 10 7
0.57 8 42 13 8
0.576667 12 37 8 8
0.583333 7 42 8 7
0.59 8 31 9 9
0.596667 12 35 7 6
0.603333 13 49 16 7
0.61 8 41 10 7
0.616667 13 33 7 8
0.623333 5 44 8 7
0.63 12 27 11 7
0.636667 11 47 7 8
0.643333 10 40 9 8
0.65 10 31 12 4
0.656667 9 25 4 7
0.663333 313 2879 331 279
0.67 0 0 0 0
0.676667 0 0 0 0
0.683333 0 0 0 0
0.69 0 0 0 0
0.696667 0 0 0 0
0.703333 0 0 0 0
0.71 0 0 0 0
0.716667 0 0 0 0
0.723333 0 0 0 0
0.73 0 0 0 0
0.736667 0 0 0 0
0.743333 0 0 0 0
0.75 0 0 0 0
0.756667 0 0 0 0
0.763333 0 0 0 0
0.77 0 0 0 0
0.776667 0 0 0 0
0.783333 0 0 0 0
0.79 0 0 0 0
0.796667 0 0 0 0
0.803333 0 0 0 0
0.81 0 0 0 0
0.816667 0 0 0 0
0.823333 0 0 0 0
0.83 0 0 0 0
0.836667 0 0 0 0
0.843333 0 0 0 0
0.85 0 0 0 0
0.856667 0 0 0 0
0.863333 0 0 0 0
0.87 0 0 0 0
0.876667 0 0 0 0
0.883333 0 0 0 0
0.89 0 0 0 0
0.896667 0 0 0 0
0.903333 0 0 0 0
0.91 0 0 0 0
0.916667 0 0 0 0
0.923333 0 0 0 0
0.93 0 0 0 0
0.936667 0 0 0 0
0.943333 0 0 0 0
0.95 0 0 0 0
0.956667 0 0 0 0
0.963333 0 0 0 0
0.97 0 0 0 0
0.976667 0 0 0 0
0.983333 0 0 0 0
0.99 0 0 0 0
0.996667 0 0 0 0
1.00333 0 0 0 0
1.01 0 0 0 0
1.01667 0 0 0 0
1.02333 0 0 0 0
1.03 0 0 0 0
1.03667 0 0 0 0
1.04333 0 0 0 0
1.05 0 0 0 0
1.05667 0 0 0 0
1.06333 0 0 0 0
1.07 0 0 0 0
1.07667 0 0 0 0
1.08333 0 0 0 0
1.09 0 0 0 0
1.09667 0 0 0 0
1.10333 0 0 0 0
1.11 0 0 0 0
1.11667 0 0 0 0
1.12333 0 0 0 0
1.13 0 0 0 0
1.13667 0 0 0 0
1.14333 0 0 0 0
1.15 0 0 0 0
1.15667 0 0 0 0
1.16333 0 0 0 0
1.17 0 0 0 0
1.17667 0 0 0 0
1.18333 0 0 0 0
1.19 0 0 0 0
1.19667 0 0 0 0
1.20333 0 0 0 0
1.21 0 0 0 0
1.21667 0 0 0 0
1.22333 0 0 0 0
1.23 0 0 0 0
1.23667 0 0 0 0
1.24333 0 0 0 0
1.25 0 0 0 0
1.25667 0 0 0 0
1.26333 0 0 0 0
1.27 0 0 0 0
1.27667 0 0 0 0
1.28333 0 0 0 0
1.29 0 0 0 0
1.29667 0 0 0 0
1.30333 0 0 0 0
1.31 0 0 0 0
1.31667 0 0 0 0
1.32333 0 0 0 0
1.33 0 0 0 0
1.33667 0 0 0 0
1.34333 0 0 0 0
1.35 0 0 0 0
1.35667 0 0 0 0
1.36333 0 0 0 0
1.37 0 0 0 0
1.37667 0 0 0 0
1.38333 0 0 0 0
1.39 0 0 0 0
1.39667 0 0 0 0
1.40333 0 0 0 0
1.41 0 0 0 0
1.41667 0 0 0 0
1.42333 0 0 0 0
1.43 0 0 0 0
1.43667 0 0 0 0
1.44333 0 0 0 0
1.45 0 0 0 0
1.45667 0 0 0 0
1.46333 0 0 0 0
1.47 0 0 0 0
1.47667 0 0 0 0
1.48333 0 0 0 0
1.49 0 0 0 0
1.49667 0 0 0 0
1.50333 0 0 0 0
1.51 0 0 0 0
1.51667 0 0 0 0
1.52333 0 0 0 0
1.53 0 0 0 0
1.53667 0 0 0 0
1.54333 0 0 0 0
1.55 0 0 0 0
1.55667 0 0 0 0
1.56333 0 0 0 0
1.57 0 0 0 0
1.57667 0 0 0 0
1.58333 0 0 0 0
1.59 0 0 0 0
1.59667 0 0 0 0
1.60333 0 0 0 0
1.61 0 0 0 0
1.61667 0 0 0 0
1.62333 0 0 0 0
1.63 0 0 0 0
1.63667 0 0 0 0
1.64333 0 0 0 0
1.65 0 0 0 0
1.65667 0 0 0 0
1.66333 0 0 0 0
1.67 0 0 0 0
1.67667 0 0 0 0
1.68333 0 0 0 0
1.69 0 0 0 0
1.69667 0 0 0 0
1.70333 0 0 0 0
1.71 0 0 0 0
1.71667 0 0 0 0
1.72333 0 0 0 0
1.73 0 0 0 0
1.73667 0 0 0 0
1.74333 0 0 0 0
1.75 0 0 0 0
1.75667 0 0 0 0
1.76333 0 0 0 0
1.77 0 0 0 0
1.77667 0 0 0 0
1.78333 0 0 0 0
1.79 0 0 0 0
1.79667 0 0 0 0
1.80333 0 0 0 0
1.81 0 0 0 0
1.81667 0 0 0 0
1.82333 0 0 0 0
1.83 0 0 0 0
1.83667 0 0 0 0
1.84333 0 0 0 0
1.85 0 0 0 0
1.85667 0 0 0 0
1.86333 0 0 0 0
1.87 0 0 0 0
1.87667 0 0 0 0
1.88333 0 0 0 0
1.89 0 0 0 0
1.89667 0 0 0 0
1.90333 0 0 0 0
1.91 0 0 0 0
1.91667 0 0 0 0
1.92333 0 0 0 0
1.93 0 0 0 0
1.93667 0 0 0 0
1.94333 0 0 0 0
1.95 0 0 0 0
1.95667 0 0 0 0
1.96333 0 0 0 0
1.97 0 0 0 0
1.97667 0 0 0 0
1.98333 0 0 0 0
1.99 0 0 0 0
1.99667 0 0 0 0
