0.00333333 1 13 5 189
0.01 2 22 5 180
0.0166667 5 19 4 191
0.0233333 0 20 11 208
0.03 0 17 9 192
0.0366667 0 19 12 141
0.0433333 1 22 14 182
0.05 0 23 16 192
0.0566667 1 21 31 188
0.0633333 1 18 27 195
0.07 3 17 30 206
0.0766667 3 19 25 210
0.0833333 1 21 20 213
0.09 2 30 31 195
0.0966667 0 25 20 205
0.103333 4 21 24 201
0.11 5 26 40 237
0.116667 4 39 26 244
0.123333 3 35 28 237
0.13 3 33 24 231
0.136667 2 48 26 226
0.143333 4 20 21 240
0.15 2 37 16 256
0.156667 1 26 23 227
0.163333 3 28 23 242
0.17 1 24 14 232
0.176667 0 23 20 259
0.183333 1 29 29 258
0.19 0 25 23 368
0.196667 2 26 8 447
0.203333 0 32 12 405
0.21 0 38 14 359
0.216667 1 24 12 319
0.223333 2 27 10 266
0.23 2 23 17 239
0.236667 3 34 18 251
0.243333 3 30 16 219
0.25 2 23 17 223
0.256667 5 27 16 197
0.263333 1 30 17 209
0.27 3 21 13 204
0.276667 5 27 22 195
0.283333 3 25 19 207
0.29 2 18 15 209
0.296667 4 30 11 174
0.303333 1 25 20 183
0.31 1 23 13 173
0.316667 1 18 17 173
0.323333 2 22 14 171
0.33 0 17 16 171
0.336667 3 27 11 189
0.343333 0 28 12 201
0.35 1 20 11 214
0.356667 2 20 9 182
0.363333 7 22 14 177
0.37 0 21 11 199
0.376667 1 12 20 177
0.383333 1 22 8 175
0.39 0 22 11 188
0.396667 0 20 11 209
0.403333 3 26 13 176
0.41 4 23 15 193
0.416667 1 20 9 186
0.423333 2 16 10 200
0.43 2 24 9 197
0.436667 0 26 10 196
0.443333 2 20 10 194
0.45 2 15 14 196
0.456667 2 18 12 204
0.463333 0 29 8 251
0.47 4 18 4 243
0.476667 0 15 8 173
0.483333 0 10 2 81
0.49 1 12 9 73
0.496667 2 10 4 69
0.503333 1 6 8 54
0.51 0 4 8 61
0.516667 1 5 4 53
0.523333 2 7 5 58
0.53 0 7 9 51
0.536667 1 1 3 36
0.543333 0 1 14 44
0.55 0 4 4 41
0.556667 2 0 6 42
0.563333 1 4 7 35
0.57 0 1 9 32
0.576667 0 6 6 27
0.583333 3 4 7 38
0.59 0 1 6 50
0.596667 2 4 5 40
0.603333 0 2 7 31
0.61 0 4 4 35
0.616667 0 1 7 19
0.623333 1 0 5 30
0.63 0 4 2 42
0.636667 1 2 7 57
0.643333 1 1 6 30
0.65 1 1 6 25
0.656667 0 0 6 21
0.663333 22 1177 191 14823
0.67 0 0 0 0
0.676667 0 0 0 0
0.683333 0 0 0 0
0.69 0 0 0 0
0.696667 0 0 0 0
0.703333 0 0 0 0
0.71 0 0 0 0
0.716667 0 0 0 0
0.723333 0 0 0 0
0.73 0 0 0 0
0.736667 0 0 0 0
0.743333 0 0 0 0
0.75 0 0 0 0
0.756667 0 0 0 0
0.763333 0 0 0 0
0.77 0 0 0 0
0.776667 0 0 0 0
0.783333 0 0 0 0
0.79 0 0 0 0
0.796667 0 0 0 0
0.803333 0 0 0 0
0.81 0 0 0 0
0.816667 0 0 0 0
0.823333 0 0 0 0
0.83 0 0 0 0
0.836667 0 0 0 0
0.843333 0 0 0 0
0.85 0 0 0 0
0.856667 0 0 0 0
0.863333 0 0 0 0
0.87 0 0 0 0
0.876667 0 0 0 0
0.883333 0 0 0 0
0.89 0 0 0 0
0.896667 0 0 0 0
0.903333 0 0 0 0
0.91 0 0 0 0
0.916667 0 0 0 0
0.923333 0 0 0 0
0.93 0 0 0 0
0.936667 0 0 0 0
0.943333 0 0 0 0
0.95 0 0 0 0
0.956667 0 0 0 0
0.963333 0 0 0 0
0.97 0 0 0 0
0.976667 0 0 0 0
0.983333 0 0 0 0
0.99 0 0 0 0
0.996667 0 0 0 0
1.00333 0 0 0 0
1.01 0 0 0 0
1.01667 0 0 0 0
1.02333 0 0 0 0
1.03 0 0 0 0
1.03667 0 0 0 0
1.04333 0 0 0 0
1.05 0 0 0 0
1.05667 0 0 0 0
1.06333 0 0 0 0
1.07 0 0 0 0
1.07667 0 0 0 0
1.08333 0 0 0 0
1.09 0 0 0 0
1.09667 0 0 0 0
1.10333 0 0 0 0
1.11 0 0 0 0
1.11667 0 0 0 0
1.12333 0 0 0 0
1.13 0 0 0 0
1.13667 0 0 0 0
1.14333 0 0 0 0
1.15 0 0 0 0
1.15667 0 0 0 0
1.16333 0 0 0 0
1.17 0 0 0 0
1.17667 0 0 0 0
1.18333 0 0 0 0
1.19 0 0 0 0
1.19667 0 0 0 0
1.20333 0 0 0 0
1.21 0 0 0 0
1.21667 0 0 0 0
1.22333 0 0 0 0
1.23 0 0 0 0
1.23667 0 0 0 0
1.24333 0 0 0 0
1.25 0 0 0 0
1.25667 0 0 0 0
1.26333 0 0 0 0
1.27 0 0 0 0
1.27667 0 0 0 0
1.28333 0 0 0 0
1.29 0 0 0 0
1.29667 0 0 0 0
1.30333 0 0 0 0
1.31 0 0 0 0
1.31667 0 0 0 0
1.32333 0 0 0 0
1.33 0 0 0 0
1.33667 0 0 0 0
1.34333 0 0 0 0
1.35 0 0 0 0
1.35667 0 0 0 0
1.36333 0 0 0 0
1.37 0 0 0 0
1.37667 0 0 0 0
1.38333 0 0 0 0
1.39 0 0 0 0
1.39667 0 0 0 0
1.40333 0 0 0 0
1.41 0 0 0 0
1.41667 0 0 0 0
1.42333 0 0 0 0
1.43 0 0 0 0
1.43667 0 0 0 0
1.44333 0 0 0 0
1.45 0 0 0 0
1.45667 0 0 0 0
1.46333 0 0 0 0
1.47 0 0 0 0
1.47667 0 0 0 0
1.48333 0 0 0 0
1.49 0 0 0 0
1.49667 0 0 0 0
1.50333 0 0 0 0
1.51 0 0 0 0
1.51667 0 0 0 0
1.52333 0 0 0 0
1.53 0 0 0 0
1.53667 0 0 0 0
1.54333 0 0 0 0
1.55 0 0 0 0
1.55667 0 0 0 0
1.56333 0 0 0 0
1.57 0 0 0 0
1.57667 0 0 0 0
1.58333 0 0 0 0
1.59 0 0 0 0
1.59667 0 0 0 0
1.60333 0 0 0 0
1.61 0 0 0 0
1.61667 0 0 0 0
1.62333 0 0 0 0
1.63 0 0 0 0
1.63667 0 0 0 0
1.64333 0 0 0 0
1.65 0 0 0 0
1.65667 0 0 0 0
1.66333 0 0 0 0
1.67 0 0 0 0
1.67667 0 0 0 0
1.68333 0 0 0 0
1.69 0 0 0 0
1.69667 0 0 0 0
1.70333 0 0 0 0
1.71 0 0 0 0
1.71667 0 0 0 0
1.72333 0 0 0 0
1.73 0 0 0 0
1.73667 0 0 0 0
1.74333 0 0 0 0
1.75 0 0 0 0
1.75667 0 0 0 0
1.76333 0 0 0 0
1.77 0 0 0 0
1.77667 0 0 0 0
1.78333 0 0 0 0
1.79 0 0 0 0
1.79667 0 0 0 0
1.80333 0 0 0 0
1.81 0 0 0 0
1.81667 0 0 0 0
1.82333 0 0 0 0
1.83 0 0 0 0
1.83667 0 0 0 0
1.84333 0 0 0 0
1.85 0 0 0 0
1.85667 0 0 0 0
1.86333 0 0 0 0
1.87 0 0 0 0
1.87667 0 0 0 0
1.88333 0 0 0 0
1.89 0 0 0 0
1.89667 0 0 0 0
1.90333 0 0 0 0
1.91 0 0 0 0
1.91667 0 0 0 0
1.92333 0 0 0 0
1.93 0 0 0 0
1.93667 0 0 0 0
1.94333 0 0 0 0
1.95 0 0 0 0
1.95667 0 0 0 0
1.96333 0 0 0 0
1.97 0 0 0 0
1.97667 0 0 0 0
1.98333 0 0 0 0
1.99 0 0 0 0
1.99667 0 0 0 0
