0.00333333 4 43 12 28
0.01 6 45 12 32
0.0166667 3 56 9 35
0.0233333 9 50 9 28
0.03 8 44 19 27
0.0366667 8 45 21 29
0.0433333 10 51 22 38
0.05 10 64 26 42
0.0566667 8 62 37 39
0.0633333 8 72 45 48
0.07 7 58 40 61
0.0766667 12 67 39 48
0.0833333 12 75 39 50
0.09 18 67 44 56
0.0966667 12 49 40 57
0.103333 12 85 36 60
0.11 13 72 54 48
0.116667 17 81 54 44
0.123333 17 64 33 60
0.13 7 79 30 45
0.136667 10 66 35 43
0.143333 11 63 41 46
0.15 9 74 32 44
0.156667 13 76 38 47
0.163333 9 64 35 43
0.17 7 60 25 60
0.176667 11 70 15 55
0.183333 7 84 34 48
0.19 11 76 32 55
0.196667 8 87 27 54
0.203333 9 73 22 48
0.21 4 88 31 49
0.216667 9 55 35 60
0.223333 13 74 25 40
0.23 6 71 21 55
0.236667 4 64 16 58
0.243333 4 68 21 50
0.25 13 51 25 40
0.256667 13 66 20 41
0.263333 11 58 17 49
0.27 9 59 26 49
0.276667 6 57 19 44
0.283333 6 56 31 42
0.29 13 65 28 39
0.296667 14 56 24 33
0.303333 8 57 27 42
0.31 8 54 30 45
0.316667 6 50 22 48
0.323333 7 44 18 38
0.33 5 70 18 35
0.336667 5 62 21 37
0.343333 4 60 24 33
0.35 14 54 28 37
0.356667 6 42 21 33
0.363333 7 50 11 46
0.37 2 54 14 32
0.376667 9 48 19 38
0.383333 4 40 23 33
0.39 5 49 13 34
0.396667 8 55 19 35
0.403333 5 46 18 35
0.41 8 60 19 46
0.416667 6 45 18 38
0.423333 0 47 14 38
0.43 7 41 18 29
0.436667 5 43 20 35
0.443333 7 46 16 36
0.45 6 69 15 48
0.456667 6 63 20 32
0.463333 7 40 16 51
0.47 4 64 16 41
0.476667 9 39 9 30
0.483333 7 29 10 11
0.49 1 29 9 13
0.496667 7 25 9 21
0.503333 2 27 12 9
0.51 5 19 13 14
0.516667 3 17 10 13
0.523333 3 16 13 14
0.53 3 17 11 17
0.536667 3 10 6 13
0.543333 2 23 8 6
0.55 5 17 8 6
0.556667 1 13 9 11
0.563333 5 8 13 11
0.57 8 18 7 9
0.576667 4 14 7 7
0.583333 6 11 5 9
0.59 4 10 9 9
0.596667 4 10 12 9
0.603333 1 8 11 7
0.61 4 9 8 5
0.616667 4 6 15 4
0.623333 2 14 8 3
0.63 3 12 15 10
0.636667 6 14 12 13
0.643333 2 7 6 5
0.65 2 4 8 8
0.656667 5 3 10 9
0.663333 123 2975 469 2014
0.67 0 0 0 0
0.676667 0 0 0 0
0.683333 0 0 0 0
0.69 0 0 0 0
0.696667 0 0 0 0
0.703333 0 0 0 0
0.71 0 0 0 0
0.716667 0 0 0 0
0.723333 0 0 0 0
0.73 0 0 0 0
0.736667 0 0 0 0
0.743333 0 0 0 0
0.75 0 0 0 0
0.756667 0 0 0 0
0.763333 0 0 0 0
0.77 0 0 0 0
0.776667 0 0 0 0
0.783333 0 0 0 0
0.79 0 0 0 0
0.796667 0 0 0 0
0.803333 0 0 0 0
0.81 0 0 0 0
0.816667 0 0 0 0
0.823333 0 0 0 0
0.83 0 0 0 0
0.836667 0 0 0 0
0.843333 0 0 0 0
0.85 0 0 0 0
0.856667 0 0 0 0
0.863333 0 0 0 0
0.87 0 0 0 0
0.876667 0 0 0 0
0.883333 0 0 0 0
0.89 0 0 0 0
0.896667 0 0 0 0
0.903333 0 0 0 0
0.91 0 0 0 0
0.916667 0 0 0 0
0.923333 0 0 0 0
0.93 0 0 0 0
0.936667 0 0 0 0
0.943333 0 0 0 0
0.95 0 0 0 0
0.956667 0 0 0 0
0.963333 0 0 0 0
0.97 0 0 0 0
0.976667 0 0 0 0
0.983333 0 0 0 0
0.99 0 0 0 0
0.996667 0 0 0 0
1.00333 0 0 0 0
1.01 0 0 0 0
1.01667 0 0 0 0
1.02333 0 0 0 0
1.03 0 0 0 0
1.03667 0 0 0 0
1.04333 0 0 0 0
1.05 0 0 0 0
1.05667 0 0 0 0
1.06333 0 0 0 0
1.07 0 0 0 0
1.07667 0 0 0 0
1.08333 0 0 0 0
1.09 0 0 0 0
1.09667 0 0 0 0
1.10333 0 0 0 0
1.11 0 0 0 0
1.11667 0 0 0 0
1.12333 0 0 0 0
1.13 0 0 0 0
1.13667 0 0 0 0
1.14333 0 0 0 0
1.15 0 0 0 0
1.15667 0 0 0 0
1.16333 0 0 0 0
1.17 0 0 0 0
1.17667 0 0 0 0
1.18333 0 0 0 0
1.19 0 0 0 0
1.19667 0 0 0 0
1.20333 0 0 0 0
1.21 0 0 0 0
1.21667 0 0 0 0
1.22333 0 0 0 0
1.23 0 0 0 0
1.23667 0 0 0 0
1.24333 0 0 0 0
1.25 0 0 0 0
1.25667 0 0 0 0
1.26333 0 0 0 0
1.27 0 0 0 0
1.27667 0 0 0 0
1.28333 0 0 0 0
1.29 0 0 0 0
1.29667 0 0 0 0
1.30333 0 0 0 0
1.31 0 0 0 0
1.31667 0 0 0 0
1.32333 0 0 0 0
1.33 0 0 0 0
1.33667 0 0 0 0
1.34333 0 0 0 0
1.35 0 0 0 0
1.35667 0 0 0 0
1.36333 0 0 0 0
1.37 0 0 0 0
1.37667 0 0 0 0
1.38333 0 0 0 0
1.39 0 0 0 0
1.39667 0 0 0 0
1.40333 0 0 0 0
1.41 0 0 0 0
1.41667 0 0 0 0
1.42333 0 0 0 0
1.43 0 0 0 0
1.43667 0 0 0 0
1.44333 0 0 0 0
1.45 0 0 0 0
1.45667 0 0 0 0
1.46333 0 0 0 0
1.47 0 0 0 0
1.47667 0 0 0 0
1.48333 0 0 0 0
1.49 0 0 0 0
1.49667 0 0 0 0
1.50333 0 0 0 0
1.51 0 0 0 0
1.51667 0 0 0 0
1.52333 0 0 0 0
1.53 0 0 0 0
1.53667 0 0 0 0
1.54333 0 0 0 0
1.55 0 0 0 0
1.55667 0 0 0 0
1.56333 0 0 0 0
1.57 0 0 0 0
1.57667 0 0 0 0
1.58333 0 0 0 0
1.59 0 0 0 0
1.59667 0 0 0 0
1.60333 0 0 0 0
1.61 0 0 0 0
1.61667 0 0 0 0
1.62333 0 0 0 0
1.63 0 0 0 0
1.63667 0 0 0 0
1.64333 0 0 0 0
1.65 0 0 0 0
1.65667 0 0 0 0
1.66333 0 0 0 0
1.67 0 0 0 0
1.67667 0 0 0 0
1.68333 0 0 0 0
1.69 0 0 0 0
1.69667 0 0 0 0
1.70333 0 0 0 0
1.71 0 0 0 0
1.71667 0 0 0 0
1.72333 0 0 0 0
1.73 0 0 0 0
1.73667 0 0 0 0
1.74333 0 0 0 0
1.75 0 0 0 0
1.75667 0 0 0 0
1.76333 0 0 0 0
1.77 0 0 0 0
1.77667 0 0 0 0
1.78333 0 0 0 0
1.79 0 0 0 0
1.79667 0 0 0 0
1.80333 0 0 0 0
1.81 0 0 0 0
1.81667 0 0 0 0
1.82333 0 0 0 0
1.83 0 0 0 0
1.83667 0 0 0 0
1.84333 0 0 0 0
1.85 0 0 0 0
1.85667 0 0 0 0
1.86333 0 0 0 0
1.87 0 0 0 0
1.87667 0 0 0 0
1.88333 0 0 0 0
1.89 0 0 0 0
1.89667 0 0 0 0
1.90333 0 0 0 0
1.91 0 0 0 0
1.91667 0 0 0 0
1.92333 0 0 0 0
1.93 0 0 0 0
1.93667 0 0 0 0
1.94333 0 0 0 0
1.95 0 0 0 0
1.95667 0 0 0 0
1.96333 0 0 0 0
1.97 0 0 0 0
1.97667 0 0 0 0
1.98333 0 0 0 0
1.99 0 0 0 0
1.99667 0 0 0 0
