0.00333333 1 8 17 87
0.01 2 16 16 85
0.0166667 2 6 14 96
0.0233333 0 16 13 97
0.03 0 7 16 100
0.0366667 0 10 24 105
0.0433333 2 13 35 105
0.05 5 13 22 146
0.0566667 1 15 38 130
0.0633333 2 14 41 128
0.07 1 19 54 128
0.0766667 3 21 52 136
0.0833333 1 11 39 166
0.09 5 19 48 152
0.0966667 2 16 43 165
0.103333 2 22 44 148
0.11 2 12 43 170
0.116667 0 19 36 160
0.123333 6 19 35 182
0.13 1 16 36 186
0.136667 1 16 35 184
0.143333 3 16 41 145
0.15 4 17 28 168
0.156667 1 15 35 150
0.163333 1 16 23 160
0.17 6 15 18 169
0.176667 2 14 27 145
0.183333 4 17 33 173
0.19 1 9 25 154
0.196667 5 14 22 182
0.203333 0 18 17 169
0.21 3 17 26 183
0.216667 3 17 20 210
0.223333 2 12 22 191
0.23 0 14 24 199
0.236667 3 20 29 172
0.243333 2 6 20 155
0.25 1 20 22 166
0.256667 3 10 20 160
0.263333 2 16 31 164
0.27 1 15 18 163
0.276667 3 12 26 145
0.283333 0 15 26 126
0.29 4 7 16 137
0.296667 2 15 31 142
0.303333 2 9 22 130
0.31 0 19 26 116
0.316667 1 9 15 132
0.323333 0 10 29 123
0.33 2 15 18 132
0.336667 3 7 12 125
0.343333 3 9 18 125
0.35 0 11 16 118
0.356667 4 19 20 104
0.363333 4 9 22 93
0.37 1 6 17 96
0.376667 3 11 17 102
0.383333 4 12 19 124
0.39 0 12 24 98
0.396667 1 15 15 113
0.403333 1 16 13 112
0.41 0 10 17 107
0.416667 1 10 14 112
0.423333 1 10 14 99
0.43 1 10 17 108
0.436667 0 10 16 107
0.443333 2 7 13 117
0.45 1 19 13 109
0.456667 0 15 13 93
0.463333 0 14 16 89
0.47 0 8 11 93
0.476667 0 13 18 80
0.483333 1 6 8 43
0.49 0 4 16 41
0.496667 2 5 9 44
0.503333 0 6 7 34
0.51 1 3 10 47
0.516667 0 5 9 47
0.523333 0 3 10 32
0.53 0 5 9 40
0.536667 1 4 12 39
0.543333 0 8 9 38
0.55 0 4 20 34
0.556667 1 2 12 34
0.563333 3 3 11 31
0.57 1 4 10 42
0.576667 4 4 8 43
0.583333 2 3 10 26
0.59 1 4 8 34
0.596667 4 6 11 39
0.603333 0 6 9 32
0.61 1 2 11 26
0.616667 0 3 6 26
0.623333 3 3 15 20
0.63 1 4 11 34
0.636667 0 7 8 39
0.643333 1 4 10 25
0.65 4 5 11 27
0.656667 1 4 8 18
0.663333 21 508 366 5714
0.67 0 0 0 0
0.676667 0 0 0 0
0.683333 0 0 0 0
0.69 0 0 0 0
0.696667 0 0 0 0
0.703333 0 0 0 0
0.71 0 0 0 0
0.716667 0 0 0 0
0.723333 0 0 0 0
0.73 0 0 0 0
0.736667 0 0 0 0
0.743333 0 0 0 0
0.75 0 0 0 0
0.756667 0 0 0 0
0.763333 0 0 0 0
0.77 0 0 0 0
0.776667 0 0 0 0
0.783333 0 0 0 0
0.79 0 0 0 0
0.796667 0 0 0 0
0.803333 0 0 0 0
0.81 0 0 0 0
0.816667 0 0 0 0
0.823333 0 0 0 0
0.83 0 0 0 0
0.836667 0 0 0 0
0.843333 0 0 0 0
0.85 0 0 0 0
0.856667 0 0 0 0
0.863333 0 0 0 0
0.87 0 0 0 0
0.876667 0 0 0 0
0.883333 0 0 0 0
0.89 0 0 0 0
0.896667 0 0 0 0
0.903333 0 0 0 0
0.91 0 0 0 0
0.916667 0 0 0 0
0.923333 0 0 0 0
0.93 0 0 0 0
0.936667 0 0 0 0
0.943333 0 0 0 0
0.95 0 0 0 0
0.956667 0 0 0 0
0.963333 0 0 0 0
0.97 0 0 0 0
0.976667 0 0 0 0
0.983333 0 0 0 0
0.99 0 0 0 0
0.996667 0 0 0 0
1.00333 0 0 0 0
1.01 0 0 0 0
1.01667 0 0 0 0
1.02333 0 0 0 0
1.03 0 0 0 0
1.03667 0 0 0 0
1.04333 0 0 0 0
1.05 0 0 0 0
1.05667 0 0 0 0
1.06333 0 0 0 0
1.07 0 0 0 0
1.07667 0 0 0 0
1.08333 0 0 0 0
1.09 0 0 0 0
1.09667 0 0 0 0
1.10333 0 0 0 0
1.11 0 0 0 0
1.11667 0 0 0 0
1.12333 0 0 0 0
1.13 0 0 0 0
1.13667 0 0 0 0
1.14333 0 0 0 0
1.15 0 0 0 0
1.15667 0 0 0 0
1.16333 0 0 0 0
1.17 0 0 0 0
1.17667 0 0 0 0
1.18333 0 0 0 0
1.19 0 0 0 0
1.19667 0 0 0 0
1.20333 0 0 0 0
1.21 0 0 0 0
1.21667 0 0 0 0
1.22333 0 0 0 0
1.23 0 0 0 0
1.23667 0 0 0 0
1.24333 0 0 0 0
1.25 0 0 0 0
1.25667 0 0 0 0
1.26333 0 0 0 0
1.27 0 0 0 0
1.27667 0 0 0 0
1.28333 0 0 0 0
1.29 0 0 0 0
1.29667 0 0 0 0
1.30333 0 0 0 0
1.31 0 0 0 0
1.31667 0 0 0 0
1.32333 0 0 0 0
1.33 0 0 0 0
1.33667 0 0 0 0
1.34333 0 0 0 0
1.35 0 0 0 0
1.35667 0 0 0 0
1.36333 0 0 0 0
1.37 0 0 0 0
1.37667 0 0 0 0
1.38333 0 0 0 0
1.39 0 0 0 0
1.39667 0 0 0 0
1.40333 0 0 0 0
1.41 0 0 0 0
1.41667 0 0 0 0
1.42333 0 0 0 0
1.43 0 0 0 0
1.43667 0 0 0 0
1.44333 0 0 0 0
1.45 0 0 0 0
1.45667 0 0 0 0
1.46333 0 0 0 0
1.47 0 0 0 0
1.47667 0 0 0 0
1.48333 0 0 0 0
1.49 0 0 0 0
1.49667 0 0 0 0
1.50333 0 0 0 0
1.51 0 0 0 0
1.51667 0 0 0 0
1.52333 0 0 0 0
1.53 0 0 0 0
1.53667 0 0 0 0
1.54333 0 0 0 0
1.55 0 0 0 0
1.55667 0 0 0 0
1.56333 0 0 0 0
1.57 0 0 0 0
1.57667 0 0 0 0
1.58333 0 0 0 0
1.59 0 0 0 0
1.59667 0 0 0 0
1.60333 0 0 0 0
1.61 0 0 0 0
1.61667 0 0 0 0
1.62333 0 0 0 0
1.63 0 0 0 0
1.63667 0 0 0 0
1.64333 0 0 0 0
1.65 0 0 0 0
1.65667 0 0 0 0
1.66333 0 0 0 0
1.67 0 0 0 0
1.67667 0 0 0 0
1.68333 0 0 0 0
1.69 0 0 0 0
1.69667 0 0 0 0
1.70333 0 0 0 0
1.71 0 0 0 0
1.71667 0 0 0 0
1.72333 0 0 0 0
1.73 0 0 0 0
1.73667 0 0 0 0
1.74333 0 0 0 0
1.75 0 0 0 0
1.75667 0 0 0 0
1.76333 0 0 0 0
1.77 0 0 0 0
1.77667 0 0 0 0
1.78333 0 0 0 0
1.79 0 0 0 0
1.79667 0 0 0 0
1.80333 0 0 0 0
1.81 0 0 0 0
1.81667 0 0 0 0
1.82333 0 0 0 0
1.83 0 0 0 0
1.83667 0 0 0 0
1.84333 0 0 0 0
1.85 0 0 0 0
1.85667 0 0 0 0
1.86333 0 0 0 0
1.87 0 0 0 0
1.87667 0 0 0 0
1.88333 0 0 0 0
1.89 0 0 0 0
1.89667 0 0 0 0
1.90333 0 0 0 0
1.91 0 0 0 0
1.91667 0 0 0 0
1.92333 0 0 0 0
1.93 0 0 0 0
1.93667 0 0 0 0
1.94333 0 0 0 0
1.95 0 0 0 0
1.95667 0 0 0 0
1.96333 0 0 0 0
1.97 0 0 0 0
1.97667 0 0 0 0
1.98333 0 0 0 0
1.99 0 0 0 0
1.99667 0 0 0 0
