0.00333333 2 14 12 1614
0.01 1 20 5 1568
0.0166667 3 11 6 1599
0.0233333 2 17 6 1578
0.03 1 16 8 1648
0.0366667 0 8 13 1571
0.0433333 2 24 18 1626
0.05 6 26 18 1537
0.0566667 4 27 14 1651
0.0633333 2 34 23 1510
0.07 8 21 25 1545
0.0766667 4 22 26 1568
0.0833333 6 33 21 1676
0.09 4 39 22 1574
0.0966667 1 25 24 1538
0.103333 2 31 18 1577
0.11 7 25 30 1564
0.116667 2 32 27 1647
0.123333 5 16 20 1586
0.13 3 42 12 1596
0.136667 2 28 18 1613
0.143333 4 40 21 1574
0.15 5 27 22 1594
0.156667 5 40 14 1586
0.163333 0 29 23 1682
0.17 2 31 22 1687
0.176667 2 28 15 1691
0.183333 4 44 16 1963
0.19 3 48 18 2245
0.196667 1 45 21 2068
0.203333 4 34 16 2045
0.21 3 39 20 2022
0.216667 2 43 13 1977
0.223333 2 35 15 1923
0.23 4 42 13 1898
0.236667 3 31 15 1964
0.243333 3 38 11 1906
0.25 1 26 11 1951
0.256667 2 29 10 1913
0.263333 3 30 7 1790
0.27 0 33 18 1834
0.276667 1 23 13 1788
0.283333 0 15 13 1820
0.29 1 25 13 1766
0.296667 4 32 11 1766
0.303333 4 30 9 1769
0.31 1 27 7 1803
0.316667 1 31 17 1685
0.323333 0 29 14 1714
0.33 0 31 9 1643
0.336667 1 20 12 1647
0.343333 2 22 14 1692
0.35 1 15 17 1722
0.356667 0 24 15 1729
0.363333 1 20 11 1686
0.37 4 25 3 1691
0.376667 1 29 13 1701
0.383333 2 26 10 1648
0.39 0 15 6 1789
0.396667 0 16 8 1781
0.403333 1 18 7 1798
0.41 2 14 13 1798
0.416667 2 16 9 1687
0.423333 2 15 8 1755
0.43 1 16 5 1700
0.436667 0 13 8 1777
0.443333 0 14 11 1790
0.45 3 23 18 1932
0.456667 0 28 10 1911
0.463333 1 19 8 2042
0.47 0 14 14 2050
0.476667 2 12 9 1647
0.483333 0 5 12 769
0.49 2 10 5 707
0.496667 2 2 12 637
0.503333 1 6 9 543
0.51 1 8 9 556
0.516667 0 2 9 494
0.523333 0 3 2 486
0.53 0 4 5 474
0.536667 2 3 4 414
0.543333 1 1 8 385
0.55 0 2 3 369
0.556667 3 1 4 379
0.563333 2 3 5 322
0.57 1 3 6 356
0.576667 2 4 4 364
0.583333 1 2 6 363
0.59 0 1 5 358
0.596667 2 1 8 333
0.603333 0 1 4 307
0.61 0 2 6 310
0.616667 0 1 5 252
0.623333 0 3 5 275
0.63 2 3 13 399
0.636667 1 3 5 601
0.643333 3 1 4 253
0.65 0 2 6 227
0.656667 1 2 4 257
0.663333 26 1020 184 129013
0.67 0 0 0 0
0.676667 0 0 0 0
0.683333 0 0 0 0
0.69 0 0 0 0
0.696667 0 0 0 0
0.703333 0 0 0 0
0.71 0 0 0 0
0.716667 0 0 0 0
0.723333 0 0 0 0
0.73 0 0 0 0
0.736667 0 0 0 0
0.743333 0 0 0 0
0.75 0 0 0 0
0.756667 0 0 0 0
0.763333 0 0 0 0
0.77 0 0 0 0
0.776667 0 0 0 0
0.783333 0 0 0 0
0.79 0 0 0 0
0.796667 0 0 0 0
0.803333 0 0 0 0
0.81 0 0 0 0
0.816667 0 0 0 0
0.823333 0 0 0 0
0.83 0 0 0 0
0.836667 0 0 0 0
0.843333 0 0 0 0
0.85 0 0 0 0
0.856667 0 0 0 0
0.863333 0 0 0 0
0.87 0 0 0 0
0.876667 0 0 0 0
0.883333 0 0 0 0
0.89 0 0 0 0
0.896667 0 0 0 0
0.903333 0 0 0 0
0.91 0 0 0 0
0.916667 0 0 0 0
0.923333 0 0 0 0
0.93 0 0 0 0
0.936667 0 0 0 0
0.943333 0 0 0 0
0.95 0 0 0 0
0.956667 0 0 0 0
0.963333 0 0 0 0
0.97 0 0 0 0
0.976667 0 0 0 0
0.983333 0 0 0 0
0.99 0 0 0 0
0.996667 0 0 0 0
1.00333 0 0 0 0
1.01 0 0 0 0
1.01667 0 0 0 0
1.02333 0 0 0 0
1.03 0 0 0 0
1.03667 0 0 0 0
1.04333 0 0 0 0
1.05 0 0 0 0
1.05667 0 0 0 0
1.06333 0 0 0 0
1.07 0 0 0 0
1.07667 0 0 0 0
1.08333 0 0 0 0
1.09 0 0 0 0
1.09667 0 0 0 0
1.10333 0 0 0 0
1.11 0 0 0 0
1.11667 0 0 0 0
1.12333 0 0 0 0
1.13 0 0 0 0
1.13667 0 0 0 0
1.14333 0 0 0 0
1.15 0 0 0 0
1.15667 0 0 0 0
1.16333 0 0 0 0
1.17 0 0 0 0
1.17667 0 0 0 0
1.18333 0 0 0 0
1.19 0 0 0 0
1.19667 0 0 0 0
1.20333 0 0 0 0
1.21 0 0 0 0
1.21667 0 0 0 0
1.22333 0 0 0 0
1.23 0 0 0 0
1.23667 0 0 0 0
1.24333 0 0 0 0
1.25 0 0 0 0
1.25667 0 0 0 0
1.26333 0 0 0 0
1.27 0 0 0 0
1.27667 0 0 0 0
1.28333 0 0 0 0
1.29 0 0 0 0
1.29667 0 0 0 0
1.30333 0 0 0 0
1.31 0 0 0 0
1.31667 0 0 0 0
1.32333 0 0 0 0
1.33 0 0 0 0
1.33667 0 0 0 0
1.34333 0 0 0 0
1.35 0 0 0 0
1.35667 0 0 0 0
1.36333 0 0 0 0
1.37 0 0 0 0
1.37667 0 0 0 0
1.38333 0 0 0 0
1.39 0 0 0 0
1.39667 0 0 0 0
1.40333 0 0 0 0
1.41 0 0 0 0
1.41667 0 0 0 0
1.42333 0 0 0 0
1.43 0 0 0 0
1.43667 0 0 0 0
1.44333 0 0 0 0
1.45 0 0 0 0
1.45667 0 0 0 0
1.46333 0 0 0 0
1.47 0 0 0 0
1.47667 0 0 0 0
1.48333 0 0 0 0
1.49 0 0 0 0
1.49667 0 0 0 0
1.50333 0 0 0 0
1.51 0 0 0 0
1.51667 0 0 0 0
1.52333 0 0 0 0
1.53 0 0 0 0
1.53667 0 0 0 0
1.54333 0 0 0 0
1.55 0 0 0 0
1.55667 0 0 0 0
1.56333 0 0 0 0
1.57 0 0 0 0
1.57667 0 0 0 0
1.58333 0 0 0 0
1.59 0 0 0 0
1.59667 0 0 0 0
1.60333 0 0 0 0
1.61 0 0 0 0
1.61667 0 0 0 0
1.62333 0 0 0 0
1.63 0 0 0 0
1.63667 0 0 0 0
1.64333 0 0 0 0
1.65 0 0 0 0
1.65667 0 0 0 0
1.66333 0 0 0 0
1.67 0 0 0 0
1.67667 0 0 0 0
1.68333 0 0 0 0
1.69 0 0 0 0
1.69667 0 0 0 0
1.70333 0 0 0 0
1.71 0 0 0 0
1.71667 0 0 0 0
1.72333 0 0 0 0
1.73 0 0 0 0
1.73667 0 0 0 0
1.74333 0 0 0 0
1.75 0 0 0 0
1.75667 0 0 0 0
1.76333 0 0 0 0
1.77 0 0 0 0
1.77667 0 0 0 0
1.78333 0 0 0 0
1.79 0 0 0 0
1.79667 0 0 0 0
1.80333 0 0 0 0
1.81 0 0 0 0
1.81667 0 0 0 0
1.82333 0 0 0 0
1.83 0 0 0 0
1.83667 0 0 0 0
1.84333 0 0 0 0
1.85 0 0 0 0
1.85667 0 0 0 0
1.86333 0 0 0 0
1.87 0 0 0 0
1.87667 0 0 0 0
1.88333 0 0 0 0
1.89 0 0 0 0
1.89667 0 0 0 0
1.90333 0 0 0 0
1.91 0 0 0 0
1.91667 0 0 0 0
1.92333 0 0 0 0
1.93 0 0 0 0
1.93667 0 0 0 0
1.94333 0 0 0 0
1.95 0 0 0 0
1.95667 0 0 0 0
1.96333 0 0 0 0
1.97 0 0 0 0
1.97667 0 0 0 0
1.98333 0 0 0 0
1.99 0 0 0 0
1.99667 0 0 0 0
