0.00333333 1 15 5 925
0.01 0 16 14 881
0.0166667 1 13 13 913
0.0233333 1 15 12 867
0.03 0 15 13 870
0.0366667 1 15 19 843
0.0433333 1 23 26 891
0.05 3 15 19 908
0.0566667 3 20 30 909
0.0633333 4 25 40 919
0.07 3 13 37 851
0.0766667 3 23 43 924
0.0833333 3 27 30 925
0.09 2 34 29 926
0.0966667 1 21 30 920
0.103333 6 18 25 834
0.11 5 23 42 903
0.116667 2 18 39 916
0.123333 1 24 22 939
0.13 6 22 26 898
0.136667 1 23 28 871
0.143333 3 22 25 924
0.15 1 24 23 877
0.156667 2 24 33 971
0.163333 1 30 32 948
0.17 1 30 30 945
0.176667 4 30 28 986
0.183333 3 36 25 1660
0.19 4 25 16 1820
0.196667 1 32 33 1292
0.203333 4 33 22 1025
0.21 2 24 22 982
0.216667 2 19 25 923
0.223333 1 17 17 888
0.23 2 25 20 919
0.236667 5 22 16 874
0.243333 6 24 19 870
0.25 1 24 21 812
0.256667 1 15 15 861
0.263333 3 16 18 900
0.27 2 16 18 816
0.276667 2 13 25 829
0.283333 1 16 15 824
0.29 3 18 13 811
0.296667 0 19 13 816
0.303333 3 14 15 821
0.31 3 16 14 783
0.316667 0 14 15 792
0.323333 0 16 21 821
0.33 1 15 22 738
0.336667 3 17 17 804
0.343333 2 23 17 824
0.35 2 12 4 791
0.356667 0 12 11 810
0.363333 4 12 9 722
0.37 1 23 9 809
0.376667 1 16 21 857
0.383333 0 17 18 771
0.39 3 20 11 796
0.396667 1 17 14 775
0.403333 1 21 15 819
0.41 0 18 11 809
0.416667 2 32 12 841
0.423333 1 16 10 836
0.43 0 8 10 779
0.436667 0 19 9 825
0.443333 0 13 7 864
0.45 4 30 15 902
0.456667 1 23 14 949
0.463333 0 21 18 986
0.47 2 19 13 1128
0.476667 1 15 5 816
0.483333 3 11 10 345
0.49 1 17 7 300
0.496667 0 5 6 268
0.503333 2 5 6 235
0.51 1 6 10 213
0.516667 1 3 14 194
0.523333 1 6 10 193
0.53 0 8 9 188
0.536667 1 7 4 167
0.543333 1 2 6 171
0.55 1 4 9 154
0.556667 0 3 4 136
0.563333 0 5 7 155
0.57 0 5 7 156
0.576667 0 7 6 166
0.583333 0 4 7 155
0.59 0 5 11 141
0.596667 0 0 6 149
0.603333 0 2 6 142
0.61 0 3 3 107
0.616667 1 0 6 106
0.623333 0 2 12 125
0.63 1 4 10 162
0.636667 1 1 4 255
0.643333 0 1 10 86
0.65 0 2 6 101
0.656667 1 2 4 86
0.663333 15 908 213 63460
0.67 0 0 0 0
0.676667 0 0 0 0
0.683333 0 0 0 0
0.69 0 0 0 0
0.696667 0 0 0 0
0.703333 0 0 0 0
0.71 0 0 0 0
0.716667 0 0 0 0
0.723333 0 0 0 0
0.73 0 0 0 0
0.736667 0 0 0 0
0.743333 0 0 0 0
0.75 0 0 0 0
0.756667 0 0 0 0
0.763333 0 0 0 0
0.77 0 0 0 0
0.776667 0 0 0 0
0.783333 0 0 0 0
0.79 0 0 0 0
0.796667 0 0 0 0
0.803333 0 0 0 0
0.81 0 0 0 0
0.816667 0 0 0 0
0.823333 0 0 0 0
0.83 0 0 0 0
0.836667 0 0 0 0
0.843333 0 0 0 0
0.85 0 0 0 0
0.856667 0 0 0 0
0.863333 0 0 0 0
0.87 0 0 0 0
0.876667 0 0 0 0
0.883333 0 0 0 0
0.89 0 0 0 0
0.896667 0 0 0 0
0.903333 0 0 0 0
0.91 0 0 0 0
0.916667 0 0 0 0
0.923333 0 0 0 0
0.93 0 0 0 0
0.936667 0 0 0 0
0.943333 0 0 0 0
0.95 0 0 0 0
0.956667 0 0 0 0
0.963333 0 0 0 0
0.97 0 0 0 0
0.976667 0 0 0 0
0.983333 0 0 0 0
0.99 0 0 0 0
0.996667 0 0 0 0
1.00333 0 0 0 0
1.01 0 0 0 0
1.01667 0 0 0 0
1.02333 0 0 0 0
1.03 0 0 0 0
1.03667 0 0 0 0
1.04333 0 0 0 0
1.05 0 0 0 0
1.05667 0 0 0 0
1.06333 0 0 0 0
1.07 0 0 0 0
1.07667 0 0 0 0
1.08333 0 0 0 0
1.09 0 0 0 0
1.09667 0 0 0 0
1.10333 0 0 0 0
1.11 0 0 0 0
1.11667 0 0 0 0
1.12333 0 0 0 0
1.13 0 0 0 0
1.13667 0 0 0 0
1.14333 0 0 0 0
1.15 0 0 0 0
1.15667 0 0 0 0
1.16333 0 0 0 0
1.17 0 0 0 0
1.17667 0 0 0 0
1.18333 0 0 0 0
1.19 0 0 0 0
1.19667 0 0 0 0
1.20333 0 0 0 0
1.21 0 0 0 0
1.21667 0 0 0 0
1.22333 0 0 0 0
1.23 0 0 0 0
1.23667 0 0 0 0
1.24333 0 0 0 0
1.25 0 0 0 0
1.25667 0 0 0 0
1.26333 0 0 0 0
1.27 0 0 0 0
1.27667 0 0 0 0
1.28333 0 0 0 0
1.29 0 0 0 0
1.29667 0 0 0 0
1.30333 0 0 0 0
1.31 0 0 0 0
1.31667 0 0 0 0
1.32333 0 0 0 0
1.33 0 0 0 0
1.33667 0 0 0 0
1.34333 0 0 0 0
1.35 0 0 0 0
1.35667 0 0 0 0
1.36333 0 0 0 0
1.37 0 0 0 0
1.37667 0 0 0 0
1.38333 0 0 0 0
1.39 0 0 0 0
1.39667 0 0 0 0
1.40333 0 0 0 0
1.41 0 0 0 0
1.41667 0 0 0 0
1.42333 0 0 0 0
1.43 0 0 0 0
1.43667 0 0 0 0
1.44333 0 0 0 0
1.45 0 0 0 0
1.45667 0 0 0 0
1.46333 0 0 0 0
1.47 0 0 0 0
1.47667 0 0 0 0
1.48333 0 0 0 0
1.49 0 0 0 0
1.49667 0 0 0 0
1.50333 0 0 0 0
1.51 0 0 0 0
1.51667 0 0 0 0
1.52333 0 0 0 0
1.53 0 0 0 0
1.53667 0 0 0 0
1.54333 0 0 0 0
1.55 0 0 0 0
1.55667 0 0 0 0
1.56333 0 0 0 0
1.57 0 0 0 0
1.57667 0 0 0 0
1.58333 0 0 0 0
1.59 0 0 0 0
1.59667 0 0 0 0
1.60333 0 0 0 0
1.61 0 0 0 0
1.61667 0 0 0 0
1.62333 0 0 0 0
1.63 0 0 0 0
1.63667 0 0 0 0
1.64333 0 0 0 0
1.65 0 0 0 0
1.65667 0 0 0 0
1.66333 0 0 0 0
1.67 0 0 0 0
1.67667 0 0 0 0
1.68333 0 0 0 0
1.69 0 0 0 0
1.69667 0 0 0 0
1.70333 0 0 0 0
1.71 0 0 0 0
1.71667 0 0 0 0
1.72333 0 0 0 0
1.73 0 0 0 0
1.73667 0 0 0 0
1.74333 0 0 0 0
1.75 0 0 0 0
1.75667 0 0 0 0
1.76333 0 0 0 0
1.77 0 0 0 0
1.77667 0 0 0 0
1.78333 0 0 0 0
1.79 0 0 0 0
1.79667 0 0 0 0
1.80333 0 0 0 0
1.81 0 0 0 0
1.81667 0 0 0 0
1.82333 0 0 0 0
1.83 0 0 0 0
1.83667 0 0 0 0
1.84333 0 0 0 0
1.85 0 0 0 0
1.85667 0 0 0 0
1.86333 0 0 0 0
1.87 0 0 0 0
1.87667 0 0 0 0
1.88333 0 0 0 0
1.89 0 0 0 0
1.89667 0 0 0 0
1.90333 0 0 0 0
1.91 0 0 0 0
1.91667 0 0 0 0
1.92333 0 0 0 0
1.93 0 0 0 0
1.93667 0 0 0 0
1.94333 0 0 0 0
1.95 0 0 0 0
1.95667 0 0 0 0
1.96333 0 0 0 0
1.97 0 0 0 0
1.97667 0 0 0 0
1.98333 0 0 0 0
1.99 0 0 0 0
1.99667 0 0 0 0
