0.00333333 2 33 7 44
0.01 3 33 13 50
0.0166667 3 36 10 34
0.0233333 4 34 13 32
0.03 5 27 10 26
0.0366667 3 28 16 35
0.0433333 9 49 23 31
0.05 8 32 35 51
0.0566667 7 54 25 54
0.0633333 10 50 30 54
0.07 10 41 27 35
0.0766667 12 41 35 47
0.0833333 11 46 33 42
0.09 9 46 39 51
0.0966667 12 44 33 52
0.103333 11 44 26 47
0.11 9 33 24 58
0.116667 5 50 38 50
0.123333 8 51 29 63
0.13 6 44 28 56
0.136667 6 40 22 60
0.143333 6 50 19 56
0.15 8 48 35 73
0.156667 12 53 21 54
0.163333 8 43 27 42
0.17 7 28 25 66
0.176667 3 40 21 52
0.183333 6 34 29 51
0.19 6 53 20 60
0.196667 12 56 26 58
0.203333 10 49 15 41
0.21 8 62 20 65
0.216667 6 58 20 61
0.223333 6 63 24 80
0.23 10 45 26 50
0.236667 4 56 22 74
0.243333 7 51 12 55
0.25 10 38 26 55
0.256667 7 47 16 65
0.263333 9 40 7 60
0.27 3 41 20 50
0.276667 4 41 20 46
0.283333 3 41 16 55
0.29 8 53 23 35
0.296667 8 43 19 55
0.303333 9 41 7 34
0.31 2 44 23 56
0.316667 4 46 13 34
0.323333 5 29 27 34
0.33 0 32 20 34
0.336667 2 37 11 32
0.343333 5 47 16 41
0.35 7 39 14 45
0.356667 5 27 15 43
0.363333 6 39 16 51
0.37 5 26 15 42
0.376667 5 32 12 36
0.383333 6 29 16 45
0.39 9 36 9 25
0.396667 7 32 14 26
0.403333 5 35 13 28
0.41 5 31 13 27
0.416667 4 36 14 38
0.423333 2 33 14 40
0.43 8 34 14 44
0.436667 5 30 22 33
0.443333 4 36 14 46
0.45 4 35 18 34
0.456667 3 34 14 37
0.463333 3 33 11 53
0.47 4 45 12 36
0.476667 4 28 16 39
0.483333 3 16 5 20
0.49 2 9 9 11
0.496667 2 17 5 10
0.503333 3 12 11 9
0.51 8 6 12 9
0.516667 1 5 8 8
0.523333 5 3 4 10
0.53 0 12 7 5
0.536667 3 4 7 11
0.543333 1 10 7 13
0.55 6 6 6 10
0.556667 2 1 5 3
0.563333 2 4 4 8
0.57 2 10 13 6
0.576667 2 5 4 3
0.583333 3 3 4 3
0.59 3 5 11 12
0.596667 2 7 12 7
0.603333 2 4 7 5
0.61 3 4 6 7
0.616667 7 3 10 5
0.623333 3 5 5 5
0.63 4 5 7 10
0.636667 2 11 8 11
0.643333 1 2 5 2
0.65 1 3 3 5
0.656667 2 3 7 7
0.663333 116 2314 403 2778
0.67 0 0 0 0
0.676667 0 0 0 0
0.683333 0 0 0 0
0.69 0 0 0 0
0.696667 0 0 0 0
0.703333 0 0 0 0
0.71 0 0 0 0
0.716667 0 0 0 0
0.723333 0 0 0 0
0.73 0 0 0 0
0.736667 0 0 0 0
0.743333 0 0 0 0
0.75 0 0 0 0
0.756667 0 0 0 0
0.763333 0 0 0 0
0.77 0 0 0 0
0.776667 0 0 0 0
0.783333 0 0 0 0
0.79 0 0 0 0
0.796667 0 0 0 0
0.803333 0 0 0 0
0.81 0 0 0 0
0.816667 0 0 0 0
0.823333 0 0 0 0
0.83 0 0 0 0
0.836667 0 0 0 0
0.843333 0 0 0 0
0.85 0 0 0 0
0.856667 0 0 0 0
0.863333 0 0 0 0
0.87 0 0 0 0
0.876667 0 0 0 0
0.883333 0 0 0 0
0.89 0 0 0 0
0.896667 0 0 0 0
0.903333 0 0 0 0
0.91 0 0 0 0
0.916667 0 0 0 0
0.923333 0 0 0 0
0.93 0 0 0 0
0.936667 0 0 0 0
0.943333 0 0 0 0
0.95 0 0 0 0
0.956667 0 0 0 0
0.963333 0 0 0 0
0.97 0 0 0 0
0.976667 0 0 0 0
0.983333 0 0 0 0
0.99 0 0 0 0
0.996667 0 0 0 0
1.00333 0 0 0 0
1.01 0 0 0 0
1.01667 0 0 0 0
1.02333 0 0 0 0
1.03 0 0 0 0
1.03667 0 0 0 0
1.04333 0 0 0 0
1.05 0 0 0 0
1.05667 0 0 0 0
1.06333 0 0 0 0
1.07 0 0 0 0
1.07667 0 0 0 0
1.08333 0 0 0 0
1.09 0 0 0 0
1.09667 0 0 0 0
1.10333 0 0 0 0
1.11 0 0 0 0
1.11667 0 0 0 0
1.12333 0 0 0 0
1.13 0 0 0 0
1.13667 0 0 0 0
1.14333 0 0 0 0
1.15 0 0 0 0
1.15667 0 0 0 0
1.16333 0 0 0 0
1.17 0 0 0 0
1.17667 0 0 0 0
1.18333 0 0 0 0
1.19 0 0 0 0
1.19667 0 0 0 0
1.20333 0 0 0 0
1.21 0 0 0 0
1.21667 0 0 0 0
1.22333 0 0 0 0
1.23 0 0 0 0
1.23667 0 0 0 0
1.24333 0 0 0 0
1.25 0 0 0 0
1.25667 0 0 0 0
1.26333 0 0 0 0
1.27 0 0 0 0
1.27667 0 0 0 0
1.28333 0 0 0 0
1.29 0 0 0 0
1.29667 0 0 0 0
1.30333 0 0 0 0
1.31 0 0 0 0
1.31667 0 0 0 0
1.32333 0 0 0 0
1.33 0 0 0 0
1.33667 0 0 0 0
1.34333 0 0 0 0
1.35 0 0 0 0
1.35667 0 0 0 0
1.36333 0 0 0 0
1.37 0 0 0 0
1.37667 0 0 0 0
1.38333 0 0 0 0
1.39 0 0 0 0
1.39667 0 0 0 0
1.40333 0 0 0 0
1.41 0 0 0 0
1.41667 0 0 0 0
1.42333 0 0 0 0
1.43 0 0 0 0
1.43667 0 0 0 0
1.44333 0 0 0 0
1.45 0 0 0 0
1.45667 0 0 0 0
1.46333 0 0 0 0
1.47 0 0 0 0
1.47667 0 0 0 0
1.48333 0 0 0 0
1.49 0 0 0 0
1.49667 0 0 0 0
1.50333 0 0 0 0
1.51 0 0 0 0
1.51667 0 0 0 0
1.52333 0 0 0 0
1.53 0 0 0 0
1.53667 0 0 0 0
1.54333 0 0 0 0
1.55 0 0 0 0
1.55667 0 0 0 0
1.56333 0 0 0 0
1.57 0 0 0 0
1.57667 0 0 0 0
1.58333 0 0 0 0
1.59 0 0 0 0
1.59667 0 0 0 0
1.60333 0 0 0 0
1.61 0 0 0 0
1.61667 0 0 0 0
1.62333 0 0 0 0
1.63 0 0 0 0
1.63667 0 0 0 0
1.64333 0 0 0 0
1.65 0 0 0 0
1.65667 0 0 0 0
1.66333 0 0 0 0
1.67 0 0 0 0
1.67667 0 0 0 0
1.68333 0 0 0 0
1.69 0 0 0 0
1.69667 0 0 0 0
1.70333 0 0 0 0
1.71 0 0 0 0
1.71667 0 0 0 0
1.72333 0 0 0 0
1.73 0 0 0 0
1.73667 0 0 0 0
1.74333 0 0 0 0
1.75 0 0 0 0
1.75667 0 0 0 0
1.76333 0 0 0 0
1.77 0 0 0 0
1.77667 0 0 0 0
1.78333 0 0 0 0
1.79 0 0 0 0
1.79667 0 0 0 0
1.80333 0 0 0 0
1.81 0 0 0 0
1.81667 0 0 0 0
1.82333 0 0 0 0
1.83 0 0 0 0
1.83667 0 0 0 0
1.84333 0 0 0 0
1.85 0 0 0 0
1.85667 0 0 0 0
1.86333 0 0 0 0
1.87 0 0 0 0
1.87667 0 0 0 0
1.88333 0 0 0 0
1.89 0 0 0 0
1.89667 0 0 0 0
1.90333 0 0 0 0
1.91 0 0 0 0
1.91667 0 0 0 0
1.92333 0 0 0 0
1.93 0 0 0 0
1.93667 0 0 0 0
1.94333 0 0 0 0
1.95 0 0 0 0
1.95667 0 0 0 0
1.96333 0 0 0 0
1.97 0 0 0 0
1.97667 0 0 0 0
1.98333 0 0 0 0
1.99 0 0 0 0
1.99667 0 0 0 0
