0.00333333 4 41 8 29
0.01 4 52 16 37
0.0166667 3 52 22 45
0.0233333 1 47 15 41
0.03 5 56 10 43
0.0366667 8 46 17 52
0.0433333 7 67 22 53
0.05 5 62 28 39
0.0566667 10 61 26 62
0.0633333 10 69 31 54
0.07 9 69 42 61
0.0766667 10 70 46 64
0.0833333 15 71 35 63
0.09 12 90 45 64
0.0966667 12 80 37 63
0.103333 8 76 32 62
0.11 17 74 29 73
0.116667 5 73 50 89
0.123333 6 84 26 96
0.13 7 87 41 58
0.136667 7 83 35 64
0.143333 15 87 32 75
0.15 3 80 23 76
0.156667 3 79 23 59
0.163333 9 83 28 64
0.17 11 81 28 55
0.176667 4 72 25 71
0.183333 6 95 22 73
0.19 6 118 32 101
0.196667 5 103 22 81
0.203333 3 92 16 80
0.21 4 107 25 81
0.216667 3 92 18 86
0.223333 12 80 17 83
0.23 2 102 24 64
0.236667 8 76 21 76
0.243333 8 66 21 62
0.25 3 73 22 66
0.256667 4 65 25 68
0.263333 4 73 20 71
0.27 7 64 20 66
0.276667 2 75 18 58
0.283333 4 64 22 58
0.29 2 54 23 57
0.296667 3 63 24 68
0.303333 4 62 18 62
0.31 5 58 23 62
0.316667 2 62 12 44
0.323333 6 54 19 47
0.33 4 59 13 44
0.336667 6 56 22 48
0.343333 7 54 12 34
0.35 8 60 14 51
0.356667 3 48 12 46
0.363333 3 54 13 53
0.37 1 50 19 45
0.376667 7 52 24 52
0.383333 3 52 24 45
0.39 3 51 10 49
0.396667 2 46 11 42
0.403333 6 44 18 46
0.41 10 53 12 42
0.416667 6 46 16 52
0.423333 4 48 13 50
0.43 4 39 12 46
0.436667 1 46 12 49
0.443333 6 49 14 42
0.45 1 39 11 38
0.456667 2 38 19 41
0.463333 4 46 13 46
0.47 2 48 13 48
0.476667 5 43 10 32
0.483333 0 19 14 17
0.49 1 13 10 9
0.496667 6 15 7 20
0.503333 2 10 8 5
0.51 4 11 9 10
0.516667 4 12 4 9
0.523333 2 15 7 13
0.53 3 10 9 11
0.536667 2 7 12 8
0.543333 2 9 7 6
0.55 2 6 9 7
0.556667 1 8 12 7
0.563333 3 4 10 6
0.57 3 11 3 5
0.576667 3 4 3 4
0.583333 1 10 7 9
0.59 4 4 7 7
0.596667 2 8 9 6
0.603333 2 7 10 8
0.61 3 7 7 9
0.616667 3 6 11 3
0.623333 5 7 9 4
0.63 4 10 5 10
0.636667 1 15 9 13
0.643333 2 6 5 8
0.65 6 5 10 3
0.656667 3 5 7 6
0.663333 64 3363 234 2755
0.67 0 0 0 0
0.676667 0 0 0 0
0.683333 0 0 0 0
0.69 0 0 0 0
0.696667 0 0 0 0
0.703333 0 0 0 0
0.71 0 0 0 0
0.716667 0 0 0 0
0.723333 0 0 0 0
0.73 0 0 0 0
0.736667 0 0 0 0
0.743333 0 0 0 0
0.75 0 0 0 0
0.756667 0 0 0 0
0.763333 0 0 0 0
0.77 0 0 0 0
0.776667 0 0 0 0
0.783333 0 0 0 0
0.79 0 0 0 0
0.796667 0 0 0 0
0.803333 0 0 0 0
0.81 0 0 0 0
0.816667 0 0 0 0
0.823333 0 0 0 0
0.83 0 0 0 0
0.836667 0 0 0 0
0.843333 0 0 0 0
0.85 0 0 0 0
0.856667 0 0 0 0
0.863333 0 0 0 0
0.87 0 0 0 0
0.876667 0 0 0 0
0.883333 0 0 0 0
0.89 0 0 0 0
0.896667 0 0 0 0
0.903333 0 0 0 0
0.91 0 0 0 0
0.916667 0 0 0 0
0.923333 0 0 0 0
0.93 0 0 0 0
0.936667 0 0 0 0
0.943333 0 0 0 0
0.95 0 0 0 0
0.956667 0 0 0 0
0.963333 0 0 0 0
0.97 0 0 0 0
0.976667 0 0 0 0
0.983333 0 0 0 0
0.99 0 0 0 0
0.996667 0 0 0 0
1.00333 0 0 0 0
1.01 0 0 0 0
1.01667 0 0 0 0
1.02333 0 0 0 0
1.03 0 0 0 0
1.03667 0 0 0 0
1.04333 0 0 0 0
1.05 0 0 0 0
1.05667 0 0 0 0
1.06333 0 0 0 0
1.07 0 0 0 0
1.07667 0 0 0 0
1.08333 0 0 0 0
1.09 0 0 0 0
1.09667 0 0 0 0
1.10333 0 0 0 0
1.11 0 0 0 0
1.11667 0 0 0 0
1.12333 0 0 0 0
1.13 0 0 0 0
1.13667 0 0 0 0
1.14333 0 0 0 0
1.15 0 0 0 0
1.15667 0 0 0 0
1.16333 0 0 0 0
1.17 0 0 0 0
1.17667 0 0 0 0
1.18333 0 0 0 0
1.19 0 0 0 0
1.19667 0 0 0 0
1.20333 0 0 0 0
1.21 0 0 0 0
1.21667 0 0 0 0
1.22333 0 0 0 0
1.23 0 0 0 0
1.23667 0 0 0 0
1.24333 0 0 0 0
1.25 0 0 0 0
1.25667 0 0 0 0
1.26333 0 0 0 0
1.27 0 0 0 0
1.27667 0 0 0 0
1.28333 0 0 0 0
1.29 0 0 0 0
1.29667 0 0 0 0
1.30333 0 0 0 0
1.31 0 0 0 0
1.31667 0 0 0 0
1.32333 0 0 0 0
1.33 0 0 0 0
1.33667 0 0 0 0
1.34333 0 0 0 0
1.35 0 0 0 0
1.35667 0 0 0 0
1.36333 0 0 0 0
1.37 0 0 0 0
1.37667 0 0 0 0
1.38333 0 0 0 0
1.39 0 0 0 0
1.39667 0 0 0 0
1.40333 0 0 0 0
1.41 0 0 0 0
1.41667 0 0 0 0
1.42333 0 0 0 0
1.43 0 0 0 0
1.43667 0 0 0 0
1.44333 0 0 0 0
1.45 0 0 0 0
1.45667 0 0 0 0
1.46333 0 0 0 0
1.47 0 0 0 0
1.47667 0 0 0 0
1.48333 0 0 0 0
1.49 0 0 0 0
1.49667 0 0 0 0
1.50333 0 0 0 0
1.51 0 0 0 0
1.51667 0 0 0 0
1.52333 0 0 0 0
1.53 0 0 0 0
1.53667 0 0 0 0
1.54333 0 0 0 0
1.55 0 0 0 0
1.55667 0 0 0 0
1.56333 0 0 0 0
1.57 0 0 0 0
1.57667 0 0 0 0
1.58333 0 0 0 0
1.59 0 0 0 0
1.59667 0 0 0 0
1.60333 0 0 0 0
1.61 0 0 0 0
1.61667 0 0 0 0
1.62333 0 0 0 0
1.63 0 0 0 0
1.63667 0 0 0 0
1.64333 0 0 0 0
1.65 0 0 0 0
1.65667 0 0 0 0
1.66333 0 0 0 0
1.67 0 0 0 0
1.67667 0 0 0 0
1.68333 0 0 0 0
1.69 0 0 0 0
1.69667 0 0 0 0
1.70333 0 0 0 0
1.71 0 0 0 0
1.71667 0 0 0 0
1.72333 0 0 0 0
1.73 0 0 0 0
1.73667 0 0 0 0
1.74333 0 0 0 0
1.75 0 0 0 0
1.75667 0 0 0 0
1.76333 0 0 0 0
1.77 0 0 0 0
1.77667 0 0 0 0
1.78333 0 0 0 0
1.79 0 0 0 0
1.79667 0 0 0 0
1.80333 0 0 0 0
1.81 0 0 0 0
1.81667 0 0 0 0
1.82333 0 0 0 0
1.83 0 0 0 0
1.83667 0 0 0 0
1.84333 0 0 0 0
1.85 0 0 0 0
1.85667 0 0 0 0
1.86333 0 0 0 0
1.87 0 0 0 0
1.87667 0 0 0 0
1.88333 0 0 0 0
1.89 0 0 0 0
1.89667 0 0 0 0
1.90333 0 0 0 0
1.91 0 0 0 0
1.91667 0 0 0 0
1.92333 0 0 0 0
1.93 0 0 0 0
1.93667 0 0 0 0
1.94333 0 0 0 0
1.95 0 0 0 0
1.95667 0 0 0 0
1.96333 0 0 0 0
1.97 0 0 0 0
1.97667 0 0 0 0
1.98333 0 0 0 0
1.99 0 0 0 0
1.99667 0 0 0 0
