0.00333333 5 47 12 32
0.01 7 63 18 53
0.0166667 3 48 21 45
0.0233333 3 55 13 42
0.03 5 54 14 34
0.0366667 6 57 21 50
0.0433333 12 65 34 60
0.05 4 69 36 66
0.0566667 17 80 44 55
0.0633333 8 91 47 74
0.07 4 85 59 70
0.0766667 13 79 46 73
0.0833333 12 95 52 66
0.09 12 100 57 83
0.0966667 9 108 67 76
0.103333 12 95 45 83
0.11 18 95 36 74
0.116667 12 92 56 93
0.123333 16 97 53 72
0.13 6 102 44 73
0.136667 11 112 38 66
0.143333 15 101 45 65
0.15 4 101 33 76
0.156667 7 97 36 77
0.163333 9 89 35 56
0.17 12 85 31 83
0.176667 6 89 28 89
0.183333 12 120 22 90
0.19 6 157 40 140
0.196667 6 136 34 98
0.203333 9 100 26 107
0.21 5 117 46 75
0.216667 7 95 30 85
0.223333 7 102 27 81
0.23 4 109 23 89
0.236667 8 81 33 70
0.243333 10 88 30 67
0.25 7 94 33 78
0.256667 1 83 23 66
0.263333 5 82 28 61
0.27 9 74 30 67
0.276667 4 55 28 52
0.283333 4 64 23 74
0.29 2 80 34 50
0.296667 6 70 23 72
0.303333 5 76 21 53
0.31 5 59 31 50
0.316667 5 71 18 53
0.323333 9 72 20 46
0.33 5 68 21 39
0.336667 5 67 31 48
0.343333 6 69 18 46
0.35 7 69 24 52
0.356667 5 51 18 47
0.363333 3 57 16 41
0.37 4 56 22 40
0.376667 6 69 23 55
0.383333 4 61 29 49
0.39 3 62 16 56
0.396667 3 61 19 55
0.403333 10 48 19 49
0.41 10 61 18 48
0.416667 7 54 19 42
0.423333 4 49 12 47
0.43 4 57 17 40
0.436667 2 58 16 46
0.443333 8 55 16 48
0.45 3 57 19 46
0.456667 2 69 19 44
0.463333 4 51 12 50
0.47 5 59 14 47
0.476667 3 48 15 33
0.483333 3 27 14 22
0.49 1 20 10 18
0.496667 5 32 10 22
0.503333 2 29 8 21
0.51 3 20 11 16
0.516667 1 25 6 14
0.523333 3 13 8 14
0.53 0 13 13 19
0.536667 2 18 16 12
0.543333 2 16 9 18
0.55 4 10 13 13
0.556667 6 14 13 15
0.563333 3 12 11 12
0.57 3 14 7 5
0.576667 2 14 5 14
0.583333 1 15 9 8
0.59 1 13 9 17
0.596667 0 14 8 8
0.603333 2 6 13 8
0.61 1 6 8 8
0.616667 2 8 13 6
0.623333 5 4 11 6
0.63 3 10 6 10
0.636667 1 15 12 15
0.643333 2 8 8 11
0.65 4 6 10 6
0.656667 3 4 10 7
0.663333 62 3174 275 2460
0.67 0 0 0 0
0.676667 0 0 0 0
0.683333 0 0 0 0
0.69 0 0 0 0
0.696667 0 0 0 0
0.703333 0 0 0 0
0.71 0 0 0 0
0.716667 0 0 0 0
0.723333 0 0 0 0
0.73 0 0 0 0
0.736667 0 0 0 0
0.743333 0 0 0 0
0.75 0 0 0 0
0.756667 0 0 0 0
0.763333 0 0 0 0
0.77 0 0 0 0
0.776667 0 0 0 0
0.783333 0 0 0 0
0.79 0 0 0 0
0.796667 0 0 0 0
0.803333 0 0 0 0
0.81 0 0 0 0
0.816667 0 0 0 0
0.823333 0 0 0 0
0.83 0 0 0 0
0.836667 0 0 0 0
0.843333 0 0 0 0
0.85 0 0 0 0
0.856667 0 0 0 0
0.863333 0 0 0 0
0.87 0 0 0 0
0.876667 0 0 0 0
0.883333 0 0 0 0
0.89 0 0 0 0
0.896667 0 0 0 0
0.903333 0 0 0 0
0.91 0 0 0 0
0.916667 0 0 0 0
0.923333 0 0 0 0
0.93 0 0 0 0
0.936667 0 0 0 0
0.943333 0 0 0 0
0.95 0 0 0 0
0.956667 0 0 0 0
0.963333 0 0 0 0
0.97 0 0 0 0
0.976667 0 0 0 0
0.983333 0 0 0 0
0.99 0 0 0 0
0.996667 0 0 0 0
1.00333 0 0 0 0
1.01 0 0 0 0
1.01667 0 0 0 0
1.02333 0 0 0 0
1.03 0 0 0 0
1.03667 0 0 0 0
1.04333 0 0 0 0
1.05 0 0 0 0
1.05667 0 0 0 0
1.06333 0 0 0 0
1.07 0 0 0 0
1.07667 0 0 0 0
1.08333 0 0 0 0
1.09 0 0 0 0
1.09667 0 0 0 0
1.10333 0 0 0 0
1.11 0 0 0 0
1.11667 0 0 0 0
1.12333 0 0 0 0
1.13 0 0 0 0
1.13667 0 0 0 0
1.14333 0 0 0 0
1.15 0 0 0 0
1.15667 0 0 0 0
1.16333 0 0 0 0
1.17 0 0 0 0
1.17667 0 0 0 0
1.18333 0 0 0 0
1.19 0 0 0 0
1.19667 0 0 0 0
1.20333 0 0 0 0
1.21 0 0 0 0
1.21667 0 0 0 0
1.22333 0 0 0 0
1.23 0 0 0 0
1.23667 0 0 0 0
1.24333 0 0 0 0
1.25 0 0 0 0
1.25667 0 0 0 0
1.26333 0 0 0 0
1.27 0 0 0 0
1.27667 0 0 0 0
1.28333 0 0 0 0
1.29 0 0 0 0
1.29667 0 0 0 0
1.30333 0 0 0 0
1.31 0 0 0 0
1.31667 0 0 0 0
1.32333 0 0 0 0
1.33 0 0 0 0
1.33667 0 0 0 0
1.34333 0 0 0 0
1.35 0 0 0 0
1.35667 0 0 0 0
1.36333 0 0 0 0
1.37 0 0 0 0
1.37667 0 0 0 0
1.38333 0 0 0 0
1.39 0 0 0 0
1.39667 0 0 0 0
1.40333 0 0 0 0
1.41 0 0 0 0
1.41667 0 0 0 0
1.42333 0 0 0 0
1.43 0 0 0 0
1.43667 0 0 0 0
1.44333 0 0 0 0
1.45 0 0 0 0
1.45667 0 0 0 0
1.46333 0 0 0 0
1.47 0 0 0 0
1.47667 0 0 0 0
1.48333 0 0 0 0
1.49 0 0 0 0
1.49667 0 0 0 0
1.50333 0 0 0 0
1.51 0 0 0 0
1.51667 0 0 0 0
1.52333 0 0 0 0
1.53 0 0 0 0
1.53667 0 0 0 0
1.54333 0 0 0 0
1.55 0 0 0 0
1.55667 0 0 0 0
1.56333 0 0 0 0
1.57 0 0 0 0
1.57667 0 0 0 0
1.58333 0 0 0 0
1.59 0 0 0 0
1.59667 0 0 0 0
1.60333 0 0 0 0
1.61 0 0 0 0
1.61667 0 0 0 0
1.62333 0 0 0 0
1.63 0 0 0 0
1.63667 0 0 0 0
1.64333 0 0 0 0
1.65 0 0 0 0
1.65667 0 0 0 0
1.66333 0 0 0 0
1.67 0 0 0 0
1.67667 0 0 0 0
1.68333 0 0 0 0
1.69 0 0 0 0
1.69667 0 0 0 0
1.70333 0 0 0 0
1.71 0 0 0 0
1.71667 0 0 0 0
1.72333 0 0 0 0
1.73 0 0 0 0
1.73667 0 0 0 0
1.74333 0 0 0 0
1.75 0 0 0 0
1.75667 0 0 0 0
1.76333 0 0 0 0
1.77 0 0 0 0
1.77667 0 0 0 0
1.78333 0 0 0 0
1.79 0 0 0 0
1.79667 0 0 0 0
1.80333 0 0 0 0
1.81 0 0 0 0
1.81667 0 0 0 0
1.82333 0 0 0 0
1.83 0 0 0 0
1.83667 0 0 0 0
1.84333 0 0 0 0
1.85 0 0 0 0
1.85667 0 0 0 0
1.86333 0 0 0 0
1.87 0 0 0 0
1.87667 0 0 0 0
1.88333 0 0 0 0
1.89 0 0 0 0
1.89667 0 0 0 0
1.90333 0 0 0 0
1.91 0 0 0 0
1.91667 0 0 0 0
1.92333 0 0 0 0
1.93 0 0 0 0
1.93667 0 0 0 0
1.94333 0 0 0 0
1.95 0 0 0 0
1.95667 0 0 0 0
1.96333 0 0 0 0
1.97 0 0 0 0
1.97667 0 0 0 0
1.98333 0 0 0 0
1.99 0 0 0 0
1.99667 0 0 0 0
