0.00333333 3 47 7 30
0.01 3 43 8 24
0.0166667 2 52 4 42
0.0233333 4 53 7 35
0.03 5 44 4 29
0.0366667 3 51 10 37
0.0433333 6 55 14 24
0.05 12 55 12 37
0.0566667 10 75 15 45
0.0633333 12 65 14 47
0.07 7 57 17 46
0.0766667 5 56 34 53
0.0833333 8 62 29 48
0.09 9 58 23 44
0.0966667 8 66 20 45
0.103333 10 71 21 65
0.11 6 65 17 55
0.116667 9 53 27 50
0.123333 6 58 16 58
0.13 6 51 30 52
0.136667 7 77 12 41
0.143333 9 61 15 50
0.15 7 66 15 53
0.156667 6 57 17 56
0.163333 5 73 16 42
0.17 9 63 13 50
0.176667 2 64 17 59
0.183333 6 56 16 51
0.19 5 101 20 72
0.196667 4 85 18 64
0.203333 9 86 11 64
0.21 5 93 11 65
0.216667 3 93 13 58
0.223333 8 72 16 61
0.23 1 75 15 65
0.236667 9 74 10 62
0.243333 3 81 20 56
0.25 5 69 13 57
0.256667 7 71 13 46
0.263333 5 57 17 35
0.27 9 52 15 36
0.276667 4 69 8 50
0.283333 3 60 9 45
0.29 6 47 16 54
0.296667 3 57 11 39
0.303333 6 49 13 45
0.31 3 53 19 43
0.316667 3 50 9 44
0.323333 6 51 11 32
0.33 8 48 10 30
0.336667 4 51 20 38
0.343333 1 45 10 39
0.35 3 50 10 43
0.356667 2 40 9 38
0.363333 2 44 7 40
0.37 4 49 11 37
0.376667 6 45 14 41
0.383333 3 49 18 30
0.39 4 49 3 44
0.396667 3 45 6 30
0.403333 5 49 11 33
0.41 5 44 6 46
0.416667 3 43 14 36
0.423333 4 47 10 44
0.43 9 59 11 28
0.436667 2 45 9 39
0.443333 4 52 8 34
0.45 0 49 7 42
0.456667 2 47 8 37
0.463333 3 60 4 46
0.47 3 55 14 37
0.476667 4 50 9 36
0.483333 2 17 6 11
0.49 1 14 1 17
0.496667 2 16 8 10
0.503333 4 10 7 8
0.51 2 12 8 8
0.516667 1 16 4 4
0.523333 1 12 7 8
0.53 3 15 5 13
0.536667 2 6 3 5
0.543333 2 14 8 7
0.55 2 5 5 10
0.556667 1 14 7 5
0.563333 1 3 9 5
0.57 1 8 3 7
0.576667 0 8 4 7
0.583333 0 8 4 8
0.59 3 8 4 3
0.596667 3 4 2 3
0.603333 1 5 12 8
0.61 2 5 4 9
0.616667 4 2 9 2
0.623333 2 8 6 4
0.63 2 6 2 5
0.636667 5 14 8 3
0.643333 1 4 3 4
0.65 1 3 6 8
0.656667 2 10 4 6
0.663333 49 3606 203 2456
0.67 0 0 0 0
0.676667 0 0 0 0
0.683333 0 0 0 0
0.69 0 0 0 0
0.696667 0 0 0 0
0.703333 0 0 0 0
0.71 0 0 0 0
0.716667 0 0 0 0
0.723333 0 0 0 0
0.73 0 0 0 0
0.736667 0 0 0 0
0.743333 0 0 0 0
0.75 0 0 0 0
0.756667 0 0 0 0
0.763333 0 0 0 0
0.77 0 0 0 0
0.776667 0 0 0 0
0.783333 0 0 0 0
0.79 0 0 0 0
0.796667 0 0 0 0
0.803333 0 0 0 0
0.81 0 0 0 0
0.816667 0 0 0 0
0.823333 0 0 0 0
0.83 0 0 0 0
0.836667 0 0 0 0
0.843333 0 0 0 0
0.85 0 0 0 0
0.856667 0 0 0 0
0.863333 0 0 0 0
0.87 0 0 0 0
0.876667 0 0 0 0
0.883333 0 0 0 0
0.89 0 0 0 0
0.896667 0 0 0 0
0.903333 0 0 0 0
0.91 0 0 0 0
0.916667 0 0 0 0
0.923333 0 0 0 0
0.93 0 0 0 0
0.936667 0 0 0 0
0.943333 0 0 0 0
0.95 0 0 0 0
0.956667 0 0 0 0
0.963333 0 0 0 0
0.97 0 0 0 0
0.976667 0 0 0 0
0.983333 0 0 0 0
0.99 0 0 0 0
0.996667 0 0 0 0
1.00333 0 0 0 0
1.01 0 0 0 0
1.01667 0 0 0 0
1.02333 0 0 0 0
1.03 0 0 0 0
1.03667 0 0 0 0
1.04333 0 0 0 0
1.05 0 0 0 0
1.05667 0 0 0 0
1.06333 0 0 0 0
1.07 0 0 0 0
1.07667 0 0 0 0
1.08333 0 0 0 0
1.09 0 0 0 0
1.09667 0 0 0 0
1.10333 0 0 0 0
1.11 0 0 0 0
1.11667 0 0 0 0
1.12333 0 0 0 0
1.13 0 0 0 0
1.13667 0 0 0 0
1.14333 0 0 0 0
1.15 0 0 0 0
1.15667 0 0 0 0
1.16333 0 0 0 0
1.17 0 0 0 0
1.17667 0 0 0 0
1.18333 0 0 0 0
1.19 0 0 0 0
1.19667 0 0 0 0
1.20333 0 0 0 0
1.21 0 0 0 0
1.21667 0 0 0 0
1.22333 0 0 0 0
1.23 0 0 0 0
1.23667 0 0 0 0
1.24333 0 0 0 0
1.25 0 0 0 0
1.25667 0 0 0 0
1.26333 0 0 0 0
1.27 0 0 0 0
1.27667 0 0 0 0
1.28333 0 0 0 0
1.29 0 0 0 0
1.29667 0 0 0 0
1.30333 0 0 0 0
1.31 0 0 0 0
1.31667 0 0 0 0
1.32333 0 0 0 0
1.33 0 0 0 0
1.33667 0 0 0 0
1.34333 0 0 0 0
1.35 0 0 0 0
1.35667 0 0 0 0
1.36333 0 0 0 0
1.37 0 0 0 0
1.37667 0 0 0 0
1.38333 0 0 0 0
1.39 0 0 0 0
1.39667 0 0 0 0
1.40333 0 0 0 0
1.41 0 0 0 0
1.41667 0 0 0 0
1.42333 0 0 0 0
1.43 0 0 0 0
1.43667 0 0 0 0
1.44333 0 0 0 0
1.45 0 0 0 0
1.45667 0 0 0 0
1.46333 0 0 0 0
1.47 0 0 0 0
1.47667 0 0 0 0
1.48333 0 0 0 0
1.49 0 0 0 0
1.49667 0 0 0 0
1.50333 0 0 0 0
1.51 0 0 0 0
1.51667 0 0 0 0
1.52333 0 0 0 0
1.53 0 0 0 0
1.53667 0 0 0 0
1.54333 0 0 0 0
1.55 0 0 0 0
1.55667 0 0 0 0
1.56333 0 0 0 0
1.57 0 0 0 0
1.57667 0 0 0 0
1.58333 0 0 0 0
1.59 0 0 0 0
1.59667 0 0 0 0
1.60333 0 0 0 0
1.61 0 0 0 0
1.61667 0 0 0 0
1.62333 0 0 0 0
1.63 0 0 0 0
1.63667 0 0 0 0
1.64333 0 0 0 0
1.65 0 0 0 0
1.65667 0 0 0 0
1.66333 0 0 0 0
1.67 0 0 0 0
1.67667 0 0 0 0
1.68333 0 0 0 0
1.69 0 0 0 0
1.69667 0 0 0 0
1.70333 0 0 0 0
1.71 0 0 0 0
1.71667 0 0 0 0
1.72333 0 0 0 0
1.73 0 0 0 0
1.73667 0 0 0 0
1.74333 0 0 0 0
1.75 0 0 0 0
1.75667 0 0 0 0
1.76333 0 0 0 0
1.77 0 0 0 0
1.77667 0 0 0 0
1.78333 0 0 0 0
1.79 0 0 0 0
1.79667 0 0 0 0
1.80333 0 0 0 0
1.81 0 0 0 0
1.81667 0 0 0 0
1.82333 0 0 0 0
1.83 0 0 0 0
1.83667 0 0 0 0
1.84333 0 0 0 0
1.85 0 0 0 0
1.85667 0 0 0 0
1.86333 0 0 0 0
1.87 0 0 0 0
1.87667 0 0 0 0
1.88333 0 0 0 0
1.89 0 0 0 0
1.89667 0 0 0 0
1.90333 0 0 0 0
1.91 0 0 0 0
1.91667 0 0 0 0
1.92333 0 0 0 0
1.93 0 0 0 0
1.93667 0 0 0 0
1.94333 0 0 0 0
1.95 0 0 0 0
1.95667 0 0 0 0
1.96333 0 0 0 0
1.97 0 0 0 0
1.97667 0 0 0 0
1.98333 0 0 0 0
1.99 0 0 0 0
1.99667 0 0 0 0
