0.00333333 10 64 26 16
0.01 21 66 37 18
0.0166667 15 78 32 19
0.0233333 20 74 29 20
0.03 13 82 31 15
0.0366667 25 116 66 23
0.0433333 37 118 69 40
0.05 28 153 83 55
0.0566667 45 186 106 56
0.0633333 71 199 110 48
0.07 65 215 114 57
0.0766667 48 207 115 70
0.0833333 55 217 136 70
0.09 60 225 123 46
0.0966667 48 226 118 59
0.103333 57 237 105 73
0.11 54 224 121 73
0.116667 63 248 130 62
0.123333 49 212 119 54
0.13 34 222 104 56
0.136667 43 202 93 34
0.143333 34 215 105 52
0.15 30 199 58 40
0.156667 37 193 81 58
0.163333 32 192 73 32
0.17 39 176 79 47
0.176667 44 163 88 50
0.183333 37 164 77 47
0.19 32 182 88 46
0.196667 38 181 79 46
0.203333 37 198 72 46
0.21 47 193 49 38
0.216667 20 152 58 44
0.223333 29 151 71 40
0.23 22 146 65 40
0.236667 20 147 56 38
0.243333 21 129 53 28
0.25 35 113 68 32
0.256667 29 118 40 25
0.263333 29 110 57 24
0.27 20 114 51 26
0.276667 21 123 42 28
0.283333 19 113 55 26
0.29 17 92 59 29
0.296667 17 83 48 27
0.303333 18 107 31 22
0.31 20 87 49 30
0.316667 26 84 45 20
0.323333 25 89 43 24
0.33 15 98 36 22
0.336667 22 68 26 27
0.343333 12 66 36 23
0.35 15 75 32 21
0.356667 15 85 32 22
0.363333 12 68 19 21
0.37 13 60 36 13
0.376667 14 81 34 23
0.383333 18 67 37 21
0.39 8 66 36 18
0.396667 13 70 31 16
0.403333 15 59 26 23
0.41 20 56 38 20
0.416667 11 56 30 14
0.423333 11 66 35 23
0.43 11 59 24 14
0.436667 9 48 19 19
0.443333 18 75 43 14
0.45 16 53 24 26
0.456667 16 45 30 14
0.463333 14 74 19 22
0.47 14 56 36 17
0.476667 15 45 23 18
0.483333 10 30 21 10
0.49 13 44 13 16
0.496667 6 42 25 4
0.503333 8 36 25 11
0.51 11 35 25 10
0.516667 13 49 19 16
0.523333 5 29 18 7
0.53 10 39 14 10
0.536667 15 32 21 7
0.543333 10 35 20 20
0.55 9 41 14 10
0.556667 7 30 20 7
0.563333 11 30 15 11
0.57 8 36 17 11
0.576667 9 29 16 12
0.583333 7 30 12 15
0.59 2 24 16 6
0.596667 4 27 10 5
0.603333 4 38 14 7
0.61 4 30 14 6
0.616667 8 16 10 12
0.623333 8 24 17 11
0.63 10 29 10 8
0.636667 9 31 19 9
0.643333 3 33 8 11
0.65 2 23 13 11
0.656667 6 21 12 13
0.663333 250 1811 571 433
0.67 0 0 0 0
0.676667 0 0 0 0
0.683333 0 0 0 0
0.69 0 0 0 0
0.696667 0 0 0 0
0.703333 0 0 0 0
0.71 0 0 0 0
0.716667 0 0 0 0
0.723333 0 0 0 0
0.73 0 0 0 0
0.736667 0 0 0 0
0.743333 0 0 0 0
0.75 0 0 0 0
0.756667 0 0 0 0
0.763333 0 0 0 0
0.77 0 0 0 0
0.776667 0 0 0 0
0.783333 0 0 0 0
0.79 0 0 0 0
0.796667 0 0 0 0
0.803333 0 0 0 0
0.81 0 0 0 0
0.816667 0 0 0 0
0.823333 0 0 0 0
0.83 0 0 0 0
0.836667 0 0 0 0
0.843333 0 0 0 0
0.85 0 0 0 0
0.856667 0 0 0 0
0.863333 0 0 0 0
0.87 0 0 0 0
0.876667 0 0 0 0
0.883333 0 0 0 0
0.89 0 0 0 0
0.896667 0 0 0 0
0.903333 0 0 0 0
0.91 0 0 0 0
0.916667 0 0 0 0
0.923333 0 0 0 0
0.93 0 0 0 0
0.936667 0 0 0 0
0.943333 0 0 0 0
0.95 0 0 0 0
0.956667 0 0 0 0
0.963333 0 0 0 0
0.97 0 0 0 0
0.976667 0 0 0 0
0.983333 0 0 0 0
0.99 0 0 0 0
0.996667 0 0 0 0
1.00333 0 0 0 0
1.01 0 0 0 0
1.01667 0 0 0 0
1.02333 0 0 0 0
1.03 0 0 0 0
1.03667 0 0 0 0
1.04333 0 0 0 0
1.05 0 0 0 0
1.05667 0 0 0 0
1.06333 0 0 0 0
1.07 0 0 0 0
1.07667 0 0 0 0
1.08333 0 0 0 0
1.09 0 0 0 0
1.09667 0 0 0 0
1.10333 0 0 0 0
1.11 0 0 0 0
1.11667 0 0 0 0
1.12333 0 0 0 0
1.13 0 0 0 0
1.13667 0 0 0 0
1.14333 0 0 0 0
1.15 0 0 0 0
1.15667 0 0 0 0
1.16333 0 0 0 0
1.17 0 0 0 0
1.17667 0 0 0 0
1.18333 0 0 0 0
1.19 0 0 0 0
1.19667 0 0 0 0
1.20333 0 0 0 0
1.21 0 0 0 0
1.21667 0 0 0 0
1.22333 0 0 0 0
1.23 0 0 0 0
1.23667 0 0 0 0
1.24333 0 0 0 0
1.25 0 0 0 0
1.25667 0 0 0 0
1.26333 0 0 0 0
1.27 0 0 0 0
1.27667 0 0 0 0
1.28333 0 0 0 0
1.29 0 0 0 0
1.29667 0 0 0 0
1.30333 0 0 0 0
1.31 0 0 0 0
1.31667 0 0 0 0
1.32333 0 0 0 0
1.33 0 0 0 0
1.33667 0 0 0 0
1.34333 0 0 0 0
1.35 0 0 0 0
1.35667 0 0 0 0
1.36333 0 0 0 0
1.37 0 0 0 0
1.37667 0 0 0 0
1.38333 0 0 0 0
1.39 0 0 0 0
1.39667 0 0 0 0
1.40333 0 0 0 0
1.41 0 0 0 0
1.41667 0 0 0 0
1.42333 0 0 0 0
1.43 0 0 0 0
1.43667 0 0 0 0
1.44333 0 0 0 0
1.45 0 0 0 0
1.45667 0 0 0 0
1.46333 0 0 0 0
1.47 0 0 0 0
1.47667 0 0 0 0
1.48333 0 0 0 0
1.49 0 0 0 0
1.49667 0 0 0 0
1.50333 0 0 0 0
1.51 0 0 0 0
1.51667 0 0 0 0
1.52333 0 0 0 0
1.53 0 0 0 0
1.53667 0 0 0 0
1.54333 0 0 0 0
1.55 0 0 0 0
1.55667 0 0 0 0
1.56333 0 0 0 0
1.57 0 0 0 0
1.57667 0 0 0 0
1.58333 0 0 0 0
1.59 0 0 0 0
1.59667 0 0 0 0
1.60333 0 0 0 0
1.61 0 0 0 0
1.61667 0 0 0 0
1.62333 0 0 0 0
1.63 0 0 0 0
1.63667 0 0 0 0
1.64333 0 0 0 0
1.65 0 0 0 0
1.65667 0 0 0 0
1.66333 0 0 0 0
1.67 0 0 0 0
1.67667 0 0 0 0
1.68333 0 0 0 0
1.69 0 0 0 0
1.69667 0 0 0 0
1.70333 0 0 0 0
1.71 0 0 0 0
1.71667 0 0 0 0
1.72333 0 0 0 0
1.73 0 0 0 0
1.73667 0 0 0 0
1.74333 0 0 0 0
1.75 0 0 0 0
1.75667 0 0 0 0
1.76333 0 0 0 0
1.77 0 0 0 0
1.77667 0 0 0 0
1.78333 0 0 0 0
1.79 0 0 0 0
1.79667 0 0 0 0
1.80333 0 0 0 0
1.81 0 0 0 0
1.81667 0 0 0 0
1.82333 0 0 0 0
1.83 0 0 0 0
1.83667 0 0 0 0
1.84333 0 0 0 0
1.85 0 0 0 0
1.85667 0 0 0 0
1.86333 0 0 0 0
1.87 0 0 0 0
1.87667 0 0 0 0
1.88333 0 0 0 0
1.89 0 0 0 0
1.89667 0 0 0 0
1.90333 0 0 0 0
1.91 0 0 0 0
1.91667 0 0 0 0
1.92333 0 0 0 0
1.93 0 0 0 0
1.93667 0 0 0 0
1.94333 0 0 0 0
1.95 0 0 0 0
1.95667 0 0 0 0
1.96333 0 0 0 0
1.97 0 0 0 0
1.97667 0 0 0 0
1.98333 0 0 0 0
1.99 0 0 0 0
1.99667 0 0 0 0
