0.00333333 13 159 9 3
0.01 26 144 15 10
0.0166667 29 155 9 13
0.0233333 27 188 12 10
0.03 33 200 15 3
0.0366667 33 205 13 10
0.0433333 53 221 25 8
0.05 70 253 32 14
0.0566667 85 349 39 31
0.0633333 95 348 29 18
0.07 91 368 50 23
0.0766667 107 392 33 24
0.0833333 118 438 37 25
0.09 110 456 29 20
0.0966667 78 418 31 20
0.103333 100 460 33 26
0.11 111 462 39 16
0.116667 87 474 29 23
0.123333 83 439 31 37
0.13 75 486 34 26
0.136667 85 483 27 18
0.143333 68 418 25 26
0.15 70 443 21 25
0.156667 49 428 17 23
0.163333 59 448 33 22
0.17 60 415 18 13
0.176667 66 421 20 19
0.183333 50 458 23 22
0.19 66 592 20 20
0.196667 55 567 18 24
0.203333 50 505 25 21
0.21 57 481 26 20
0.216667 49 436 14 26
0.223333 49 447 15 18
0.23 53 421 17 14
0.236667 46 374 14 18
0.243333 51 349 12 17
0.25 48 348 16 16
0.256667 38 302 18 18
0.263333 48 255 15 18
0.27 29 261 16 12
0.276667 47 268 11 16
0.283333 37 274 9 20
0.29 44 274 10 12
0.296667 29 236 13 14
0.303333 37 196 16 14
0.31 31 247 17 11
0.316667 26 244 10 16
0.323333 37 211 8 9
0.33 36 186 9 18
0.336667 28 182 9 9
0.343333 33 189 14 9
0.35 32 177 11 12
0.356667 18 174 15 11
0.363333 25 186 7 8
0.37 35 179 12 13
0.376667 30 205 16 8
0.383333 23 178 6 13
0.39 21 176 13 9
0.396667 26 167 8 8
0.403333 25 163 5 6
0.41 43 134 7 11
0.416667 33 158 4 20
0.423333 24 188 13 8
0.43 15 162 11 6
0.436667 20 170 8 14
0.443333 29 161 12 10
0.45 28 185 7 8
0.456667 17 160 9 12
0.463333 24 165 6 7
0.47 22 179 5 10
0.476667 21 146 9 8
0.483333 23 97 7 8
0.49 20 90 2 7
0.496667 18 90 4 7
0.503333 13 76 7 10
0.51 24 85 9 12
0.516667 26 83 4 3
0.523333 9 74 7 7
0.53 21 68 8 4
0.536667 16 54 7 8
0.543333 11 60 5 8
0.55 11 76 3 1
0.556667 8 61 6 5
0.563333 11 73 3 6
0.57 15 62 6 6
0.576667 8 49 5 6
0.583333 12 60 5 1
0.59 12 61 6 8
0.596667 11 60 10 6
0.603333 8 66 3 6
0.61 10 70 7 2
0.616667 8 51 5 6
0.623333 11 50 2 6
0.63 13 53 5 5
0.636667 10 66 5 2
0.643333 9 32 3 2
0.65 14 53 8 5
0.656667 10 55 4 2
0.663333 434 7695 117 280
0.67 0 0 0 0
0.676667 0 0 0 0
0.683333 0 0 0 0
0.69 0 0 0 0
0.696667 0 0 0 0
0.703333 0 0 0 0
0.71 0 0 0 0
0.716667 0 0 0 0
0.723333 0 0 0 0
0.73 0 0 0 0
0.736667 0 0 0 0
0.743333 0 0 0 0
0.75 0 0 0 0
0.756667 0 0 0 0
0.763333 0 0 0 0
0.77 0 0 0 0
0.776667 0 0 0 0
0.783333 0 0 0 0
0.79 0 0 0 0
0.796667 0 0 0 0
0.803333 0 0 0 0
0.81 0 0 0 0
0.816667 0 0 0 0
0.823333 0 0 0 0
0.83 0 0 0 0
0.836667 0 0 0 0
0.843333 0 0 0 0
0.85 0 0 0 0
0.856667 0 0 0 0
0.863333 0 0 0 0
0.87 0 0 0 0
0.876667 0 0 0 0
0.883333 0 0 0 0
0.89 0 0 0 0
0.896667 0 0 0 0
0.903333 0 0 0 0
0.91 0 0 0 0
0.916667 0 0 0 0
0.923333 0 0 0 0
0.93 0 0 0 0
0.936667 0 0 0 0
0.943333 0 0 0 0
0.95 0 0 0 0
0.956667 0 0 0 0
0.963333 0 0 0 0
0.97 0 0 0 0
0.976667 0 0 0 0
0.983333 0 0 0 0
0.99 0 0 0 0
0.996667 0 0 0 0
1.00333 0 0 0 0
1.01 0 0 0 0
1.01667 0 0 0 0
1.02333 0 0 0 0
1.03 0 0 0 0
1.03667 0 0 0 0
1.04333 0 0 0 0
1.05 0 0 0 0
1.05667 0 0 0 0
1.06333 0 0 0 0
1.07 0 0 0 0
1.07667 0 0 0 0
1.08333 0 0 0 0
1.09 0 0 0 0
1.09667 0 0 0 0
1.10333 0 0 0 0
1.11 0 0 0 0
1.11667 0 0 0 0
1.12333 0 0 0 0
1.13 0 0 0 0
1.13667 0 0 0 0
1.14333 0 0 0 0
1.15 0 0 0 0
1.15667 0 0 0 0
1.16333 0 0 0 0
1.17 0 0 0 0
1.17667 0 0 0 0
1.18333 0 0 0 0
1.19 0 0 0 0
1.19667 0 0 0 0
1.20333 0 0 0 0
1.21 0 0 0 0
1.21667 0 0 0 0
1.22333 0 0 0 0
1.23 0 0 0 0
1.23667 0 0 0 0
1.24333 0 0 0 0
1.25 0 0 0 0
1.25667 0 0 0 0
1.26333 0 0 0 0
1.27 0 0 0 0
1.27667 0 0 0 0
1.28333 0 0 0 0
1.29 0 0 0 0
1.29667 0 0 0 0
1.30333 0 0 0 0
1.31 0 0 0 0
1.31667 0 0 0 0
1.32333 0 0 0 0
1.33 0 0 0 0
1.33667 0 0 0 0
1.34333 0 0 0 0
1.35 0 0 0 0
1.35667 0 0 0 0
1.36333 0 0 0 0
1.37 0 0 0 0
1.37667 0 0 0 0
1.38333 0 0 0 0
1.39 0 0 0 0
1.39667 0 0 0 0
1.40333 0 0 0 0
1.41 0 0 0 0
1.41667 0 0 0 0
1.42333 0 0 0 0
1.43 0 0 0 0
1.43667 0 0 0 0
1.44333 0 0 0 0
1.45 0 0 0 0
1.45667 0 0 0 0
1.46333 0 0 0 0
1.47 0 0 0 0
1.47667 0 0 0 0
1.48333 0 0 0 0
1.49 0 0 0 0
1.49667 0 0 0 0
1.50333 0 0 0 0
1.51 0 0 0 0
1.51667 0 0 0 0
1.52333 0 0 0 0
1.53 0 0 0 0
1.53667 0 0 0 0
1.54333 0 0 0 0
1.55 0 0 0 0
1.55667 0 0 0 0
1.56333 0 0 0 0
1.57 0 0 0 0
1.57667 0 0 0 0
1.58333 0 0 0 0
1.59 0 0 0 0
1.59667 0 0 0 0
1.60333 0 0 0 0
1.61 0 0 0 0
1.61667 0 0 0 0
1.62333 0 0 0 0
1.63 0 0 0 0
1.63667 0 0 0 0
1.64333 0 0 0 0
1.65 0 0 0 0
1.65667 0 0 0 0
1.66333 0 0 0 0
1.67 0 0 0 0
1.67667 0 0 0 0
1.68333 0 0 0 0
1.69 0 0 0 0
1.69667 0 0 0 0
1.70333 0 0 0 0
1.71 0 0 0 0
1.71667 0 0 0 0
1.72333 0 0 0 0
1.73 0 0 0 0
1.73667 0 0 0 0
1.74333 0 0 0 0
1.75 0 0 0 0
1.75667 0 0 0 0
1.76333 0 0 0 0
1.77 0 0 0 0
1.77667 0 0 0 0
1.78333 0 0 0 0
1.79 0 0 0 0
1.79667 0 0 0 0
1.80333 0 0 0 0
1.81 0 0 0 0
1.81667 0 0 0 0
1.82333 0 0 0 0
1.83 0 0 0 0
1.83667 0 0 0 0
1.84333 0 0 0 0
1.85 0 0 0 0
1.85667 0 0 0 0
1.86333 0 0 0 0
1.87 0 0 0 0
1.87667 0 0 0 0
1.88333 0 0 0 0
1.89 0 0 0 0
1.89667 0 0 0 0
1.90333 0 0 0 0
1.91 0 0 0 0
1.91667 0 0 0 0
1.92333 0 0 0 0
1.93 0 0 0 0
1.93667 0 0 0 0
1.94333 0 0 0 0
1.95 0 0 0 0
1.95667 0 0 0 0
1.96333 0 0 0 0
1.97 0 0 0 0
1.97667 0 0 0 0
1.98333 0 0 0 0
1.99 0 0 0 0
1.99667 0 0 0 0
