0.00333333 37 36 2 2
0.01 45 36 5 1
0.0166667 83 47 4 3
0.0233333 68 45 1 1
0.03 58 60 3 2
0.0366667 87 68 4 3
0.0433333 114 85 9 3
0.05 170 115 14 2
0.0566667 178 133 15 3
0.0633333 196 144 21 2
0.07 227 147 14 10
0.0766667 212 152 13 6
0.0833333 212 178 14 6
0.09 242 156 16 2
0.0966667 206 159 11 3
0.103333 201 168 9 6
0.11 194 166 15 9
0.116667 200 150 12 4
0.123333 209 151 10 7
0.13 192 161 10 4
0.136667 201 145 13 0
0.143333 169 156 7 3
0.15 158 141 15 4
0.156667 173 135 17 7
0.163333 149 119 10 6
0.17 186 114 11 5
0.176667 139 138 8 7
0.183333 171 112 16 7
0.19 152 141 14 4
0.196667 139 107 10 8
0.203333 126 97 10 1
0.21 149 119 12 3
0.216667 140 126 10 1
0.223333 133 103 7 3
0.23 108 73 7 6
0.236667 122 93 9 9
0.243333 121 94 4 6
0.25 108 77 8 4
0.256667 91 82 10 6
0.263333 105 65 9 1
0.27 88 71 12 2
0.276667 105 82 3 10
0.283333 86 66 7 5
0.29 88 67 6 3
0.296667 82 70 7 1
0.303333 75 75 8 2
0.31 92 58 10 2
0.316667 78 67 6 1
0.323333 78 65 10 5
0.33 64 63 5 4
0.336667 89 66 7 2
0.343333 58 52 3 0
0.35 74 50 6 1
0.356667 60 44 3 3
0.363333 58 49 5 2
0.37 68 39 7 6
0.376667 53 48 11 3
0.383333 65 49 4 2
0.39 62 48 1 3
0.396667 69 43 3 4
0.403333 61 49 6 2
0.41 59 46 11 5
0.416667 46 40 3 2
0.423333 58 30 4 2
0.43 59 45 4 3
0.436667 62 48 6 1
0.443333 60 51 4 3
0.45 57 40 2 2
0.456667 48 44 9 3
0.463333 47 39 1 0
0.47 54 52 4 3
0.476667 48 26 1 1
0.483333 38 30 6 3
0.49 37 33 3 3
0.496667 30 21 3 2
0.503333 27 21 4 2
0.51 31 31 2 0
0.516667 31 19 1 2
0.523333 33 27 3 1
0.53 34 25 3 2
0.536667 24 23 1 2
0.543333 29 25 5 1
0.55 30 19 1 2
0.556667 27 23 3 3
0.563333 30 23 4 1
0.57 31 19 5 1
0.576667 25 19 5 1
0.583333 30 17 9 0
0.59 25 22 2 3
0.596667 20 19 2 2
0.603333 26 17 3 0
0.61 16 17 2 0
0.616667 26 25 2 3
0.623333 34 19 2 1
0.63 27 17 5 0
0.636667 29 26 2 2
0.643333 29 20 3 3
0.65 21 19 1 3
0.656667 19 17 0 2
0.663333 1431 1168 48 34
0.67 0 0 0 0
0.676667 0 0 0 0
0.683333 0 0 0 0
0.69 0 0 0 0
0.696667 0 0 0 0
0.703333 0 0 0 0
0.71 0 0 0 0
0.716667 0 0 0 0
0.723333 0 0 0 0
0.73 0 0 0 0
0.736667 0 0 0 0
0.743333 0 0 0 0
0.75 0 0 0 0
0.756667 0 0 0 0
0.763333 0 0 0 0
0.77 0 0 0 0
0.776667 0 0 0 0
0.783333 0 0 0 0
0.79 0 0 0 0
0.796667 0 0 0 0
0.803333 0 0 0 0
0.81 0 0 0 0
0.816667 0 0 0 0
0.823333 0 0 0 0
0.83 0 0 0 0
0.836667 0 0 0 0
0.843333 0 0 0 0
0.85 0 0 0 0
0.856667 0 0 0 0
0.863333 0 0 0 0
0.87 0 0 0 0
0.876667 0 0 0 0
0.883333 0 0 0 0
0.89 0 0 0 0
0.896667 0 0 0 0
0.903333 0 0 0 0
0.91 0 0 0 0
0.916667 0 0 0 0
0.923333 0 0 0 0
0.93 0 0 0 0
0.936667 0 0 0 0
0.943333 0 0 0 0
0.95 0 0 0 0
0.956667 0 0 0 0
0.963333 0 0 0 0
0.97 0 0 0 0
0.976667 0 0 0 0
0.983333 0 0 0 0
0.99 0 0 0 0
0.996667 0 0 0 0
1.00333 0 0 0 0
1.01 0 0 0 0
1.01667 0 0 0 0
1.02333 0 0 0 0
1.03 0 0 0 0
1.03667 0 0 0 0
1.04333 0 0 0 0
1.05 0 0 0 0
1.05667 0 0 0 0
1.06333 0 0 0 0
1.07 0 0 0 0
1.07667 0 0 0 0
1.08333 0 0 0 0
1.09 0 0 0 0
1.09667 0 0 0 0
1.10333 0 0 0 0
1.11 0 0 0 0
1.11667 0 0 0 0
1.12333 0 0 0 0
1.13 0 0 0 0
1.13667 0 0 0 0
1.14333 0 0 0 0
1.15 0 0 0 0
1.15667 0 0 0 0
1.16333 0 0 0 0
1.17 0 0 0 0
1.17667 0 0 0 0
1.18333 0 0 0 0
1.19 0 0 0 0
1.19667 0 0 0 0
1.20333 0 0 0 0
1.21 0 0 0 0
1.21667 0 0 0 0
1.22333 0 0 0 0
1.23 0 0 0 0
1.23667 0 0 0 0
1.24333 0 0 0 0
1.25 0 0 0 0
1.25667 0 0 0 0
1.26333 0 0 0 0
1.27 0 0 0 0
1.27667 0 0 0 0
1.28333 0 0 0 0
1.29 0 0 0 0
1.29667 0 0 0 0
1.30333 0 0 0 0
1.31 0 0 0 0
1.31667 0 0 0 0
1.32333 0 0 0 0
1.33 0 0 0 0
1.33667 0 0 0 0
1.34333 0 0 0 0
1.35 0 0 0 0
1.35667 0 0 0 0
1.36333 0 0 0 0
1.37 0 0 0 0
1.37667 0 0 0 0
1.38333 0 0 0 0
1.39 0 0 0 0
1.39667 0 0 0 0
1.40333 0 0 0 0
1.41 0 0 0 0
1.41667 0 0 0 0
1.42333 0 0 0 0
1.43 0 0 0 0
1.43667 0 0 0 0
1.44333 0 0 0 0
1.45 0 0 0 0
1.45667 0 0 0 0
1.46333 0 0 0 0
1.47 0 0 0 0
1.47667 0 0 0 0
1.48333 0 0 0 0
1.49 0 0 0 0
1.49667 0 0 0 0
1.50333 0 0 0 0
1.51 0 0 0 0
1.51667 0 0 0 0
1.52333 0 0 0 0
1.53 0 0 0 0
1.53667 0 0 0 0
1.54333 0 0 0 0
1.55 0 0 0 0
1.55667 0 0 0 0
1.56333 0 0 0 0
1.57 0 0 0 0
1.57667 0 0 0 0
1.58333 0 0 0 0
1.59 0 0 0 0
1.59667 0 0 0 0
1.60333 0 0 0 0
1.61 0 0 0 0
1.61667 0 0 0 0
1.62333 0 0 0 0
1.63 0 0 0 0
1.63667 0 0 0 0
1.64333 0 0 0 0
1.65 0 0 0 0
1.65667 0 0 0 0
1.66333 0 0 0 0
1.67 0 0 0 0
1.67667 0 0 0 0
1.68333 0 0 0 0
1.69 0 0 0 0
1.69667 0 0 0 0
1.70333 0 0 0 0
1.71 0 0 0 0
1.71667 0 0 0 0
1.72333 0 0 0 0
1.73 0 0 0 0
1.73667 0 0 0 0
1.74333 0 0 0 0
1.75 0 0 0 0
1.75667 0 0 0 0
1.76333 0 0 0 0
1.77 0 0 0 0
1.77667 0 0 0 0
1.78333 0 0 0 0
1.79 0 0 0 0
1.79667 0 0 0 0
1.80333 0 0 0 0
1.81 0 0 0 0
1.81667 0 0 0 0
1.82333 0 0 0 0
1.83 0 0 0 0
1.83667 0 0 0 0
1.84333 0 0 0 0
1.85 0 0 0 0
1.85667 0 0 0 0
1.86333 0 0 0 0
1.87 0 0 0 0
1.87667 0 0 0 0
1.88333 0 0 0 0
1.89 0 0 0 0
1.89667 0 0 0 0
1.90333 0 0 0 0
1.91 0 0 0 0
1.91667 0 0 0 0
1.92333 0 0 0 0
1.93 0 0 0 0
1.93667 0 0 0 0
1.94333 0 0 0 0
1.95 0 0 0 0
1.95667 0 0 0 0
1.96333 0 0 0 0
1.97 0 0 0 0
1.97667 0 0 0 0
1.98333 0 0 0 0
1.99 0 0 0 0
1.99667 0 0 0 0
