0.00333333 136 6 8 2
0.01 120 16 6 1
0.0166667 148 16 5 1
0.0233333 150 21 8 1
0.03 138 23 7 0
0.0366667 170 17 6 3
0.0433333 196 38 14 2
0.05 217 48 10 1
0.0566667 235 52 18 1
0.0633333 296 63 14 4
0.07 300 84 12 7
0.0766667 311 63 25 7
0.0833333 328 68 19 2
0.09 365 53 15 5
0.0966667 331 52 17 4
0.103333 334 63 14 2
0.11 368 67 17 4
0.116667 375 78 18 3
0.123333 390 59 19 4
0.13 375 54 18 3
0.136667 358 46 14 3
0.143333 364 59 21 1
0.15 374 44 21 4
0.156667 331 45 13 2
0.163333 353 46 20 3
0.17 309 53 17 2
0.176667 353 44 11 1
0.183333 339 44 26 4
0.19 462 36 25 2
0.196667 483 29 27 3
0.203333 444 41 22 1
0.21 381 36 19 2
0.216667 367 35 13 6
0.223333 348 38 13 5
0.23 342 28 17 3
0.236667 282 32 7 2
0.243333 305 46 15 3
0.25 294 30 17 3
0.256667 279 36 15 1
0.263333 231 36 13 1
0.27 253 23 11 1
0.276667 210 42 14 1
0.283333 250 33 6 1
0.29 236 21 6 1
0.296667 212 27 17 0
0.303333 196 28 8 0
0.31 191 23 17 3
0.316667 175 27 9 1
0.323333 175 21 4 2
0.33 185 29 7 0
0.336667 180 21 13 0
0.343333 171 36 9 1
0.35 166 24 12 1
0.356667 159 24 10 2
0.363333 154 22 6 1
0.37 184 24 8 3
0.376667 154 24 8 1
0.383333 139 17 7 1
0.39 155 24 13 0
0.396667 139 14 17 0
0.403333 145 22 9 1
0.41 149 17 8 1
0.416667 146 17 11 1
0.423333 127 12 10 0
0.43 135 18 8 0
0.436667 156 17 10 2
0.443333 161 20 16 0
0.45 142 24 9 1
0.456667 151 12 7 0
0.463333 157 18 12 0
0.47 171 21 12 3
0.476667 125 20 6 0
0.483333 65 17 6 2
0.49 86 16 7 3
0.496667 69 12 5 0
0.503333 52 10 2 1
0.51 81 18 6 1
0.516667 68 14 4 0
0.523333 52 9 3 1
0.53 59 15 5 0
0.536667 68 14 6 0
0.543333 56 6 2 1
0.55 57 8 5 1
0.556667 56 10 5 1
0.563333 51 13 6 0
0.57 66 7 6 0
0.576667 41 11 7 1
0.583333 57 13 6 2
0.59 44 7 5 0
0.596667 47 7 6 1
0.603333 44 13 4 0
0.61 46 10 6 1
0.616667 51 7 6 2
0.623333 61 10 5 0
0.63 50 7 1 1
0.636667 63 4 6 2
0.643333 46 8 6 1
0.65 41 9 8 1
0.656667 43 3 2 0
0.663333 6718 298 268 16
0.67 0 0 0 0
0.676667 0 0 0 0
0.683333 0 0 0 0
0.69 0 0 0 0
0.696667 0 0 0 0
0.703333 0 0 0 0
0.71 0 0 0 0
0.716667 0 0 0 0
0.723333 0 0 0 0
0.73 0 0 0 0
0.736667 0 0 0 0
0.743333 0 0 0 0
0.75 0 0 0 0
0.756667 0 0 0 0
0.763333 0 0 0 0
0.77 0 0 0 0
0.776667 0 0 0 0
0.783333 0 0 0 0
0.79 0 0 0 0
0.796667 0 0 0 0
0.803333 0 0 0 0
0.81 0 0 0 0
0.816667 0 0 0 0
0.823333 0 0 0 0
0.83 0 0 0 0
0.836667 0 0 0 0
0.843333 0 0 0 0
0.85 0 0 0 0
0.856667 0 0 0 0
0.863333 0 0 0 0
0.87 0 0 0 0
0.876667 0 0 0 0
0.883333 0 0 0 0
0.89 0 0 0 0
0.896667 0 0 0 0
0.903333 0 0 0 0
0.91 0 0 0 0
0.916667 0 0 0 0
0.923333 0 0 0 0
0.93 0 0 0 0
0.936667 0 0 0 0
0.943333 0 0 0 0
0.95 0 0 0 0
0.956667 0 0 0 0
0.963333 0 0 0 0
0.97 0 0 0 0
0.976667 0 0 0 0
0.983333 0 0 0 0
0.99 0 0 0 0
0.996667 0 0 0 0
1.00333 0 0 0 0
1.01 0 0 0 0
1.01667 0 0 0 0
1.02333 0 0 0 0
1.03 0 0 0 0
1.03667 0 0 0 0
1.04333 0 0 0 0
1.05 0 0 0 0
1.05667 0 0 0 0
1.06333 0 0 0 0
1.07 0 0 0 0
1.07667 0 0 0 0
1.08333 0 0 0 0
1.09 0 0 0 0
1.09667 0 0 0 0
1.10333 0 0 0 0
1.11 0 0 0 0
1.11667 0 0 0 0
1.12333 0 0 0 0
1.13 0 0 0 0
1.13667 0 0 0 0
1.14333 0 0 0 0
1.15 0 0 0 0
1.15667 0 0 0 0
1.16333 0 0 0 0
1.17 0 0 0 0
1.17667 0 0 0 0
1.18333 0 0 0 0
1.19 0 0 0 0
1.19667 0 0 0 0
1.20333 0 0 0 0
1.21 0 0 0 0
1.21667 0 0 0 0
1.22333 0 0 0 0
1.23 0 0 0 0
1.23667 0 0 0 0
1.24333 0 0 0 0
1.25 0 0 0 0
1.25667 0 0 0 0
1.26333 0 0 0 0
1.27 0 0 0 0
1.27667 0 0 0 0
1.28333 0 0 0 0
1.29 0 0 0 0
1.29667 0 0 0 0
1.30333 0 0 0 0
1.31 0 0 0 0
1.31667 0 0 0 0
1.32333 0 0 0 0
1.33 0 0 0 0
1.33667 0 0 0 0
1.34333 0 0 0 0
1.35 0 0 0 0
1.35667 0 0 0 0
1.36333 0 0 0 0
1.37 0 0 0 0
1.37667 0 0 0 0
1.38333 0 0 0 0
1.39 0 0 0 0
1.39667 0 0 0 0
1.40333 0 0 0 0
1.41 0 0 0 0
1.41667 0 0 0 0
1.42333 0 0 0 0
1.43 0 0 0 0
1.43667 0 0 0 0
1.44333 0 0 0 0
1.45 0 0 0 0
1.45667 0 0 0 0
1.46333 0 0 0 0
1.47 0 0 0 0
1.47667 0 0 0 0
1.48333 0 0 0 0
1.49 0 0 0 0
1.49667 0 0 0 0
1.50333 0 0 0 0
1.51 0 0 0 0
1.51667 0 0 0 0
1.52333 0 0 0 0
1.53 0 0 0 0
1.53667 0 0 0 0
1.54333 0 0 0 0
1.55 0 0 0 0
1.55667 0 0 0 0
1.56333 0 0 0 0
1.57 0 0 0 0
1.57667 0 0 0 0
1.58333 0 0 0 0
1.59 0 0 0 0
1.59667 0 0 0 0
1.60333 0 0 0 0
1.61 0 0 0 0
1.61667 0 0 0 0
1.62333 0 0 0 0
1.63 0 0 0 0
1.63667 0 0 0 0
1.64333 0 0 0 0
1.65 0 0 0 0
1.65667 0 0 0 0
1.66333 0 0 0 0
1.67 0 0 0 0
1.67667 0 0 0 0
1.68333 0 0 0 0
1.69 0 0 0 0
1.69667 0 0 0 0
1.70333 0 0 0 0
1.71 0 0 0 0
1.71667 0 0 0 0
1.72333 0 0 0 0
1.73 0 0 0 0
1.73667 0 0 0 0
1.74333 0 0 0 0
1.75 0 0 0 0
1.75667 0 0 0 0
1.76333 0 0 0 0
1.77 0 0 0 0
1.77667 0 0 0 0
1.78333 0 0 0 0
1.79 0 0 0 0
1.79667 0 0 0 0
1.80333 0 0 0 0
1.81 0 0 0 0
1.81667 0 0 0 0
1.82333 0 0 0 0
1.83 0 0 0 0
1.83667 0 0 0 0
1.84333 0 0 0 0
1.85 0 0 0 0
1.85667 0 0 0 0
1.86333 0 0 0 0
1.87 0 0 0 0
1.87667 0 0 0 0
1.88333 0 0 0 0
1.89 0 0 0 0
1.89667 0 0 0 0
1.90333 0 0 0 0
1.91 0 0 0 0
1.91667 0 0 0 0
1.92333 0 0 0 0
1.93 0 0 0 0
1.93667 0 0 0 0
1.94333 0 0 0 0
1.95 0 0 0 0
1.95667 0 0 0 0
1.96333 0 0 0 0
1.97 0 0 0 0
1.97667 0 0 0 0
1.98333 0 0 0 0
1.99 0 0 0 0
1.99667 0 0 0 0
