0.00333333 0 4 11 135
0.01 0 9 12 138
0.0166667 1 11 11 150
0.0233333 3 18 11 155
0.03 3 9 9 147
0.0366667 0 8 14 170
0.0433333 1 10 17 172
0.05 3 15 10 179
0.0566667 0 21 27 218
0.0633333 0 17 38 230
0.07 2 18 32 202
0.0766667 2 21 38 214
0.0833333 3 9 24 253
0.09 0 15 38 236
0.0966667 1 15 28 238
0.103333 1 15 26 214
0.11 5 18 30 252
0.116667 3 22 23 256
0.123333 2 14 25 268
0.13 3 27 23 283
0.136667 3 18 21 280
0.143333 0 17 33 268
0.15 0 12 32 275
0.156667 1 19 25 246
0.163333 2 20 27 266
0.17 1 14 21 264
0.176667 1 15 24 236
0.183333 0 21 27 306
0.19 2 23 16 384
0.196667 4 20 18 466
0.203333 2 25 19 422
0.21 2 15 18 394
0.216667 1 19 12 347
0.223333 1 22 17 343
0.23 0 27 16 336
0.236667 1 15 11 307
0.243333 2 21 12 307
0.25 2 15 19 261
0.256667 1 15 21 236
0.263333 2 27 24 239
0.27 0 11 18 222
0.276667 2 16 18 206
0.283333 0 22 11 207
0.29 1 21 16 207
0.296667 1 17 11 201
0.303333 1 21 16 176
0.31 2 13 17 184
0.316667 0 15 9 180
0.323333 0 17 23 185
0.33 1 13 9 162
0.336667 1 10 11 177
0.343333 0 22 18 191
0.35 0 12 16 178
0.356667 2 18 18 171
0.363333 1 11 16 159
0.37 1 16 8 155
0.376667 1 12 13 171
0.383333 2 19 17 171
0.39 1 12 15 160
0.396667 0 13 12 160
0.403333 0 12 10 160
0.41 1 18 7 170
0.416667 2 18 3 178
0.423333 2 10 12 157
0.43 3 20 12 144
0.436667 1 14 14 148
0.443333 0 20 15 162
0.45 1 19 16 174
0.456667 0 16 9 168
0.463333 0 18 19 166
0.47 1 26 9 143
0.476667 0 10 15 132
0.483333 0 9 4 63
0.49 0 6 16 50
0.496667 1 7 8 42
0.503333 2 6 9 47
0.51 0 7 8 43
0.516667 1 7 7 43
0.523333 2 4 7 36
0.53 0 9 6 37
0.536667 3 4 6 44
0.543333 0 6 5 36
0.55 0 6 9 31
0.556667 0 4 5 36
0.563333 1 5 6 29
0.57 0 4 11 29
0.576667 1 8 8 29
0.583333 1 4 10 37
0.59 0 4 8 32
0.596667 2 5 7 24
0.603333 0 4 3 44
0.61 1 6 9 31
0.616667 0 5 5 21
0.623333 1 0 3 28
0.63 0 6 7 33
0.636667 0 1 6 43
0.643333 1 0 6 35
0.65 0 0 11 24
0.656667 0 0 5 18
0.663333 4 858 192 10875
0.67 0 0 0 0
0.676667 0 0 0 0
0.683333 0 0 0 0
0.69 0 0 0 0
0.696667 0 0 0 0
0.703333 0 0 0 0
0.71 0 0 0 0
0.716667 0 0 0 0
0.723333 0 0 0 0
0.73 0 0 0 0
0.736667 0 0 0 0
0.743333 0 0 0 0
0.75 0 0 0 0
0.756667 0 0 0 0
0.763333 0 0 0 0
0.77 0 0 0 0
0.776667 0 0 0 0
0.783333 0 0 0 0
0.79 0 0 0 0
0.796667 0 0 0 0
0.803333 0 0 0 0
0.81 0 0 0 0
0.816667 0 0 0 0
0.823333 0 0 0 0
0.83 0 0 0 0
0.836667 0 0 0 0
0.843333 0 0 0 0
0.85 0 0 0 0
0.856667 0 0 0 0
0.863333 0 0 0 0
0.87 0 0 0 0
0.876667 0 0 0 0
0.883333 0 0 0 0
0.89 0 0 0 0
0.896667 0 0 0 0
0.903333 0 0 0 0
0.91 0 0 0 0
0.916667 0 0 0 0
0.923333 0 0 0 0
0.93 0 0 0 0
0.936667 0 0 0 0
0.943333 0 0 0 0
0.95 0 0 0 0
0.956667 0 0 0 0
0.963333 0 0 0 0
0.97 0 0 0 0
0.976667 0 0 0 0
0.983333 0 0 0 0
0.99 0 0 0 0
0.996667 0 0 0 0
1.00333 0 0 0 0
1.01 0 0 0 0
1.01667 0 0 0 0
1.02333 0 0 0 0
1.03 0 0 0 0
1.03667 0 0 0 0
1.04333 0 0 0 0
1.05 0 0 0 0
1.05667 0 0 0 0
1.06333 0 0 0 0
1.07 0 0 0 0
1.07667 0 0 0 0
1.08333 0 0 0 0
1.09 0 0 0 0
1.09667 0 0 0 0
1.10333 0 0 0 0
1.11 0 0 0 0
1.11667 0 0 0 0
1.12333 0 0 0 0
1.13 0 0 0 0
1.13667 0 0 0 0
1.14333 0 0 0 0
1.15 0 0 0 0
1.15667 0 0 0 0
1.16333 0 0 0 0
1.17 0 0 0 0
1.17667 0 0 0 0
1.18333 0 0 0 0
1.19 0 0 0 0
1.19667 0 0 0 0
1.20333 0 0 0 0
1.21 0 0 0 0
1.21667 0 0 0 0
1.22333 0 0 0 0
1.23 0 0 0 0
1.23667 0 0 0 0
1.24333 0 0 0 0
1.25 0 0 0 0
1.25667 0 0 0 0
1.26333 0 0 0 0
1.27 0 0 0 0
1.27667 0 0 0 0
1.28333 0 0 0 0
1.29 0 0 0 0
1.29667 0 0 0 0
1.30333 0 0 0 0
1.31 0 0 0 0
1.31667 0 0 0 0
1.32333 0 0 0 0
1.33 0 0 0 0
1.33667 0 0 0 0
1.34333 0 0 0 0
1.35 0 0 0 0
1.35667 0 0 0 0
1.36333 0 0 0 0
1.37 0 0 0 0
1.37667 0 0 0 0
1.38333 0 0 0 0
1.39 0 0 0 0
1.39667 0 0 0 0
1.40333 0 0 0 0
1.41 0 0 0 0
1.41667 0 0 0 0
1.42333 0 0 0 0
1.43 0 0 0 0
1.43667 0 0 0 0
1.44333 0 0 0 0
1.45 0 0 0 0
1.45667 0 0 0 0
1.46333 0 0 0 0
1.47 0 0 0 0
1.47667 0 0 0 0
1.48333 0 0 0 0
1.49 0 0 0 0
1.49667 0 0 0 0
1.50333 0 0 0 0
1.51 0 0 0 0
1.51667 0 0 0 0
1.52333 0 0 0 0
1.53 0 0 0 0
1.53667 0 0 0 0
1.54333 0 0 0 0
1.55 0 0 0 0
1.55667 0 0 0 0
1.56333 0 0 0 0
1.57 0 0 0 0
1.57667 0 0 0 0
1.58333 0 0 0 0
1.59 0 0 0 0
1.59667 0 0 0 0
1.60333 0 0 0 0
1.61 0 0 0 0
1.61667 0 0 0 0
1.62333 0 0 0 0
1.63 0 0 0 0
1.63667 0 0 0 0
1.64333 0 0 0 0
1.65 0 0 0 0
1.65667 0 0 0 0
1.66333 0 0 0 0
1.67 0 0 0 0
1.67667 0 0 0 0
1.68333 0 0 0 0
1.69 0 0 0 0
1.69667 0 0 0 0
1.70333 0 0 0 0
1.71 0 0 0 0
1.71667 0 0 0 0
1.72333 0 0 0 0
1.73 0 0 0 0
1.73667 0 0 0 0
1.74333 0 0 0 0
1.75 0 0 0 0
1.75667 0 0 0 0
1.76333 0 0 0 0
1.77 0 0 0 0
1.77667 0 0 0 0
1.78333 0 0 0 0
1.79 0 0 0 0
1.79667 0 0 0 0
1.80333 0 0 0 0
1.81 0 0 0 0
1.81667 0 0 0 0
1.82333 0 0 0 0
1.83 0 0 0 0
1.83667 0 0 0 0
1.84333 0 0 0 0
1.85 0 0 0 0
1.85667 0 0 0 0
1.86333 0 0 0 0
1.87 0 0 0 0
1.87667 0 0 0 0
1.88333 0 0 0 0
1.89 0 0 0 0
1.89667 0 0 0 0
1.90333 0 0 0 0
1.91 0 0 0 0
1.91667 0 0 0 0
1.92333 0 0 0 0
1.93 0 0 0 0
1.93667 0 0 0 0
1.94333 0 0 0 0
1.95 0 0 0 0
1.95667 0 0 0 0
1.96333 0 0 0 0
1.97 0 0 0 0
1.97667 0 0 0 0
1.98333 0 0 0 0
1.99 0 0 0 0
1.99667 0 0 0 0
