0.00333333 0 2 44 29
0.01 1 8 66 39
0.0166667 0 5 57 45
0.0233333 2 4 61 38
0.03 0 7 62 46
0.0366667 1 5 58 71
0.0433333 2 9 102 77
0.05 1 12 151 97
0.0566667 2 17 178 102
0.0633333 1 13 161 104
0.07 3 14 174 130
0.0766667 2 19 191 108
0.0833333 0 17 187 139
0.09 2 14 196 132
0.0966667 4 26 188 117
0.103333 1 19 181 114
0.11 4 20 191 122
0.116667 1 12 191 139
0.123333 5 9 191 111
0.13 2 12 187 125
0.136667 0 8 175 125
0.143333 4 22 160 119
0.15 2 6 144 108
0.156667 1 8 149 93
0.163333 0 16 142 90
0.17 4 12 137 94
0.176667 4 11 137 94
0.183333 2 11 132 104
0.19 1 10 174 107
0.196667 4 13 164 96
0.203333 3 13 125 93
0.21 2 8 130 109
0.216667 1 8 109 87
0.223333 4 9 128 112
0.23 1 7 95 81
0.236667 0 8 129 82
0.243333 3 8 109 57
0.25 1 5 114 83
0.256667 1 14 118 77
0.263333 1 4 105 74
0.27 3 8 74 71
0.276667 7 7 98 73
0.283333 0 7 92 65
0.29 2 4 94 60
0.296667 0 5 88 58
0.303333 1 2 86 62
0.31 2 9 85 59
0.316667 1 6 85 56
0.323333 2 7 82 42
0.33 1 5 59 43
0.336667 2 0 77 52
0.343333 0 6 78 59
0.35 2 10 46 57
0.356667 0 9 82 44
0.363333 1 4 67 41
0.37 2 4 66 52
0.376667 0 3 68 38
0.383333 2 6 81 37
0.39 2 9 62 41
0.396667 2 4 67 46
0.403333 0 10 50 36
0.41 4 7 58 39
0.416667 1 1 57 48
0.423333 1 12 83 39
0.43 0 5 58 40
0.436667 0 5 63 24
0.443333 2 5 62 32
0.45 0 6 67 40
0.456667 0 6 51 36
0.463333 0 3 48 43
0.47 2 5 51 36
0.476667 3 5 59 35
0.483333 0 2 32 21
0.49 1 4 40 30
0.496667 0 4 33 28
0.503333 0 4 31 25
0.51 0 1 35 32
0.516667 0 5 21 16
0.523333 0 2 30 25
0.53 1 1 32 28
0.536667 1 4 43 22
0.543333 0 4 31 18
0.55 1 2 32 21
0.556667 3 1 28 25
0.563333 1 5 26 25
0.57 3 4 33 12
0.576667 1 4 26 8
0.583333 2 3 15 22
0.59 0 0 34 16
0.596667 1 4 25 13
0.603333 0 7 28 23
0.61 1 4 35 20
0.616667 0 4 24 19
0.623333 1 6 18 22
0.63 0 5 26 14
0.636667 0 4 31 25
0.643333 0 4 24 20
0.65 0 3 23 17
0.656667 1 2 18 18
0.663333 20 87 1576 941
0.67 0 0 0 0
0.676667 0 0 0 0
0.683333 0 0 0 0
0.69 0 0 0 0
0.696667 0 0 0 0
0.703333 0 0 0 0
0.71 0 0 0 0
0.716667 0 0 0 0
0.723333 0 0 0 0
0.73 0 0 0 0
0.736667 0 0 0 0
0.743333 0 0 0 0
0.75 0 0 0 0
0.756667 0 0 0 0
0.763333 0 0 0 0
0.77 0 0 0 0
0.776667 0 0 0 0
0.783333 0 0 0 0
0.79 0 0 0 0
0.796667 0 0 0 0
0.803333 0 0 0 0
0.81 0 0 0 0
0.816667 0 0 0 0
0.823333 0 0 0 0
0.83 0 0 0 0
0.836667 0 0 0 0
0.843333 0 0 0 0
0.85 0 0 0 0
0.856667 0 0 0 0
0.863333 0 0 0 0
0.87 0 0 0 0
0.876667 0 0 0 0
0.883333 0 0 0 0
0.89 0 0 0 0
0.896667 0 0 0 0
0.903333 0 0 0 0
0.91 0 0 0 0
0.916667 0 0 0 0
0.923333 0 0 0 0
0.93 0 0 0 0
0.936667 0 0 0 0
0.943333 0 0 0 0
0.95 0 0 0 0
0.956667 0 0 0 0
0.963333 0 0 0 0
0.97 0 0 0 0
0.976667 0 0 0 0
0.983333 0 0 0 0
0.99 0 0 0 0
0.996667 0 0 0 0
1.00333 0 0 0 0
1.01 0 0 0 0
1.01667 0 0 0 0
1.02333 0 0 0 0
1.03 0 0 0 0
1.03667 0 0 0 0
1.04333 0 0 0 0
1.05 0 0 0 0
1.05667 0 0 0 0
1.06333 0 0 0 0
1.07 0 0 0 0
1.07667 0 0 0 0
1.08333 0 0 0 0
1.09 0 0 0 0
1.09667 0 0 0 0
1.10333 0 0 0 0
1.11 0 0 0 0
1.11667 0 0 0 0
1.12333 0 0 0 0
1.13 0 0 0 0
1.13667 0 0 0 0
1.14333 0 0 0 0
1.15 0 0 0 0
1.15667 0 0 0 0
1.16333 0 0 0 0
1.17 0 0 0 0
1.17667 0 0 0 0
1.18333 0 0 0 0
1.19 0 0 0 0
1.19667 0 0 0 0
1.20333 0 0 0 0
1.21 0 0 0 0
1.21667 0 0 0 0
1.22333 0 0 0 0
1.23 0 0 0 0
1.23667 0 0 0 0
1.24333 0 0 0 0
1.25 0 0 0 0
1.25667 0 0 0 0
1.26333 0 0 0 0
1.27 0 0 0 0
1.27667 0 0 0 0
1.28333 0 0 0 0
1.29 0 0 0 0
1.29667 0 0 0 0
1.30333 0 0 0 0
1.31 0 0 0 0
1.31667 0 0 0 0
1.32333 0 0 0 0
1.33 0 0 0 0
1.33667 0 0 0 0
1.34333 0 0 0 0
1.35 0 0 0 0
1.35667 0 0 0 0
1.36333 0 0 0 0
1.37 0 0 0 0
1.37667 0 0 0 0
1.38333 0 0 0 0
1.39 0 0 0 0
1.39667 0 0 0 0
1.40333 0 0 0 0
1.41 0 0 0 0
1.41667 0 0 0 0
1.42333 0 0 0 0
1.43 0 0 0 0
1.43667 0 0 0 0
1.44333 0 0 0 0
1.45 0 0 0 0
1.45667 0 0 0 0
1.46333 0 0 0 0
1.47 0 0 0 0
1.47667 0 0 0 0
1.48333 0 0 0 0
1.49 0 0 0 0
1.49667 0 0 0 0
1.50333 0 0 0 0
1.51 0 0 0 0
1.51667 0 0 0 0
1.52333 0 0 0 0
1.53 0 0 0 0
1.53667 0 0 0 0
1.54333 0 0 0 0
1.55 0 0 0 0
1.55667 0 0 0 0
1.56333 0 0 0 0
1.57 0 0 0 0
1.57667 0 0 0 0
1.58333 0 0 0 0
1.59 0 0 0 0
1.59667 0 0 0 0
1.60333 0 0 0 0
1.61 0 0 0 0
1.61667 0 0 0 0
1.62333 0 0 0 0
1.63 0 0 0 0
1.63667 0 0 0 0
1.64333 0 0 0 0
1.65 0 0 0 0
1.65667 0 0 0 0
1.66333 0 0 0 0
1.67 0 0 0 0
1.67667 0 0 0 0
1.68333 0 0 0 0
1.69 0 0 0 0
1.69667 0 0 0 0
1.70333 0 0 0 0
1.71 0 0 0 0
1.71667 0 0 0 0
1.72333 0 0 0 0
1.73 0 0 0 0
1.73667 0 0 0 0
1.74333 0 0 0 0
1.75 0 0 0 0
1.75667 0 0 0 0
1.76333 0 0 0 0
1.77 0 0 0 0
1.77667 0 0 0 0
1.78333 0 0 0 0
1.79 0 0 0 0
1.79667 0 0 0 0
1.80333 0 0 0 0
1.81 0 0 0 0
1.81667 0 0 0 0
1.82333 0 0 0 0
1.83 0 0 0 0
1.83667 0 0 0 0
1.84333 0 0 0 0
1.85 0 0 0 0
1.85667 0 0 0 0
1.86333 0 0 0 0
1.87 0 0 0 0
1.87667 0 0 0 0
1.88333 0 0 0 0
1.89 0 0 0 0
1.89667 0 0 0 0
1.90333 0 0 0 0
1.91 0 0 0 0
1.91667 0 0 0 0
1.92333 0 0 0 0
1.93 0 0 0 0
1.93667 0 0 0 0
1.94333 0 0 0 0
1.95 0 0 0 0
1.95667 0 0 0 0
1.96333 0 0 0 0
1.97 0 0 0 0
1.97667 0 0 0 0
1.98333 0 0 0 0
1.99 0 0 0 0
1.99667 0 0 0 0
