0.00333333 5 7 117 32
0.01 3 18 141 37
0.0166667 2 9 125 40
0.0233333 4 17 150 42
0.03 6 22 165 49
0.0366667 1 18 177 54
0.0433333 6 20 199 67
0.05 5 22 300 76
0.0566667 7 31 326 101
0.0633333 7 28 327 132
0.07 10 39 348 121
0.0766667 4 35 352 113
0.0833333 6 41 389 136
0.09 5 31 351 119
0.0966667 5 26 371 141
0.103333 5 30 378 121
0.11 9 35 409 126
0.116667 5 43 376 121
0.123333 5 41 409 131
0.13 7 46 389 120
0.136667 6 33 402 110
0.143333 4 27 348 124
0.15 5 30 329 116
0.156667 1 34 360 103
0.163333 3 33 397 106
0.17 7 31 335 96
0.176667 6 28 339 105
0.183333 5 22 366 105
0.19 8 35 425 120
0.196667 6 33 418 95
0.203333 4 24 365 88
0.21 3 21 386 101
0.216667 6 24 350 90
0.223333 6 23 350 98
0.23 7 32 311 81
0.236667 6 25 302 111
0.243333 2 24 266 72
0.25 1 25 296 85
0.256667 3 22 234 75
0.263333 4 17 222 72
0.27 6 19 244 82
0.276667 5 20 200 70
0.283333 1 21 198 72
0.29 3 20 194 56
0.296667 4 16 205 56
0.303333 1 17 200 54
0.31 2 14 194 67
0.316667 5 21 166 57
0.323333 1 21 165 58
0.33 3 12 169 46
0.336667 10 20 163 56
0.343333 1 13 159 57
0.35 4 14 146 59
0.356667 2 16 135 60
0.363333 3 19 122 46
0.37 3 23 146 47
0.376667 2 12 142 50
0.383333 5 8 132 42
0.39 1 13 152 39
0.396667 4 11 145 47
0.403333 1 12 126 29
0.41 0 10 145 35
0.416667 2 13 133 45
0.423333 3 12 138 30
0.43 2 10 128 51
0.436667 4 15 137 36
0.443333 2 13 148 42
0.45 1 15 108 45
0.456667 4 13 132 49
0.463333 2 11 140 51
0.47 4 13 119 43
0.476667 3 5 105 29
0.483333 2 14 69 25
0.49 1 5 73 25
0.496667 3 13 58 19
0.503333 2 17 62 23
0.51 4 14 66 25
0.516667 1 8 60 28
0.523333 2 10 60 23
0.53 5 10 52 20
0.536667 2 8 53 19
0.543333 2 10 47 13
0.55 2 5 54 16
0.556667 2 8 60 16
0.563333 2 10 48 26
0.57 5 4 54 18
0.576667 2 13 39 11
0.583333 3 5 46 21
0.59 2 9 57 19
0.596667 2 7 58 18
0.603333 2 6 48 15
0.61 2 4 45 20
0.616667 2 5 55 14
0.623333 2 7 43 11
0.63 2 6 46 12
0.636667 4 6 55 19
0.643333 1 6 42 6
0.65 1 5 59 15
0.656667 2 6 45 15
0.663333 54 358 5549 1238
0.67 0 0 0 0
0.676667 0 0 0 0
0.683333 0 0 0 0
0.69 0 0 0 0
0.696667 0 0 0 0
0.703333 0 0 0 0
0.71 0 0 0 0
0.716667 0 0 0 0
0.723333 0 0 0 0
0.73 0 0 0 0
0.736667 0 0 0 0
0.743333 0 0 0 0
0.75 0 0 0 0
0.756667 0 0 0 0
0.763333 0 0 0 0
0.77 0 0 0 0
0.776667 0 0 0 0
0.783333 0 0 0 0
0.79 0 0 0 0
0.796667 0 0 0 0
0.803333 0 0 0 0
0.81 0 0 0 0
0.816667 0 0 0 0
0.823333 0 0 0 0
0.83 0 0 0 0
0.836667 0 0 0 0
0.843333 0 0 0 0
0.85 0 0 0 0
0.856667 0 0 0 0
0.863333 0 0 0 0
0.87 0 0 0 0
0.876667 0 0 0 0
0.883333 0 0 0 0
0.89 0 0 0 0
0.896667 0 0 0 0
0.903333 0 0 0 0
0.91 0 0 0 0
0.916667 0 0 0 0
0.923333 0 0 0 0
0.93 0 0 0 0
0.936667 0 0 0 0
0.943333 0 0 0 0
0.95 0 0 0 0
0.956667 0 0 0 0
0.963333 0 0 0 0
0.97 0 0 0 0
0.976667 0 0 0 0
0.983333 0 0 0 0
0.99 0 0 0 0
0.996667 0 0 0 0
1.00333 0 0 0 0
1.01 0 0 0 0
1.01667 0 0 0 0
1.02333 0 0 0 0
1.03 0 0 0 0
1.03667 0 0 0 0
1.04333 0 0 0 0
1.05 0 0 0 0
1.05667 0 0 0 0
1.06333 0 0 0 0
1.07 0 0 0 0
1.07667 0 0 0 0
1.08333 0 0 0 0
1.09 0 0 0 0
1.09667 0 0 0 0
1.10333 0 0 0 0
1.11 0 0 0 0
1.11667 0 0 0 0
1.12333 0 0 0 0
1.13 0 0 0 0
1.13667 0 0 0 0
1.14333 0 0 0 0
1.15 0 0 0 0
1.15667 0 0 0 0
1.16333 0 0 0 0
1.17 0 0 0 0
1.17667 0 0 0 0
1.18333 0 0 0 0
1.19 0 0 0 0
1.19667 0 0 0 0
1.20333 0 0 0 0
1.21 0 0 0 0
1.21667 0 0 0 0
1.22333 0 0 0 0
1.23 0 0 0 0
1.23667 0 0 0 0
1.24333 0 0 0 0
1.25 0 0 0 0
1.25667 0 0 0 0
1.26333 0 0 0 0
1.27 0 0 0 0
1.27667 0 0 0 0
1.28333 0 0 0 0
1.29 0 0 0 0
1.29667 0 0 0 0
1.30333 0 0 0 0
1.31 0 0 0 0
1.31667 0 0 0 0
1.32333 0 0 0 0
1.33 0 0 0 0
1.33667 0 0 0 0
1.34333 0 0 0 0
1.35 0 0 0 0
1.35667 0 0 0 0
1.36333 0 0 0 0
1.37 0 0 0 0
1.37667 0 0 0 0
1.38333 0 0 0 0
1.39 0 0 0 0
1.39667 0 0 0 0
1.40333 0 0 0 0
1.41 0 0 0 0
1.41667 0 0 0 0
1.42333 0 0 0 0
1.43 0 0 0 0
1.43667 0 0 0 0
1.44333 0 0 0 0
1.45 0 0 0 0
1.45667 0 0 0 0
1.46333 0 0 0 0
1.47 0 0 0 0
1.47667 0 0 0 0
1.48333 0 0 0 0
1.49 0 0 0 0
1.49667 0 0 0 0
1.50333 0 0 0 0
1.51 0 0 0 0
1.51667 0 0 0 0
1.52333 0 0 0 0
1.53 0 0 0 0
1.53667 0 0 0 0
1.54333 0 0 0 0
1.55 0 0 0 0
1.55667 0 0 0 0
1.56333 0 0 0 0
1.57 0 0 0 0
1.57667 0 0 0 0
1.58333 0 0 0 0
1.59 0 0 0 0
1.59667 0 0 0 0
1.60333 0 0 0 0
1.61 0 0 0 0
1.61667 0 0 0 0
1.62333 0 0 0 0
1.63 0 0 0 0
1.63667 0 0 0 0
1.64333 0 0 0 0
1.65 0 0 0 0
1.65667 0 0 0 0
1.66333 0 0 0 0
1.67 0 0 0 0
1.67667 0 0 0 0
1.68333 0 0 0 0
1.69 0 0 0 0
1.69667 0 0 0 0
1.70333 0 0 0 0
1.71 0 0 0 0
1.71667 0 0 0 0
1.72333 0 0 0 0
1.73 0 0 0 0
1.73667 0 0 0 0
1.74333 0 0 0 0
1.75 0 0 0 0
1.75667 0 0 0 0
1.76333 0 0 0 0
1.77 0 0 0 0
1.77667 0 0 0 0
1.78333 0 0 0 0
1.79 0 0 0 0
1.79667 0 0 0 0
1.80333 0 0 0 0
1.81 0 0 0 0
1.81667 0 0 0 0
1.82333 0 0 0 0
1.83 0 0 0 0
1.83667 0 0 0 0
1.84333 0 0 0 0
1.85 0 0 0 0
1.85667 0 0 0 0
1.86333 0 0 0 0
1.87 0 0 0 0
1.87667 0 0 0 0
1.88333 0 0 0 0
1.89 0 0 0 0
1.89667 0 0 0 0
1.90333 0 0 0 0
1.91 0 0 0 0
1.91667 0 0 0 0
1.92333 0 0 0 0
1.93 0 0 0 0
1.93667 0 0 0 0
1.94333 0 0 0 0
1.95 0 0 0 0
1.95667 0 0 0 0
1.96333 0 0 0 0
1.97 0 0 0 0
1.97667 0 0 0 0
1.98333 0 0 0 0
1.99 0 0 0 0
1.99667 0 0 0 0
