0.00333333 8 34 33 8
0.01 9 47 36 10
0.0166667 19 37 51 7
0.0233333 13 53 45 12
0.03 18 57 60 5
0.0366667 11 72 71 12
0.0433333 21 90 85 20
0.05 23 105 87 18
0.0566667 27 120 131 25
0.0633333 30 151 143 32
0.07 27 154 158 23
0.0766667 25 137 134 24
0.0833333 39 143 148 38
0.09 33 152 147 36
0.0966667 22 172 153 36
0.103333 26 177 130 28
0.11 30 170 114 39
0.116667 32 149 155 17
0.123333 30 154 138 20
0.13 50 138 151 27
0.136667 24 146 129 23
0.143333 31 142 131 16
0.15 21 138 99 29
0.156667 19 143 103 19
0.163333 28 127 123 30
0.17 28 143 114 25
0.176667 18 170 116 18
0.183333 26 150 105 21
0.19 31 133 123 24
0.196667 25 131 115 27
0.203333 24 113 98 23
0.21 22 119 112 22
0.216667 14 95 110 24
0.223333 25 104 104 16
0.23 19 106 70 14
0.236667 23 99 92 22
0.243333 17 90 94 17
0.25 23 93 82 9
0.256667 11 69 83 10
0.263333 19 76 74 20
0.27 8 75 84 14
0.276667 17 80 78 10
0.283333 13 62 71 10
0.29 21 60 66 8
0.296667 12 68 62 8
0.303333 21 57 61 18
0.31 14 70 58 11
0.316667 22 63 42 16
0.323333 15 62 67 17
0.33 11 62 47 15
0.336667 16 69 56 15
0.343333 11 53 50 11
0.35 13 61 68 17
0.356667 11 63 51 6
0.363333 14 59 44 12
0.37 15 43 48 12
0.376667 10 64 47 13
0.383333 16 51 53 11
0.39 13 48 59 9
0.396667 14 46 41 12
0.403333 6 39 36 11
0.41 4 50 48 8
0.416667 11 47 36 8
0.423333 8 30 32 11
0.43 12 51 40 15
0.436667 12 39 35 11
0.443333 15 50 49 18
0.45 12 45 44 9
0.456667 14 38 60 14
0.463333 12 50 36 12
0.47 12 35 36 7
0.476667 10 45 36 8
0.483333 12 25 21 8
0.49 7 28 23 9
0.496667 10 33 24 8
0.503333 15 34 27 7
0.51 7 27 28 10
0.516667 5 33 20 11
0.523333 7 23 25 9
0.53 10 29 27 3
0.536667 5 20 29 7
0.543333 10 23 16 9
0.55 8 18 14 7
0.556667 4 17 22 7
0.563333 9 25 25 6
0.57 3 23 17 11
0.576667 13 17 15 7
0.583333 7 16 27 9
0.59 7 16 21 9
0.596667 6 25 19 7
0.603333 9 22 17 6
0.61 8 20 11 9
0.616667 7 13 11 3
0.623333 7 23 12 12
0.63 7 18 20 3
0.636667 5 26 23 2
0.643333 5 21 18 6
0.65 5 22 21 3
0.656667 6 13 14 7
0.663333 249 1349 1189 238
0.67 0 0 0 0
0.676667 0 0 0 0
0.683333 0 0 0 0
0.69 0 0 0 0
0.696667 0 0 0 0
0.703333 0 0 0 0
0.71 0 0 0 0
0.716667 0 0 0 0
0.723333 0 0 0 0
0.73 0 0 0 0
0.736667 0 0 0 0
0.743333 0 0 0 0
0.75 0 0 0 0
0.756667 0 0 0 0
0.763333 0 0 0 0
0.77 0 0 0 0
0.776667 0 0 0 0
0.783333 0 0 0 0
0.79 0 0 0 0
0.796667 0 0 0 0
0.803333 0 0 0 0
0.81 0 0 0 0
0.816667 0 0 0 0
0.823333 0 0 0 0
0.83 0 0 0 0
0.836667 0 0 0 0
0.843333 0 0 0 0
0.85 0 0 0 0
0.856667 0 0 0 0
0.863333 0 0 0 0
0.87 0 0 0 0
0.876667 0 0 0 0
0.883333 0 0 0 0
0.89 0 0 0 0
0.896667 0 0 0 0
0.903333 0 0 0 0
0.91 0 0 0 0
0.916667 0 0 0 0
0.923333 0 0 0 0
0.93 0 0 0 0
0.936667 0 0 0 0
0.943333 0 0 0 0
0.95 0 0 0 0
0.956667 0 0 0 0
0.963333 0 0 0 0
0.97 0 0 0 0
0.976667 0 0 0 0
0.983333 0 0 0 0
0.99 0 0 0 0
0.996667 0 0 0 0
1.00333 0 0 0 0
1.01 0 0 0 0
1.01667 0 0 0 0
1.02333 0 0 0 0
1.03 0 0 0 0
1.03667 0 0 0 0
1.04333 0 0 0 0
1.05 0 0 0 0
1.05667 0 0 0 0
1.06333 0 0 0 0
1.07 0 0 0 0
1.07667 0 0 0 0
1.08333 0 0 0 0
1.09 0 0 0 0
1.09667 0 0 0 0
1.10333 0 0 0 0
1.11 0 0 0 0
1.11667 0 0 0 0
1.12333 0 0 0 0
1.13 0 0 0 0
1.13667 0 0 0 0
1.14333 0 0 0 0
1.15 0 0 0 0
1.15667 0 0 0 0
1.16333 0 0 0 0
1.17 0 0 0 0
1.17667 0 0 0 0
1.18333 0 0 0 0
1.19 0 0 0 0
1.19667 0 0 0 0
1.20333 0 0 0 0
1.21 0 0 0 0
1.21667 0 0 0 0
1.22333 0 0 0 0
1.23 0 0 0 0
1.23667 0 0 0 0
1.24333 0 0 0 0
1.25 0 0 0 0
1.25667 0 0 0 0
1.26333 0 0 0 0
1.27 0 0 0 0
1.27667 0 0 0 0
1.28333 0 0 0 0
1.29 0 0 0 0
1.29667 0 0 0 0
1.30333 0 0 0 0
1.31 0 0 0 0
1.31667 0 0 0 0
1.32333 0 0 0 0
1.33 0 0 0 0
1.33667 0 0 0 0
1.34333 0 0 0 0
1.35 0 0 0 0
1.35667 0 0 0 0
1.36333 0 0 0 0
1.37 0 0 0 0
1.37667 0 0 0 0
1.38333 0 0 0 0
1.39 0 0 0 0
1.39667 0 0 0 0
1.40333 0 0 0 0
1.41 0 0 0 0
1.41667 0 0 0 0
1.42333 0 0 0 0
1.43 0 0 0 0
1.43667 0 0 0 0
1.44333 0 0 0 0
1.45 0 0 0 0
1.45667 0 0 0 0
1.46333 0 0 0 0
1.47 0 0 0 0
1.47667 0 0 0 0
1.48333 0 0 0 0
1.49 0 0 0 0
1.49667 0 0 0 0
1.50333 0 0 0 0
1.51 0 0 0 0
1.51667 0 0 0 0
1.52333 0 0 0 0
1.53 0 0 0 0
1.53667 0 0 0 0
1.54333 0 0 0 0
1.55 0 0 0 0
1.55667 0 0 0 0
1.56333 0 0 0 0
1.57 0 0 0 0
1.57667 0 0 0 0
1.58333 0 0 0 0
1.59 0 0 0 0
1.59667 0 0 0 0
1.60333 0 0 0 0
1.61 0 0 0 0
1.61667 0 0 0 0
1.62333 0 0 0 0
1.63 0 0 0 0
1.63667 0 0 0 0
1.64333 0 0 0 0
1.65 0 0 0 0
1.65667 0 0 0 0
1.66333 0 0 0 0
1.67 0 0 0 0
1.67667 0 0 0 0
1.68333 0 0 0 0
1.69 0 0 0 0
1.69667 0 0 0 0
1.70333 0 0 0 0
1.71 0 0 0 0
1.71667 0 0 0 0
1.72333 0 0 0 0
1.73 0 0 0 0
1.73667 0 0 0 0
1.74333 0 0 0 0
1.75 0 0 0 0
1.75667 0 0 0 0
1.76333 0 0 0 0
1.77 0 0 0 0
1.77667 0 0 0 0
1.78333 0 0 0 0
1.79 0 0 0 0
1.79667 0 0 0 0
1.80333 0 0 0 0
1.81 0 0 0 0
1.81667 0 0 0 0
1.82333 0 0 0 0
1.83 0 0 0 0
1.83667 0 0 0 0
1.84333 0 0 0 0
1.85 0 0 0 0
1.85667 0 0 0 0
1.86333 0 0 0 0
1.87 0 0 0 0
1.87667 0 0 0 0
1.88333 0 0 0 0
1.89 0 0 0 0
1.89667 0 0 0 0
1.90333 0 0 0 0
1.91 0 0 0 0
1.91667 0 0 0 0
1.92333 0 0 0 0
1.93 0 0 0 0
1.93667 0 0 0 0
1.94333 0 0 0 0
1.95 0 0 0 0
1.95667 0 0 0 0
1.96333 0 0 0 0
1.97 0 0 0 0
1.97667 0 0 0 0
1.98333 0 0 0 0
1.99 0 0 0 0
1.99667 0 0 0 0
