0.00333333 6 17 32 13
0.01 2 25 45 16
0.0166667 8 28 55 6
0.0233333 4 26 60 19
0.03 8 34 56 11
0.0366667 6 31 73 18
0.0433333 10 42 87 23
0.05 11 51 113 23
0.0566667 13 56 143 32
0.0633333 12 79 140 36
0.07 10 88 184 37
0.0766667 18 72 162 27
0.0833333 17 84 166 51
0.09 14 90 174 41
0.0966667 18 82 159 42
0.103333 13 87 138 46
0.11 15 88 168 35
0.116667 13 74 169 55
0.123333 11 71 177 31
0.13 17 62 157 30
0.136667 14 67 151 38
0.143333 23 77 141 33
0.15 5 58 138 34
0.156667 9 64 127 31
0.163333 11 56 128 37
0.17 9 76 125 31
0.176667 16 54 118 25
0.183333 13 58 134 30
0.19 13 50 148 34
0.196667 14 58 119 32
0.203333 12 49 119 23
0.21 18 53 126 17
0.216667 8 49 113 29
0.223333 13 50 119 22
0.23 7 53 91 21
0.236667 8 36 92 23
0.243333 9 58 103 24
0.25 10 44 96 23
0.256667 12 28 80 21
0.263333 5 33 84 22
0.27 10 35 86 21
0.276667 11 24 76 12
0.283333 7 27 73 16
0.29 9 28 81 20
0.296667 6 33 62 21
0.303333 6 28 71 21
0.31 5 33 77 9
0.316667 9 23 66 12
0.323333 2 32 70 21
0.33 6 30 63 15
0.336667 1 27 72 17
0.343333 6 29 61 19
0.35 7 21 68 13
0.356667 4 29 59 15
0.363333 5 27 46 12
0.37 5 14 51 20
0.376667 8 28 46 12
0.383333 6 23 56 13
0.39 7 23 50 10
0.396667 6 22 54 8
0.403333 5 19 46 11
0.41 7 26 54 14
0.416667 9 13 58 14
0.423333 9 16 43 11
0.43 8 18 45 11
0.436667 2 15 37 12
0.443333 5 23 44 9
0.45 10 21 45 7
0.456667 10 19 35 17
0.463333 4 18 38 10
0.47 6 16 47 10
0.476667 3 23 46 10
0.483333 3 20 18 16
0.49 5 15 28 8
0.496667 3 16 23 8
0.503333 3 16 28 6
0.51 2 10 34 5
0.516667 3 15 23 11
0.523333 1 14 36 7
0.53 4 16 31 13
0.536667 7 8 24 5
0.543333 3 11 22 9
0.55 2 8 21 5
0.556667 2 11 26 11
0.563333 1 14 29 7
0.57 6 9 23 10
0.576667 6 18 14 6
0.583333 1 13 21 13
0.59 0 12 18 5
0.596667 6 10 21 5
0.603333 6 8 24 6
0.61 2 7 23 5
0.616667 2 12 28 6
0.623333 6 22 25 3
0.63 2 13 13 5
0.636667 3 9 28 4
0.643333 3 8 16 3
0.65 1 10 18 10
0.656667 2 9 17 8
0.663333 84 463 1153 236
0.67 0 0 0 0
0.676667 0 0 0 0
0.683333 0 0 0 0
0.69 0 0 0 0
0.696667 0 0 0 0
0.703333 0 0 0 0
0.71 0 0 0 0
0.716667 0 0 0 0
0.723333 0 0 0 0
0.73 0 0 0 0
0.736667 0 0 0 0
0.743333 0 0 0 0
0.75 0 0 0 0
0.756667 0 0 0 0
0.763333 0 0 0 0
0.77 0 0 0 0
0.776667 0 0 0 0
0.783333 0 0 0 0
0.79 0 0 0 0
0.796667 0 0 0 0
0.803333 0 0 0 0
0.81 0 0 0 0
0.816667 0 0 0 0
0.823333 0 0 0 0
0.83 0 0 0 0
0.836667 0 0 0 0
0.843333 0 0 0 0
0.85 0 0 0 0
0.856667 0 0 0 0
0.863333 0 0 0 0
0.87 0 0 0 0
0.876667 0 0 0 0
0.883333 0 0 0 0
0.89 0 0 0 0
0.896667 0 0 0 0
0.903333 0 0 0 0
0.91 0 0 0 0
0.916667 0 0 0 0
0.923333 0 0 0 0
0.93 0 0 0 0
0.936667 0 0 0 0
0.943333 0 0 0 0
0.95 0 0 0 0
0.956667 0 0 0 0
0.963333 0 0 0 0
0.97 0 0 0 0
0.976667 0 0 0 0
0.983333 0 0 0 0
0.99 0 0 0 0
0.996667 0 0 0 0
1.00333 0 0 0 0
1.01 0 0 0 0
1.01667 0 0 0 0
1.02333 0 0 0 0
1.03 0 0 0 0
1.03667 0 0 0 0
1.04333 0 0 0 0
1.05 0 0 0 0
1.05667 0 0 0 0
1.06333 0 0 0 0
1.07 0 0 0 0
1.07667 0 0 0 0
1.08333 0 0 0 0
1.09 0 0 0 0
1.09667 0 0 0 0
1.10333 0 0 0 0
1.11 0 0 0 0
1.11667 0 0 0 0
1.12333 0 0 0 0
1.13 0 0 0 0
1.13667 0 0 0 0
1.14333 0 0 0 0
1.15 0 0 0 0
1.15667 0 0 0 0
1.16333 0 0 0 0
1.17 0 0 0 0
1.17667 0 0 0 0
1.18333 0 0 0 0
1.19 0 0 0 0
1.19667 0 0 0 0
1.20333 0 0 0 0
1.21 0 0 0 0
1.21667 0 0 0 0
1.22333 0 0 0 0
1.23 0 0 0 0
1.23667 0 0 0 0
1.24333 0 0 0 0
1.25 0 0 0 0
1.25667 0 0 0 0
1.26333 0 0 0 0
1.27 0 0 0 0
1.27667 0 0 0 0
1.28333 0 0 0 0
1.29 0 0 0 0
1.29667 0 0 0 0
1.30333 0 0 0 0
1.31 0 0 0 0
1.31667 0 0 0 0
1.32333 0 0 0 0
1.33 0 0 0 0
1.33667 0 0 0 0
1.34333 0 0 0 0
1.35 0 0 0 0
1.35667 0 0 0 0
1.36333 0 0 0 0
1.37 0 0 0 0
1.37667 0 0 0 0
1.38333 0 0 0 0
1.39 0 0 0 0
1.39667 0 0 0 0
1.40333 0 0 0 0
1.41 0 0 0 0
1.41667 0 0 0 0
1.42333 0 0 0 0
1.43 0 0 0 0
1.43667 0 0 0 0
1.44333 0 0 0 0
1.45 0 0 0 0
1.45667 0 0 0 0
1.46333 0 0 0 0
1.47 0 0 0 0
1.47667 0 0 0 0
1.48333 0 0 0 0
1.49 0 0 0 0
1.49667 0 0 0 0
1.50333 0 0 0 0
1.51 0 0 0 0
1.51667 0 0 0 0
1.52333 0 0 0 0
1.53 0 0 0 0
1.53667 0 0 0 0
1.54333 0 0 0 0
1.55 0 0 0 0
1.55667 0 0 0 0
1.56333 0 0 0 0
1.57 0 0 0 0
1.57667 0 0 0 0
1.58333 0 0 0 0
1.59 0 0 0 0
1.59667 0 0 0 0
1.60333 0 0 0 0
1.61 0 0 0 0
1.61667 0 0 0 0
1.62333 0 0 0 0
1.63 0 0 0 0
1.63667 0 0 0 0
1.64333 0 0 0 0
1.65 0 0 0 0
1.65667 0 0 0 0
1.66333 0 0 0 0
1.67 0 0 0 0
1.67667 0 0 0 0
1.68333 0 0 0 0
1.69 0 0 0 0
1.69667 0 0 0 0
1.70333 0 0 0 0
1.71 0 0 0 0
1.71667 0 0 0 0
1.72333 0 0 0 0
1.73 0 0 0 0
1.73667 0 0 0 0
1.74333 0 0 0 0
1.75 0 0 0 0
1.75667 0 0 0 0
1.76333 0 0 0 0
1.77 0 0 0 0
1.77667 0 0 0 0
1.78333 0 0 0 0
1.79 0 0 0 0
1.79667 0 0 0 0
1.80333 0 0 0 0
1.81 0 0 0 0
1.81667 0 0 0 0
1.82333 0 0 0 0
1.83 0 0 0 0
1.83667 0 0 0 0
1.84333 0 0 0 0
1.85 0 0 0 0
1.85667 0 0 0 0
1.86333 0 0 0 0
1.87 0 0 0 0
1.87667 0 0 0 0
1.88333 0 0 0 0
1.89 0 0 0 0
1.89667 0 0 0 0
1.90333 0 0 0 0
1.91 0 0 0 0
1.91667 0 0 0 0
1.92333 0 0 0 0
1.93 0 0 0 0
1.93667 0 0 0 0
1.94333 0 0 0 0
1.95 0 0 0 0
1.95667 0 0 0 0
1.96333 0 0 0 0
1.97 0 0 0 0
1.97667 0 0 0 0
1.98333 0 0 0 0
1.99 0 0 0 0
1.99667 0 0 0 0
