0.00333333 54 20 0 0
0.01 63 24 2 0
0.0166667 61 22 0 0
0.0233333 78 30 2 0
0.03 80 38 1 1
0.0366667 85 42 3 1
0.0433333 105 53 3 1
0.05 149 71 4 0
0.0566667 179 81 9 1
0.0633333 177 94 3 0
0.07 198 91 7 0
0.0766667 216 112 6 0
0.0833333 217 93 7 1
0.09 199 100 3 0
0.0966667 195 101 5 1
0.103333 219 88 6 0
0.11 205 85 4 0
0.116667 213 89 1 2
0.123333 200 87 6 3
0.13 192 83 4 0
0.136667 207 79 6 2
0.143333 177 76 7 0
0.15 191 64 5 1
0.156667 169 64 3 1
0.163333 185 68 5 0
0.17 180 63 3 0
0.176667 145 62 3 0
0.183333 185 62 2 1
0.19 184 67 4 2
0.196667 163 64 2 0
0.203333 151 54 2 0
0.21 159 66 4 0
0.216667 152 59 4 1
0.223333 139 46 3 1
0.23 136 38 3 1
0.236667 123 59 4 0
0.243333 135 48 6 0
0.25 123 52 2 0
0.256667 107 41 2 2
0.263333 119 41 5 1
0.27 102 45 2 1
0.276667 112 27 2 1
0.283333 106 38 5 0
0.29 117 43 1 0
0.296667 101 32 1 0
0.303333 92 33 3 1
0.31 101 33 2 0
0.316667 80 31 3 0
0.323333 100 37 0 0
0.33 81 36 0 1
0.336667 91 30 5 1
0.343333 80 39 1 0
0.35 78 27 2 1
0.356667 74 36 0 0
0.363333 63 33 2 1
0.37 71 39 1 0
0.376667 64 34 6 0
0.383333 75 28 2 0
0.39 69 28 3 0
0.396667 78 25 1 0
0.403333 66 30 1 0
0.41 78 24 0 0
0.416667 63 25 3 0
0.423333 64 26 0 0
0.43 63 30 1 0
0.436667 77 15 1 0
0.443333 70 34 0 0
0.45 80 28 0 0
0.456667 70 27 2 0
0.463333 61 21 4 1
0.47 72 25 1 0
0.476667 54 21 1 0
0.483333 43 23 1 0
0.49 48 17 1 0
0.496667 41 19 1 0
0.503333 29 23 2 0
0.51 48 11 0 0
0.516667 36 20 0 1
0.523333 41 15 0 0
0.53 30 10 4 0
0.536667 36 14 2 0
0.543333 31 16 1 0
0.55 34 15 1 0
0.556667 40 17 0 0
0.563333 32 9 2 1
0.57 39 15 1 0
0.576667 32 11 1 0
0.583333 34 15 2 0
0.59 31 14 2 0
0.596667 32 21 1 0
0.603333 33 9 2 0
0.61 22 26 1 0
0.616667 28 10 0 0
0.623333 34 12 1 0
0.63 28 6 3 0
0.636667 34 12 5 1
0.643333 37 15 3 0
0.65 36 11 3 1
0.656667 24 9 1 0
0.663333 1859 545 30 3
0.67 0 0 0 0
0.676667 0 0 0 0
0.683333 0 0 0 0
0.69 0 0 0 0
0.696667 0 0 0 0
0.703333 0 0 0 0
0.71 0 0 0 0
0.716667 0 0 0 0
0.723333 0 0 0 0
0.73 0 0 0 0
0.736667 0 0 0 0
0.743333 0 0 0 0
0.75 0 0 0 0
0.756667 0 0 0 0
0.763333 0 0 0 0
0.77 0 0 0 0
0.776667 0 0 0 0
0.783333 0 0 0 0
0.79 0 0 0 0
0.796667 0 0 0 0
0.803333 0 0 0 0
0.81 0 0 0 0
0.816667 0 0 0 0
0.823333 0 0 0 0
0.83 0 0 0 0
0.836667 0 0 0 0
0.843333 0 0 0 0
0.85 0 0 0 0
0.856667 0 0 0 0
0.863333 0 0 0 0
0.87 0 0 0 0
0.876667 0 0 0 0
0.883333 0 0 0 0
0.89 0 0 0 0
0.896667 0 0 0 0
0.903333 0 0 0 0
0.91 0 0 0 0
0.916667 0 0 0 0
0.923333 0 0 0 0
0.93 0 0 0 0
0.936667 0 0 0 0
0.943333 0 0 0 0
0.95 0 0 0 0
0.956667 0 0 0 0
0.963333 0 0 0 0
0.97 0 0 0 0
0.976667 0 0 0 0
0.983333 0 0 0 0
0.99 0 0 0 0
0.996667 0 0 0 0
1.00333 0 0 0 0
1.01 0 0 0 0
1.01667 0 0 0 0
1.02333 0 0 0 0
1.03 0 0 0 0
1.03667 0 0 0 0
1.04333 0 0 0 0
1.05 0 0 0 0
1.05667 0 0 0 0
1.06333 0 0 0 0
1.07 0 0 0 0
1.07667 0 0 0 0
1.08333 0 0 0 0
1.09 0 0 0 0
1.09667 0 0 0 0
1.10333 0 0 0 0
1.11 0 0 0 0
1.11667 0 0 0 0
1.12333 0 0 0 0
1.13 0 0 0 0
1.13667 0 0 0 0
1.14333 0 0 0 0
1.15 0 0 0 0
1.15667 0 0 0 0
1.16333 0 0 0 0
1.17 0 0 0 0
1.17667 0 0 0 0
1.18333 0 0 0 0
1.19 0 0 0 0
1.19667 0 0 0 0
1.20333 0 0 0 0
1.21 0 0 0 0
1.21667 0 0 0 0
1.22333 0 0 0 0
1.23 0 0 0 0
1.23667 0 0 0 0
1.24333 0 0 0 0
1.25 0 0 0 0
1.25667 0 0 0 0
1.26333 0 0 0 0
1.27 0 0 0 0
1.27667 0 0 0 0
1.28333 0 0 0 0
1.29 0 0 0 0
1.29667 0 0 0 0
1.30333 0 0 0 0
1.31 0 0 0 0
1.31667 0 0 0 0
1.32333 0 0 0 0
1.33 0 0 0 0
1.33667 0 0 0 0
1.34333 0 0 0 0
1.35 0 0 0 0
1.35667 0 0 0 0
1.36333 0 0 0 0
1.37 0 0 0 0
1.37667 0 0 0 0
1.38333 0 0 0 0
1.39 0 0 0 0
1.39667 0 0 0 0
1.40333 0 0 0 0
1.41 0 0 0 0
1.41667 0 0 0 0
1.42333 0 0 0 0
1.43 0 0 0 0
1.43667 0 0 0 0
1.44333 0 0 0 0
1.45 0 0 0 0
1.45667 0 0 0 0
1.46333 0 0 0 0
1.47 0 0 0 0
1.47667 0 0 0 0
1.48333 0 0 0 0
1.49 0 0 0 0
1.49667 0 0 0 0
1.50333 0 0 0 0
1.51 0 0 0 0
1.51667 0 0 0 0
1.52333 0 0 0 0
1.53 0 0 0 0
1.53667 0 0 0 0
1.54333 0 0 0 0
1.55 0 0 0 0
1.55667 0 0 0 0
1.56333 0 0 0 0
1.57 0 0 0 0
1.57667 0 0 0 0
1.58333 0 0 0 0
1.59 0 0 0 0
1.59667 0 0 0 0
1.60333 0 0 0 0
1.61 0 0 0 0
1.61667 0 0 0 0
1.62333 0 0 0 0
1.63 0 0 0 0
1.63667 0 0 0 0
1.64333 0 0 0 0
1.65 0 0 0 0
1.65667 0 0 0 0
1.66333 0 0 0 0
1.67 0 0 0 0
1.67667 0 0 0 0
1.68333 0 0 0 0
1.69 0 0 0 0
1.69667 0 0 0 0
1.70333 0 0 0 0
1.71 0 0 0 0
1.71667 0 0 0 0
1.72333 0 0 0 0
1.73 0 0 0 0
1.73667 0 0 0 0
1.74333 0 0 0 0
1.75 0 0 0 0
1.75667 0 0 0 0
1.76333 0 0 0 0
1.77 0 0 0 0
1.77667 0 0 0 0
1.78333 0 0 0 0
1.79 0 0 0 0
1.79667 0 0 0 0
1.80333 0 0 0 0
1.81 0 0 0 0
1.81667 0 0 0 0
1.82333 0 0 0 0
1.83 0 0 0 0
1.83667 0 0 0 0
1.84333 0 0 0 0
1.85 0 0 0 0
1.85667 0 0 0 0
1.86333 0 0 0 0
1.87 0 0 0 0
1.87667 0 0 0 0
1.88333 0 0 0 0
1.89 0 0 0 0
1.89667 0 0 0 0
1.90333 0 0 0 0
1.91 0 0 0 0
1.91667 0 0 0 0
1.92333 0 0 0 0
1.93 0 0 0 0
1.93667 0 0 0 0
1.94333 0 0 0 0
1.95 0 0 0 0
1.95667 0 0 0 0
1.96333 0 0 0 0
1.97 0 0 0 0
1.97667 0 0 0 0
1.98333 0 0 0 0
1.99 0 0 0 0
1.99667 0 0 0 0
