0.00333333 0 5 12 2
0.01 4 8 6 6
0.0166667 1 5 14 2
0.0233333 6 12 7 6
0.03 2 4 16 5
0.0366667 2 10 17 4
0.0433333 2 26 23 5
0.05 4 15 20 10
0.0566667 1 22 25 14
0.0633333 6 31 31 12
0.07 5 13 38 9
0.0766667 7 22 29 14
0.0833333 4 20 36 8
0.09 5 24 31 13
0.0966667 7 22 30 11
0.103333 4 25 28 13
0.11 12 16 21 11
0.116667 6 15 21 8
0.123333 6 16 22 8
0.13 7 12 28 7
0.136667 5 14 29 5
0.143333 8 17 16 13
0.15 1 17 22 5
0.156667 3 17 25 9
0.163333 3 22 24 7
0.17 4 19 23 9
0.176667 4 12 19 1
0.183333 3 15 16 8
0.19 4 8 32 8
0.196667 4 15 29 6
0.203333 3 14 14 7
0.21 2 8 26 5
0.216667 3 14 17 6
0.223333 3 17 21 4
0.23 1 12 16 9
0.236667 7 11 15 5
0.243333 6 9 13 4
0.25 4 10 19 2
0.256667 1 11 7 12
0.263333 3 17 13 5
0.27 2 10 13 6
0.276667 3 5 16 5
0.283333 4 9 15 6
0.29 1 7 14 3
0.296667 3 9 13 5
0.303333 1 9 14 6
0.31 5 10 16 8
0.316667 2 7 4 3
0.323333 5 14 14 3
0.33 4 17 13 3
0.336667 2 8 19 7
0.343333 2 9 8 7
0.35 6 8 18 6
0.356667 4 7 17 8
0.363333 5 15 13 6
0.37 3 8 13 2
0.376667 0 8 11 3
0.383333 1 5 13 5
0.39 1 10 19 1
0.396667 0 9 15 4
0.403333 4 9 10 3
0.41 8 5 9 2
0.416667 2 4 7 3
0.423333 1 5 9 7
0.43 2 10 19 3
0.436667 1 8 15 6
0.443333 4 9 2 6
0.45 4 8 10 8
0.456667 2 7 14 7
0.463333 4 8 13 6
0.47 2 4 10 3
0.476667 2 11 11 6
0.483333 1 7 9 2
0.49 1 4 8 3
0.496667 5 2 7 2
0.503333 1 8 5 1
0.51 0 6 8 2
0.516667 0 6 8 3
0.523333 1 3 14 0
0.53 0 6 16 5
0.536667 2 6 10 5
0.543333 1 7 6 2
0.55 1 6 7 3
0.556667 4 2 8 2
0.563333 3 8 6 4
0.57 0 6 10 0
0.576667 0 8 6 2
0.583333 2 3 7 3
0.59 1 6 3 2
0.596667 2 9 6 4
0.603333 1 6 5 4
0.61 2 7 9 1
0.616667 2 3 7 1
0.623333 2 5 8 2
0.63 2 5 8 0
0.636667 1 3 8 3
0.643333 3 4 7 1
0.65 3 2 8 0
0.656667 2 6 9 2
0.663333 37 133 163 62
0.67 0 0 0 0
0.676667 0 0 0 0
0.683333 0 0 0 0
0.69 0 0 0 0
0.696667 0 0 0 0
0.703333 0 0 0 0
0.71 0 0 0 0
0.716667 0 0 0 0
0.723333 0 0 0 0
0.73 0 0 0 0
0.736667 0 0 0 0
0.743333 0 0 0 0
0.75 0 0 0 0
0.756667 0 0 0 0
0.763333 0 0 0 0
0.77 0 0 0 0
0.776667 0 0 0 0
0.783333 0 0 0 0
0.79 0 0 0 0
0.796667 0 0 0 0
0.803333 0 0 0 0
0.81 0 0 0 0
0.816667 0 0 0 0
0.823333 0 0 0 0
0.83 0 0 0 0
0.836667 0 0 0 0
0.843333 0 0 0 0
0.85 0 0 0 0
0.856667 0 0 0 0
0.863333 0 0 0 0
0.87 0 0 0 0
0.876667 0 0 0 0
0.883333 0 0 0 0
0.89 0 0 0 0
0.896667 0 0 0 0
0.903333 0 0 0 0
0.91 0 0 0 0
0.916667 0 0 0 0
0.923333 0 0 0 0
0.93 0 0 0 0
0.936667 0 0 0 0
0.943333 0 0 0 0
0.95 0 0 0 0
0.956667 0 0 0 0
0.963333 0 0 0 0
0.97 0 0 0 0
0.976667 0 0 0 0
0.983333 0 0 0 0
0.99 0 0 0 0
0.996667 0 0 0 0
1.00333 0 0 0 0
1.01 0 0 0 0
1.01667 0 0 0 0
1.02333 0 0 0 0
1.03 0 0 0 0
1.03667 0 0 0 0
1.04333 0 0 0 0
1.05 0 0 0 0
1.05667 0 0 0 0
1.06333 0 0 0 0
1.07 0 0 0 0
1.07667 0 0 0 0
1.08333 0 0 0 0
1.09 0 0 0 0
1.09667 0 0 0 0
1.10333 0 0 0 0
1.11 0 0 0 0
1.11667 0 0 0 0
1.12333 0 0 0 0
1.13 0 0 0 0
1.13667 0 0 0 0
1.14333 0 0 0 0
1.15 0 0 0 0
1.15667 0 0 0 0
1.16333 0 0 0 0
1.17 0 0 0 0
1.17667 0 0 0 0
1.18333 0 0 0 0
1.19 0 0 0 0
1.19667 0 0 0 0
1.20333 0 0 0 0
1.21 0 0 0 0
1.21667 0 0 0 0
1.22333 0 0 0 0
1.23 0 0 0 0
1.23667 0 0 0 0
1.24333 0 0 0 0
1.25 0 0 0 0
1.25667 0 0 0 0
1.26333 0 0 0 0
1.27 0 0 0 0
1.27667 0 0 0 0
1.28333 0 0 0 0
1.29 0 0 0 0
1.29667 0 0 0 0
1.30333 0 0 0 0
1.31 0 0 0 0
1.31667 0 0 0 0
1.32333 0 0 0 0
1.33 0 0 0 0
1.33667 0 0 0 0
1.34333 0 0 0 0
1.35 0 0 0 0
1.35667 0 0 0 0
1.36333 0 0 0 0
1.37 0 0 0 0
1.37667 0 0 0 0
1.38333 0 0 0 0
1.39 0 0 0 0
1.39667 0 0 0 0
1.40333 0 0 0 0
1.41 0 0 0 0
1.41667 0 0 0 0
1.42333 0 0 0 0
1.43 0 0 0 0
1.43667 0 0 0 0
1.44333 0 0 0 0
1.45 0 0 0 0
1.45667 0 0 0 0
1.46333 0 0 0 0
1.47 0 0 0 0
1.47667 0 0 0 0
1.48333 0 0 0 0
1.49 0 0 0 0
1.49667 0 0 0 0
1.50333 0 0 0 0
1.51 0 0 0 0
1.51667 0 0 0 0
1.52333 0 0 0 0
1.53 0 0 0 0
1.53667 0 0 0 0
1.54333 0 0 0 0
1.55 0 0 0 0
1.55667 0 0 0 0
1.56333 0 0 0 0
1.57 0 0 0 0
1.57667 0 0 0 0
1.58333 0 0 0 0
1.59 0 0 0 0
1.59667 0 0 0 0
1.60333 0 0 0 0
1.61 0 0 0 0
1.61667 0 0 0 0
1.62333 0 0 0 0
1.63 0 0 0 0
1.63667 0 0 0 0
1.64333 0 0 0 0
1.65 0 0 0 0
1.65667 0 0 0 0
1.66333 0 0 0 0
1.67 0 0 0 0
1.67667 0 0 0 0
1.68333 0 0 0 0
1.69 0 0 0 0
1.69667 0 0 0 0
1.70333 0 0 0 0
1.71 0 0 0 0
1.71667 0 0 0 0
1.72333 0 0 0 0
1.73 0 0 0 0
1.73667 0 0 0 0
1.74333 0 0 0 0
1.75 0 0 0 0
1.75667 0 0 0 0
1.76333 0 0 0 0
1.77 0 0 0 0
1.77667 0 0 0 0
1.78333 0 0 0 0
1.79 0 0 0 0
1.79667 0 0 0 0
1.80333 0 0 0 0
1.81 0 0 0 0
1.81667 0 0 0 0
1.82333 0 0 0 0
1.83 0 0 0 0
1.83667 0 0 0 0
1.84333 0 0 0 0
1.85 0 0 0 0
1.85667 0 0 0 0
1.86333 0 0 0 0
1.87 0 0 0 0
1.87667 0 0 0 0
1.88333 0 0 0 0
1.89 0 0 0 0
1.89667 0 0 0 0
1.90333 0 0 0 0
1.91 0 0 0 0
1.91667 0 0 0 0
1.92333 0 0 0 0
1.93 0 0 0 0
1.93667 0 0 0 0
1.94333 0 0 0 0
1.95 0 0 0 0
1.95667 0 0 0 0
1.96333 0 0 0 0
1.97 0 0 0 0
1.97667 0 0 0 0
1.98333 0 0 0 0
1.99 0 0 0 0
1.99667 0 0 0 0
