0.00333333 91 22 3 0
0.01 84 24 2 0
0.0166667 105 26 3 1
0.0233333 75 25 5 1
0.03 102 27 1 0
0.0366667 95 26 7 0
0.0433333 127 29 2 0
0.05 123 31 2 3
0.0566667 107 42 2 0
0.0633333 146 43 4 2
0.07 125 53 3 1
0.0766667 146 37 7 2
0.0833333 136 40 6 0
0.09 149 38 1 0
0.0966667 158 33 5 2
0.103333 150 43 5 0
0.11 150 41 5 3
0.116667 157 42 6 0
0.123333 162 56 3 0
0.13 173 41 4 0
0.136667 164 30 0 2
0.143333 161 38 3 1
0.15 156 42 3 1
0.156667 163 52 5 0
0.163333 164 50 4 1
0.17 155 38 0 0
0.176667 171 47 4 0
0.183333 200 37 4 0
0.19 187 47 0 1
0.196667 196 55 4 3
0.203333 210 42 5 1
0.21 190 45 7 2
0.216667 185 49 7 1
0.223333 178 53 5 2
0.23 172 32 6 1
0.236667 157 37 3 2
0.243333 170 41 4 0
0.25 176 43 4 1
0.256667 154 43 7 0
0.263333 149 54 1 1
0.27 131 47 3 1
0.276667 136 36 2 2
0.283333 153 48 6 0
0.29 158 43 9 0
0.296667 145 38 4 1
0.303333 143 42 7 0
0.31 141 34 2 1
0.316667 136 41 8 1
0.323333 125 32 3 1
0.33 109 36 6 0
0.336667 127 45 3 1
0.343333 116 50 1 1
0.35 117 31 5 0
0.356667 117 33 5 0
0.363333 107 23 1 2
0.37 113 34 3 0
0.376667 111 22 3 1
0.383333 85 35 5 0
0.39 122 33 7 3
0.396667 137 31 7 1
0.403333 104 32 0 0
0.41 83 36 6 1
0.416667 93 36 1 1
0.423333 112 35 1 0
0.43 99 42 5 2
0.436667 91 23 4 1
0.443333 91 18 3 2
0.45 100 35 3 1
0.456667 138 28 3 0
0.463333 119 30 7 0
0.47 104 33 4 3
0.476667 94 30 7 0
0.483333 49 22 2 0
0.49 56 13 3 0
0.496667 47 16 2 1
0.503333 57 8 3 0
0.51 49 20 1 0
0.516667 37 13 2 0
0.523333 53 14 1 2
0.53 40 15 3 1
0.536667 52 13 4 1
0.543333 39 8 2 0
0.55 44 12 2 1
0.556667 51 17 2 0
0.563333 35 27 2 0
0.57 42 20 0 0
0.576667 29 9 1 0
0.583333 45 10 2 0
0.59 32 15 3 2
0.596667 29 13 5 0
0.603333 32 16 4 1
0.61 28 13 1 1
0.616667 28 13 1 1
0.623333 37 12 1 1
0.63 37 10 2 1
0.636667 51 7 7 0
0.643333 24 10 2 0
0.65 29 9 1 0
0.656667 26 15 1 3
0.663333 5160 1172 147 27
0.67 0 0 0 0
0.676667 0 0 0 0
0.683333 0 0 0 0
0.69 0 0 0 0
0.696667 0 0 0 0
0.703333 0 0 0 0
0.71 0 0 0 0
0.716667 0 0 0 0
0.723333 0 0 0 0
0.73 0 0 0 0
0.736667 0 0 0 0
0.743333 0 0 0 0
0.75 0 0 0 0
0.756667 0 0 0 0
0.763333 0 0 0 0
0.77 0 0 0 0
0.776667 0 0 0 0
0.783333 0 0 0 0
0.79 0 0 0 0
0.796667 0 0 0 0
0.803333 0 0 0 0
0.81 0 0 0 0
0.816667 0 0 0 0
0.823333 0 0 0 0
0.83 0 0 0 0
0.836667 0 0 0 0
0.843333 0 0 0 0
0.85 0 0 0 0
0.856667 0 0 0 0
0.863333 0 0 0 0
0.87 0 0 0 0
0.876667 0 0 0 0
0.883333 0 0 0 0
0.89 0 0 0 0
0.896667 0 0 0 0
0.903333 0 0 0 0
0.91 0 0 0 0
0.916667 0 0 0 0
0.923333 0 0 0 0
0.93 0 0 0 0
0.936667 0 0 0 0
0.943333 0 0 0 0
0.95 0 0 0 0
0.956667 0 0 0 0
0.963333 0 0 0 0
0.97 0 0 0 0
0.976667 0 0 0 0
0.983333 0 0 0 0
0.99 0 0 0 0
0.996667 0 0 0 0
1.00333 0 0 0 0
1.01 0 0 0 0
1.01667 0 0 0 0
1.02333 0 0 0 0
1.03 0 0 0 0
1.03667 0 0 0 0
1.04333 0 0 0 0
1.05 0 0 0 0
1.05667 0 0 0 0
1.06333 0 0 0 0
1.07 0 0 0 0
1.07667 0 0 0 0
1.08333 0 0 0 0
1.09 0 0 0 0
1.09667 0 0 0 0
1.10333 0 0 0 0
1.11 0 0 0 0
1.11667 0 0 0 0
1.12333 0 0 0 0
1.13 0 0 0 0
1.13667 0 0 0 0
1.14333 0 0 0 0
1.15 0 0 0 0
1.15667 0 0 0 0
1.16333 0 0 0 0
1.17 0 0 0 0
1.17667 0 0 0 0
1.18333 0 0 0 0
1.19 0 0 0 0
1.19667 0 0 0 0
1.20333 0 0 0 0
1.21 0 0 0 0
1.21667 0 0 0 0
1.22333 0 0 0 0
1.23 0 0 0 0
1.23667 0 0 0 0
1.24333 0 0 0 0
1.25 0 0 0 0
1.25667 0 0 0 0
1.26333 0 0 0 0
1.27 0 0 0 0
1.27667 0 0 0 0
1.28333 0 0 0 0
1.29 0 0 0 0
1.29667 0 0 0 0
1.30333 0 0 0 0
1.31 0 0 0 0
1.31667 0 0 0 0
1.32333 0 0 0 0
1.33 0 0 0 0
1.33667 0 0 0 0
1.34333 0 0 0 0
1.35 0 0 0 0
1.35667 0 0 0 0
1.36333 0 0 0 0
1.37 0 0 0 0
1.37667 0 0 0 0
1.38333 0 0 0 0
1.39 0 0 0 0
1.39667 0 0 0 0
1.40333 0 0 0 0
1.41 0 0 0 0
1.41667 0 0 0 0
1.42333 0 0 0 0
1.43 0 0 0 0
1.43667 0 0 0 0
1.44333 0 0 0 0
1.45 0 0 0 0
1.45667 0 0 0 0
1.46333 0 0 0 0
1.47 0 0 0 0
1.47667 0 0 0 0
1.48333 0 0 0 0
1.49 0 0 0 0
1.49667 0 0 0 0
1.50333 0 0 0 0
1.51 0 0 0 0
1.51667 0 0 0 0
1.52333 0 0 0 0
1.53 0 0 0 0
1.53667 0 0 0 0
1.54333 0 0 0 0
1.55 0 0 0 0
1.55667 0 0 0 0
1.56333 0 0 0 0
1.57 0 0 0 0
1.57667 0 0 0 0
1.58333 0 0 0 0
1.59 0 0 0 0
1.59667 0 0 0 0
1.60333 0 0 0 0
1.61 0 0 0 0
1.61667 0 0 0 0
1.62333 0 0 0 0
1.63 0 0 0 0
1.63667 0 0 0 0
1.64333 0 0 0 0
1.65 0 0 0 0
1.65667 0 0 0 0
1.66333 0 0 0 0
1.67 0 0 0 0
1.67667 0 0 0 0
1.68333 0 0 0 0
1.69 0 0 0 0
1.69667 0 0 0 0
1.70333 0 0 0 0
1.71 0 0 0 0
1.71667 0 0 0 0
1.72333 0 0 0 0
1.73 0 0 0 0
1.73667 0 0 0 0
1.74333 0 0 0 0
1.75 0 0 0 0
1.75667 0 0 0 0
1.76333 0 0 0 0
1.77 0 0 0 0
1.77667 0 0 0 0
1.78333 0 0 0 0
1.79 0 0 0 0
1.79667 0 0 0 0
1.80333 0 0 0 0
1.81 0 0 0 0
1.81667 0 0 0 0
1.82333 0 0 0 0
1.83 0 0 0 0
1.83667 0 0 0 0
1.84333 0 0 0 0
1.85 0 0 0 0
1.85667 0 0 0 0
1.86333 0 0 0 0
1.87 0 0 0 0
1.87667 0 0 0 0
1.88333 0 0 0 0
1.89 0 0 0 0
1.89667 0 0 0 0
1.90333 0 0 0 0
1.91 0 0 0 0
1.91667 0 0 0 0
1.92333 0 0 0 0
1.93 0 0 0 0
1.93667 0 0 0 0
1.94333 0 0 0 0
1.95 0 0 0 0
1.95667 0 0 0 0
1.96333 0 0 0 0
1.97 0 0 0 0
1.97667 0 0 0 0
1.98333 0 0 0 0
1.99 0 0 0 0
1.99667 0 0 0 0
