0.00333333 2 20 70 22
0.01 6 12 90 29
0.0166667 3 27 87 22
0.0233333 4 19 102 20
0.03 3 26 120 23
0.0366667 4 31 120 39
0.0433333 3 42 141 40
0.05 5 37 214 50
0.0566667 11 54 218 77
0.0633333 9 56 247 69
0.07 8 47 261 76
0.0766667 11 42 267 77
0.0833333 11 58 311 82
0.09 7 44 264 60
0.0966667 5 59 283 69
0.103333 13 74 280 77
0.11 8 44 264 82
0.116667 10 49 305 64
0.123333 12 57 317 75
0.13 10 53 266 73
0.136667 9 43 265 85
0.143333 6 51 244 61
0.15 6 60 254 67
0.156667 10 56 229 51
0.163333 7 58 264 61
0.17 12 41 234 64
0.176667 10 39 238 59
0.183333 4 52 232 66
0.19 9 41 294 67
0.196667 9 50 298 50
0.203333 6 40 239 62
0.21 4 38 229 60
0.216667 10 27 211 43
0.223333 6 27 214 51
0.23 8 33 201 44
0.236667 4 28 198 46
0.243333 6 41 189 47
0.25 7 41 180 59
0.256667 6 31 165 38
0.263333 6 30 148 42
0.27 5 24 184 41
0.276667 8 32 134 41
0.283333 2 25 146 43
0.29 3 31 162 20
0.296667 5 23 117 32
0.303333 6 27 115 33
0.31 2 19 142 36
0.316667 5 26 118 36
0.323333 7 18 116 33
0.33 5 25 102 39
0.336667 5 21 102 29
0.343333 5 19 108 37
0.35 7 17 100 34
0.356667 2 23 92 38
0.363333 5 19 91 27
0.37 5 24 95 13
0.376667 1 24 96 30
0.383333 5 16 84 19
0.39 2 15 95 39
0.396667 8 23 98 28
0.403333 6 12 84 25
0.41 0 15 95 20
0.416667 7 15 97 33
0.423333 0 17 87 29
0.43 6 15 79 23
0.436667 4 31 83 19
0.443333 2 23 93 22
0.45 2 15 76 26
0.456667 3 15 78 23
0.463333 8 20 97 33
0.47 5 19 81 27
0.476667 4 16 65 23
0.483333 5 16 46 22
0.49 1 11 50 13
0.496667 7 14 45 9
0.503333 5 17 55 15
0.51 5 7 48 15
0.516667 1 7 35 15
0.523333 4 15 58 12
0.53 3 9 49 11
0.536667 7 15 48 16
0.543333 3 18 36 9
0.55 2 9 31 14
0.556667 1 12 42 15
0.563333 3 15 42 17
0.57 2 7 29 12
0.576667 5 11 31 15
0.583333 2 15 52 13
0.59 5 12 36 16
0.596667 3 3 34 10
0.603333 6 11 37 15
0.61 1 8 44 9
0.616667 1 8 34 5
0.623333 5 10 36 12
0.63 2 8 36 11
0.636667 5 9 35 19
0.643333 1 4 39 8
0.65 3 8 28 8
0.656667 2 3 36 9
0.663333 69 434 2884 605
0.67 0 0 0 0
0.676667 0 0 0 0
0.683333 0 0 0 0
0.69 0 0 0 0
0.696667 0 0 0 0
0.703333 0 0 0 0
0.71 0 0 0 0
0.716667 0 0 0 0
0.723333 0 0 0 0
0.73 0 0 0 0
0.736667 0 0 0 0
0.743333 0 0 0 0
0.75 0 0 0 0
0.756667 0 0 0 0
0.763333 0 0 0 0
0.77 0 0 0 0
0.776667 0 0 0 0
0.783333 0 0 0 0
0.79 0 0 0 0
0.796667 0 0 0 0
0.803333 0 0 0 0
0.81 0 0 0 0
0.816667 0 0 0 0
0.823333 0 0 0 0
0.83 0 0 0 0
0.836667 0 0 0 0
0.843333 0 0 0 0
0.85 0 0 0 0
0.856667 0 0 0 0
0.863333 0 0 0 0
0.87 0 0 0 0
0.876667 0 0 0 0
0.883333 0 0 0 0
0.89 0 0 0 0
0.896667 0 0 0 0
0.903333 0 0 0 0
0.91 0 0 0 0
0.916667 0 0 0 0
0.923333 0 0 0 0
0.93 0 0 0 0
0.936667 0 0 0 0
0.943333 0 0 0 0
0.95 0 0 0 0
0.956667 0 0 0 0
0.963333 0 0 0 0
0.97 0 0 0 0
0.976667 0 0 0 0
0.983333 0 0 0 0
0.99 0 0 0 0
0.996667 0 0 0 0
1.00333 0 0 0 0
1.01 0 0 0 0
1.01667 0 0 0 0
1.02333 0 0 0 0
1.03 0 0 0 0
1.03667 0 0 0 0
1.04333 0 0 0 0
1.05 0 0 0 0
1.05667 0 0 0 0
1.06333 0 0 0 0
1.07 0 0 0 0
1.07667 0 0 0 0
1.08333 0 0 0 0
1.09 0 0 0 0
1.09667 0 0 0 0
1.10333 0 0 0 0
1.11 0 0 0 0
1.11667 0 0 0 0
1.12333 0 0 0 0
1.13 0 0 0 0
1.13667 0 0 0 0
1.14333 0 0 0 0
1.15 0 0 0 0
1.15667 0 0 0 0
1.16333 0 0 0 0
1.17 0 0 0 0
1.17667 0 0 0 0
1.18333 0 0 0 0
1.19 0 0 0 0
1.19667 0 0 0 0
1.20333 0 0 0 0
1.21 0 0 0 0
1.21667 0 0 0 0
1.22333 0 0 0 0
1.23 0 0 0 0
1.23667 0 0 0 0
1.24333 0 0 0 0
1.25 0 0 0 0
1.25667 0 0 0 0
1.26333 0 0 0 0
1.27 0 0 0 0
1.27667 0 0 0 0
1.28333 0 0 0 0
1.29 0 0 0 0
1.29667 0 0 0 0
1.30333 0 0 0 0
1.31 0 0 0 0
1.31667 0 0 0 0
1.32333 0 0 0 0
1.33 0 0 0 0
1.33667 0 0 0 0
1.34333 0 0 0 0
1.35 0 0 0 0
1.35667 0 0 0 0
1.36333 0 0 0 0
1.37 0 0 0 0
1.37667 0 0 0 0
1.38333 0 0 0 0
1.39 0 0 0 0
1.39667 0 0 0 0
1.40333 0 0 0 0
1.41 0 0 0 0
1.41667 0 0 0 0
1.42333 0 0 0 0
1.43 0 0 0 0
1.43667 0 0 0 0
1.44333 0 0 0 0
1.45 0 0 0 0
1.45667 0 0 0 0
1.46333 0 0 0 0
1.47 0 0 0 0
1.47667 0 0 0 0
1.48333 0 0 0 0
1.49 0 0 0 0
1.49667 0 0 0 0
1.50333 0 0 0 0
1.51 0 0 0 0
1.51667 0 0 0 0
1.52333 0 0 0 0
1.53 0 0 0 0
1.53667 0 0 0 0
1.54333 0 0 0 0
1.55 0 0 0 0
1.55667 0 0 0 0
1.56333 0 0 0 0
1.57 0 0 0 0
1.57667 0 0 0 0
1.58333 0 0 0 0
1.59 0 0 0 0
1.59667 0 0 0 0
1.60333 0 0 0 0
1.61 0 0 0 0
1.61667 0 0 0 0
1.62333 0 0 0 0
1.63 0 0 0 0
1.63667 0 0 0 0
1.64333 0 0 0 0
1.65 0 0 0 0
1.65667 0 0 0 0
1.66333 0 0 0 0
1.67 0 0 0 0
1.67667 0 0 0 0
1.68333 0 0 0 0
1.69 0 0 0 0
1.69667 0 0 0 0
1.70333 0 0 0 0
1.71 0 0 0 0
1.71667 0 0 0 0
1.72333 0 0 0 0
1.73 0 0 0 0
1.73667 0 0 0 0
1.74333 0 0 0 0
1.75 0 0 0 0
1.75667 0 0 0 0
1.76333 0 0 0 0
1.77 0 0 0 0
1.77667 0 0 0 0
1.78333 0 0 0 0
1.79 0 0 0 0
1.79667 0 0 0 0
1.80333 0 0 0 0
1.81 0 0 0 0
1.81667 0 0 0 0
1.82333 0 0 0 0
1.83 0 0 0 0
1.83667 0 0 0 0
1.84333 0 0 0 0
1.85 0 0 0 0
1.85667 0 0 0 0
1.86333 0 0 0 0
1.87 0 0 0 0
1.87667 0 0 0 0
1.88333 0 0 0 0
1.89 0 0 0 0
1.89667 0 0 0 0
1.90333 0 0 0 0
1.91 0 0 0 0
1.91667 0 0 0 0
1.92333 0 0 0 0
1.93 0 0 0 0
1.93667 0 0 0 0
1.94333 0 0 0 0
1.95 0 0 0 0
1.95667 0 0 0 0
1.96333 0 0 0 0
1.97 0 0 0 0
1.97667 0 0 0 0
1.98333 0 0 0 0
1.99 0 0 0 0
1.99667 0 0 0 0
