0.00333333 32 35 2 0
0.01 40 55 3 1
0.0166667 41 58 2 2
0.0233333 51 70 10 2
0.03 60 77 5 0
0.0366667 62 103 10 0
0.0433333 99 107 7 1
0.05 119 168 9 1
0.0566667 130 178 16 3
0.0633333 148 188 16 3
0.07 157 197 18 1
0.0766667 156 203 10 5
0.0833333 169 217 20 3
0.09 177 236 20 0
0.0966667 148 215 8 2
0.103333 172 220 16 3
0.11 155 213 17 2
0.116667 182 234 25 0
0.123333 154 195 4 4
0.13 142 205 13 2
0.136667 131 199 19 1
0.143333 138 167 12 1
0.15 121 201 9 2
0.156667 114 169 11 1
0.163333 114 180 13 1
0.17 124 161 9 2
0.176667 151 143 13 4
0.183333 128 156 17 1
0.19 130 188 10 2
0.196667 113 146 11 1
0.203333 113 157 7 0
0.21 94 150 16 2
0.216667 108 153 13 1
0.223333 103 138 7 2
0.23 82 124 10 0
0.236667 89 129 4 0
0.243333 80 111 7 1
0.25 84 112 11 1
0.256667 83 96 4 2
0.263333 65 96 9 2
0.27 70 97 8 1
0.276667 73 108 3 3
0.283333 72 86 7 2
0.29 69 101 8 0
0.296667 54 85 9 0
0.303333 91 96 7 0
0.31 73 98 6 0
0.316667 60 80 4 2
0.323333 60 92 7 2
0.33 70 88 5 0
0.336667 61 76 5 5
0.343333 68 74 4 1
0.35 50 80 5 1
0.356667 56 66 6 2
0.363333 47 72 5 0
0.37 54 69 5 1
0.376667 57 66 6 3
0.383333 64 69 2 1
0.39 52 63 4 0
0.396667 53 77 4 1
0.403333 46 51 9 0
0.41 41 62 4 1
0.416667 47 81 2 1
0.423333 50 45 5 1
0.43 43 47 3 2
0.436667 56 57 7 1
0.443333 49 64 3 3
0.45 44 68 5 0
0.456667 38 63 9 1
0.463333 32 61 5 1
0.47 36 55 5 0
0.476667 27 43 5 2
0.483333 36 34 8 1
0.49 32 36 6 0
0.496667 30 44 2 1
0.503333 29 29 2 0
0.51 30 32 2 0
0.516667 27 27 5 1
0.523333 24 34 6 0
0.53 30 36 2 2
0.536667 26 35 4 2
0.543333 30 36 4 1
0.55 28 29 4 0
0.556667 23 31 3 0
0.563333 21 36 5 0
0.57 22 30 7 1
0.576667 18 31 3 1
0.583333 27 28 7 0
0.59 15 19 2 1
0.596667 16 18 0 0
0.603333 16 33 4 0
0.61 21 22 2 1
0.616667 20 28 3 1
0.623333 24 25 3 0
0.63 24 28 6 0
0.636667 27 30 2 1
0.643333 22 24 3 2
0.65 19 32 3 4
0.656667 16 31 2 0
0.663333 1149 1643 70 16
0.67 0 0 0 0
0.676667 0 0 0 0
0.683333 0 0 0 0
0.69 0 0 0 0
0.696667 0 0 0 0
0.703333 0 0 0 0
0.71 0 0 0 0
0.716667 0 0 0 0
0.723333 0 0 0 0
0.73 0 0 0 0
0.736667 0 0 0 0
0.743333 0 0 0 0
0.75 0 0 0 0
0.756667 0 0 0 0
0.763333 0 0 0 0
0.77 0 0 0 0
0.776667 0 0 0 0
0.783333 0 0 0 0
0.79 0 0 0 0
0.796667 0 0 0 0
0.803333 0 0 0 0
0.81 0 0 0 0
0.816667 0 0 0 0
0.823333 0 0 0 0
0.83 0 0 0 0
0.836667 0 0 0 0
0.843333 0 0 0 0
0.85 0 0 0 0
0.856667 0 0 0 0
0.863333 0 0 0 0
0.87 0 0 0 0
0.876667 0 0 0 0
0.883333 0 0 0 0
0.89 0 0 0 0
0.896667 0 0 0 0
0.903333 0 0 0 0
0.91 0 0 0 0
0.916667 0 0 0 0
0.923333 0 0 0 0
0.93 0 0 0 0
0.936667 0 0 0 0
0.943333 0 0 0 0
0.95 0 0 0 0
0.956667 0 0 0 0
0.963333 0 0 0 0
0.97 0 0 0 0
0.976667 0 0 0 0
0.983333 0 0 0 0
0.99 0 0 0 0
0.996667 0 0 0 0
1.00333 0 0 0 0
1.01 0 0 0 0
1.01667 0 0 0 0
1.02333 0 0 0 0
1.03 0 0 0 0
1.03667 0 0 0 0
1.04333 0 0 0 0
1.05 0 0 0 0
1.05667 0 0 0 0
1.06333 0 0 0 0
1.07 0 0 0 0
1.07667 0 0 0 0
1.08333 0 0 0 0
1.09 0 0 0 0
1.09667 0 0 0 0
1.10333 0 0 0 0
1.11 0 0 0 0
1.11667 0 0 0 0
1.12333 0 0 0 0
1.13 0 0 0 0
1.13667 0 0 0 0
1.14333 0 0 0 0
1.15 0 0 0 0
1.15667 0 0 0 0
1.16333 0 0 0 0
1.17 0 0 0 0
1.17667 0 0 0 0
1.18333 0 0 0 0
1.19 0 0 0 0
1.19667 0 0 0 0
1.20333 0 0 0 0
1.21 0 0 0 0
1.21667 0 0 0 0
1.22333 0 0 0 0
1.23 0 0 0 0
1.23667 0 0 0 0
1.24333 0 0 0 0
1.25 0 0 0 0
1.25667 0 0 0 0
1.26333 0 0 0 0
1.27 0 0 0 0
1.27667 0 0 0 0
1.28333 0 0 0 0
1.29 0 0 0 0
1.29667 0 0 0 0
1.30333 0 0 0 0
1.31 0 0 0 0
1.31667 0 0 0 0
1.32333 0 0 0 0
1.33 0 0 0 0
1.33667 0 0 0 0
1.34333 0 0 0 0
1.35 0 0 0 0
1.35667 0 0 0 0
1.36333 0 0 0 0
1.37 0 0 0 0
1.37667 0 0 0 0
1.38333 0 0 0 0
1.39 0 0 0 0
1.39667 0 0 0 0
1.40333 0 0 0 0
1.41 0 0 0 0
1.41667 0 0 0 0
1.42333 0 0 0 0
1.43 0 0 0 0
1.43667 0 0 0 0
1.44333 0 0 0 0
1.45 0 0 0 0
1.45667 0 0 0 0
1.46333 0 0 0 0
1.47 0 0 0 0
1.47667 0 0 0 0
1.48333 0 0 0 0
1.49 0 0 0 0
1.49667 0 0 0 0
1.50333 0 0 0 0
1.51 0 0 0 0
1.51667 0 0 0 0
1.52333 0 0 0 0
1.53 0 0 0 0
1.53667 0 0 0 0
1.54333 0 0 0 0
1.55 0 0 0 0
1.55667 0 0 0 0
1.56333 0 0 0 0
1.57 0 0 0 0
1.57667 0 0 0 0
1.58333 0 0 0 0
1.59 0 0 0 0
1.59667 0 0 0 0
1.60333 0 0 0 0
1.61 0 0 0 0
1.61667 0 0 0 0
1.62333 0 0 0 0
1.63 0 0 0 0
1.63667 0 0 0 0
1.64333 0 0 0 0
1.65 0 0 0 0
1.65667 0 0 0 0
1.66333 0 0 0 0
1.67 0 0 0 0
1.67667 0 0 0 0
1.68333 0 0 0 0
1.69 0 0 0 0
1.69667 0 0 0 0
1.70333 0 0 0 0
1.71 0 0 0 0
1.71667 0 0 0 0
1.72333 0 0 0 0
1.73 0 0 0 0
1.73667 0 0 0 0
1.74333 0 0 0 0
1.75 0 0 0 0
1.75667 0 0 0 0
1.76333 0 0 0 0
1.77 0 0 0 0
1.77667 0 0 0 0
1.78333 0 0 0 0
1.79 0 0 0 0
1.79667 0 0 0 0
1.80333 0 0 0 0
1.81 0 0 0 0
1.81667 0 0 0 0
1.82333 0 0 0 0
1.83 0 0 0 0
1.83667 0 0 0 0
1.84333 0 0 0 0
1.85 0 0 0 0
1.85667 0 0 0 0
1.86333 0 0 0 0
1.87 0 0 0 0
1.87667 0 0 0 0
1.88333 0 0 0 0
1.89 0 0 0 0
1.89667 0 0 0 0
1.90333 0 0 0 0
1.91 0 0 0 0
1.91667 0 0 0 0
1.92333 0 0 0 0
1.93 0 0 0 0
1.93667 0 0 0 0
1.94333 0 0 0 0
1.95 0 0 0 0
1.95667 0 0 0 0
1.96333 0 0 0 0
1.97 0 0 0 0
1.97667 0 0 0 0
1.98333 0 0 0 0
1.99 0 0 0 0
1.99667 0 0 0 0
