0.00333333 1 20 87 20
0.01 3 5 99 31
0.0166667 2 12 114 29
0.0233333 4 13 112 37
0.03 2 18 117 32
0.0366667 6 20 140 49
0.0433333 1 34 167 50
0.05 3 25 240 62
0.0566667 10 33 259 84
0.0633333 12 48 298 93
0.07 7 42 296 101
0.0766667 6 38 306 89
0.0833333 5 54 328 110
0.09 3 37 315 107
0.0966667 7 41 325 98
0.103333 6 41 330 97
0.11 5 41 308 90
0.116667 2 39 359 108
0.123333 8 41 350 114
0.13 9 48 344 92
0.136667 4 33 328 99
0.143333 4 44 291 82
0.15 7 46 286 81
0.156667 6 39 304 66
0.163333 6 50 314 83
0.17 7 34 273 83
0.176667 10 35 280 86
0.183333 7 42 279 87
0.19 7 32 320 80
0.196667 6 38 326 67
0.203333 5 33 285 78
0.21 2 25 279 68
0.216667 8 21 257 63
0.223333 4 19 276 69
0.23 6 29 247 56
0.236667 4 23 234 69
0.243333 4 30 225 51
0.25 3 27 210 70
0.256667 0 28 193 51
0.263333 3 21 205 53
0.27 4 18 191 54
0.276667 8 21 172 54
0.283333 0 35 175 63
0.29 3 29 185 36
0.296667 7 13 152 40
0.303333 5 17 156 51
0.31 2 9 163 42
0.316667 5 20 115 47
0.323333 5 19 132 43
0.33 6 18 111 41
0.336667 5 23 133 34
0.343333 2 15 123 39
0.35 8 13 104 40
0.356667 3 14 118 52
0.363333 2 12 100 33
0.37 5 24 106 35
0.376667 3 22 124 36
0.383333 2 14 106 29
0.39 1 12 107 46
0.396667 4 14 122 29
0.403333 3 10 103 26
0.41 3 8 109 28
0.416667 3 9 111 29
0.423333 1 11 101 42
0.43 3 16 97 43
0.436667 3 21 107 26
0.443333 2 15 109 28
0.45 2 13 99 27
0.456667 2 20 115 42
0.463333 8 12 98 39
0.47 2 16 110 35
0.476667 4 12 86 31
0.483333 5 13 55 19
0.49 1 5 55 19
0.496667 3 9 45 6
0.503333 5 17 58 19
0.51 1 7 67 23
0.516667 2 6 58 19
0.523333 2 9 56 16
0.53 1 11 58 19
0.536667 6 10 54 18
0.543333 2 9 37 16
0.55 4 8 48 12
0.556667 0 10 58 14
0.563333 3 17 49 21
0.57 4 9 44 15
0.576667 5 14 28 14
0.583333 2 8 56 18
0.59 2 5 41 22
0.596667 1 5 38 9
0.603333 2 7 47 18
0.61 1 10 46 10
0.616667 2 9 46 8
0.623333 4 9 31 9
0.63 1 6 36 11
0.636667 3 4 45 19
0.643333 1 6 32 5
0.65 1 7 47 12
0.656667 2 4 39 14
0.663333 53 352 3784 835
0.67 0 0 0 0
0.676667 0 0 0 0
0.683333 0 0 0 0
0.69 0 0 0 0
0.696667 0 0 0 0
0.703333 0 0 0 0
0.71 0 0 0 0
0.716667 0 0 0 0
0.723333 0 0 0 0
0.73 0 0 0 0
0.736667 0 0 0 0
0.743333 0 0 0 0
0.75 0 0 0 0
0.756667 0 0 0 0
0.763333 0 0 0 0
0.77 0 0 0 0
0.776667 0 0 0 0
0.783333 0 0 0 0
0.79 0 0 0 0
0.796667 0 0 0 0
0.803333 0 0 0 0
0.81 0 0 0 0
0.816667 0 0 0 0
0.823333 0 0 0 0
0.83 0 0 0 0
0.836667 0 0 0 0
0.843333 0 0 0 0
0.85 0 0 0 0
0.856667 0 0 0 0
0.863333 0 0 0 0
0.87 0 0 0 0
0.876667 0 0 0 0
0.883333 0 0 0 0
0.89 0 0 0 0
0.896667 0 0 0 0
0.903333 0 0 0 0
0.91 0 0 0 0
0.916667 0 0 0 0
0.923333 0 0 0 0
0.93 0 0 0 0
0.936667 0 0 0 0
0.943333 0 0 0 0
0.95 0 0 0 0
0.956667 0 0 0 0
0.963333 0 0 0 0
0.97 0 0 0 0
0.976667 0 0 0 0
0.983333 0 0 0 0
0.99 0 0 0 0
0.996667 0 0 0 0
1.00333 0 0 0 0
1.01 0 0 0 0
1.01667 0 0 0 0
1.02333 0 0 0 0
1.03 0 0 0 0
1.03667 0 0 0 0
1.04333 0 0 0 0
1.05 0 0 0 0
1.05667 0 0 0 0
1.06333 0 0 0 0
1.07 0 0 0 0
1.07667 0 0 0 0
1.08333 0 0 0 0
1.09 0 0 0 0
1.09667 0 0 0 0
1.10333 0 0 0 0
1.11 0 0 0 0
1.11667 0 0 0 0
1.12333 0 0 0 0
1.13 0 0 0 0
1.13667 0 0 0 0
1.14333 0 0 0 0
1.15 0 0 0 0
1.15667 0 0 0 0
1.16333 0 0 0 0
1.17 0 0 0 0
1.17667 0 0 0 0
1.18333 0 0 0 0
1.19 0 0 0 0
1.19667 0 0 0 0
1.20333 0 0 0 0
1.21 0 0 0 0
1.21667 0 0 0 0
1.22333 0 0 0 0
1.23 0 0 0 0
1.23667 0 0 0 0
1.24333 0 0 0 0
1.25 0 0 0 0
1.25667 0 0 0 0
1.26333 0 0 0 0
1.27 0 0 0 0
1.27667 0 0 0 0
1.28333 0 0 0 0
1.29 0 0 0 0
1.29667 0 0 0 0
1.30333 0 0 0 0
1.31 0 0 0 0
1.31667 0 0 0 0
1.32333 0 0 0 0
1.33 0 0 0 0
1.33667 0 0 0 0
1.34333 0 0 0 0
1.35 0 0 0 0
1.35667 0 0 0 0
1.36333 0 0 0 0
1.37 0 0 0 0
1.37667 0 0 0 0
1.38333 0 0 0 0
1.39 0 0 0 0
1.39667 0 0 0 0
1.40333 0 0 0 0
1.41 0 0 0 0
1.41667 0 0 0 0
1.42333 0 0 0 0
1.43 0 0 0 0
1.43667 0 0 0 0
1.44333 0 0 0 0
1.45 0 0 0 0
1.45667 0 0 0 0
1.46333 0 0 0 0
1.47 0 0 0 0
1.47667 0 0 0 0
1.48333 0 0 0 0
1.49 0 0 0 0
1.49667 0 0 0 0
1.50333 0 0 0 0
1.51 0 0 0 0
1.51667 0 0 0 0
1.52333 0 0 0 0
1.53 0 0 0 0
1.53667 0 0 0 0
1.54333 0 0 0 0
1.55 0 0 0 0
1.55667 0 0 0 0
1.56333 0 0 0 0
1.57 0 0 0 0
1.57667 0 0 0 0
1.58333 0 0 0 0
1.59 0 0 0 0
1.59667 0 0 0 0
1.60333 0 0 0 0
1.61 0 0 0 0
1.61667 0 0 0 0
1.62333 0 0 0 0
1.63 0 0 0 0
1.63667 0 0 0 0
1.64333 0 0 0 0
1.65 0 0 0 0
1.65667 0 0 0 0
1.66333 0 0 0 0
1.67 0 0 0 0
1.67667 0 0 0 0
1.68333 0 0 0 0
1.69 0 0 0 0
1.69667 0 0 0 0
1.70333 0 0 0 0
1.71 0 0 0 0
1.71667 0 0 0 0
1.72333 0 0 0 0
1.73 0 0 0 0
1.73667 0 0 0 0
1.74333 0 0 0 0
1.75 0 0 0 0
1.75667 0 0 0 0
1.76333 0 0 0 0
1.77 0 0 0 0
1.77667 0 0 0 0
1.78333 0 0 0 0
1.79 0 0 0 0
1.79667 0 0 0 0
1.80333 0 0 0 0
1.81 0 0 0 0
1.81667 0 0 0 0
1.82333 0 0 0 0
1.83 0 0 0 0
1.83667 0 0 0 0
1.84333 0 0 0 0
1.85 0 0 0 0
1.85667 0 0 0 0
1.86333 0 0 0 0
1.87 0 0 0 0
1.87667 0 0 0 0
1.88333 0 0 0 0
1.89 0 0 0 0
1.89667 0 0 0 0
1.90333 0 0 0 0
1.91 0 0 0 0
1.91667 0 0 0 0
1.92333 0 0 0 0
1.93 0 0 0 0
1.93667 0 0 0 0
1.94333 0 0 0 0
1.95 0 0 0 0
1.95667 0 0 0 0
1.96333 0 0 0 0
1.97 0 0 0 0
1.97667 0 0 0 0
1.98333 0 0 0 0
1.99 0 0 0 0
1.99667 0 0 0 0
