0.00333333 9 30 14 1
0.01 13 35 15 5
0.0166667 16 57 9 3
0.0233333 26 45 29 4
0.03 17 60 20 2
0.0366667 25 65 24 6
0.0433333 33 82 24 7
0.05 26 138 34 5
0.0566667 37 143 34 5
0.0633333 51 175 41 12
0.07 62 171 61 7
0.0766667 40 182 48 12
0.0833333 49 169 37 7
0.09 52 177 52 11
0.0966667 53 165 54 7
0.103333 44 167 48 8
0.11 50 151 43 8
0.116667 46 174 52 8
0.123333 41 135 41 6
0.13 34 146 38 5
0.136667 39 133 40 9
0.143333 33 121 27 2
0.15 31 135 37 8
0.156667 42 104 30 7
0.163333 28 119 28 4
0.17 37 107 30 6
0.176667 49 121 36 8
0.183333 36 121 38 8
0.19 28 114 23 4
0.196667 39 140 37 10
0.203333 27 102 28 6
0.21 41 112 20 9
0.216667 28 94 25 6
0.223333 31 87 18 7
0.23 25 99 24 2
0.236667 26 76 21 7
0.243333 24 72 26 2
0.25 32 77 25 5
0.256667 24 68 22 6
0.263333 24 68 18 4
0.27 22 69 26 6
0.276667 21 66 13 4
0.283333 19 60 13 4
0.29 14 74 13 3
0.296667 14 55 25 5
0.303333 18 75 20 2
0.31 22 51 18 0
0.316667 26 49 9 2
0.323333 22 53 16 5
0.33 11 69 13 4
0.336667 15 49 16 4
0.343333 14 60 14 2
0.35 14 55 10 3
0.356667 15 56 13 5
0.363333 18 44 17 3
0.37 20 49 13 6
0.376667 19 41 12 9
0.383333 22 45 14 8
0.39 9 43 11 2
0.396667 16 36 14 1
0.403333 14 45 9 3
0.41 20 57 8 2
0.416667 14 41 15 6
0.423333 14 41 14 2
0.43 11 44 16 2
0.436667 11 40 13 2
0.443333 15 31 15 3
0.45 17 41 11 2
0.456667 15 43 16 8
0.463333 14 45 8 2
0.47 19 48 8 3
0.476667 15 36 12 3
0.483333 13 31 11 3
0.49 11 32 12 7
0.496667 11 39 10 1
0.503333 8 36 14 2
0.51 11 31 4 0
0.516667 9 26 7 3
0.523333 6 21 8 0
0.53 11 28 6 1
0.536667 10 22 7 2
0.543333 9 24 5 6
0.55 10 19 5 1
0.556667 7 17 5 2
0.563333 7 25 6 5
0.57 8 21 7 2
0.576667 8 14 7 3
0.583333 5 24 7 4
0.59 4 18 5 1
0.596667 1 19 13 1
0.603333 3 23 3 3
0.61 3 15 8 1
0.616667 8 15 7 1
0.623333 5 21 6 3
0.63 11 25 4 2
0.636667 8 21 6 1
0.643333 6 19 8 1
0.65 5 23 4 3
0.656667 5 17 7 0
0.663333 232 912 200 29
0.67 0 0 0 0
0.676667 0 0 0 0
0.683333 0 0 0 0
0.69 0 0 0 0
0.696667 0 0 0 0
0.703333 0 0 0 0
0.71 0 0 0 0
0.716667 0 0 0 0
0.723333 0 0 0 0
0.73 0 0 0 0
0.736667 0 0 0 0
0.743333 0 0 0 0
0.75 0 0 0 0
0.756667 0 0 0 0
0.763333 0 0 0 0
0.77 0 0 0 0
0.776667 0 0 0 0
0.783333 0 0 0 0
0.79 0 0 0 0
0.796667 0 0 0 0
0.803333 0 0 0 0
0.81 0 0 0 0
0.816667 0 0 0 0
0.823333 0 0 0 0
0.83 0 0 0 0
0.836667 0 0 0 0
0.843333 0 0 0 0
0.85 0 0 0 0
0.856667 0 0 0 0
0.863333 0 0 0 0
0.87 0 0 0 0
0.876667 0 0 0 0
0.883333 0 0 0 0
0.89 0 0 0 0
0.896667 0 0 0 0
0.903333 0 0 0 0
0.91 0 0 0 0
0.916667 0 0 0 0
0.923333 0 0 0 0
0.93 0 0 0 0
0.936667 0 0 0 0
0.943333 0 0 0 0
0.95 0 0 0 0
0.956667 0 0 0 0
0.963333 0 0 0 0
0.97 0 0 0 0
0.976667 0 0 0 0
0.983333 0 0 0 0
0.99 0 0 0 0
0.996667 0 0 0 0
1.00333 0 0 0 0
1.01 0 0 0 0
1.01667 0 0 0 0
1.02333 0 0 0 0
1.03 0 0 0 0
1.03667 0 0 0 0
1.04333 0 0 0 0
1.05 0 0 0 0
1.05667 0 0 0 0
1.06333 0 0 0 0
1.07 0 0 0 0
1.07667 0 0 0 0
1.08333 0 0 0 0
1.09 0 0 0 0
1.09667 0 0 0 0
1.10333 0 0 0 0
1.11 0 0 0 0
1.11667 0 0 0 0
1.12333 0 0 0 0
1.13 0 0 0 0
1.13667 0 0 0 0
1.14333 0 0 0 0
1.15 0 0 0 0
1.15667 0 0 0 0
1.16333 0 0 0 0
1.17 0 0 0 0
1.17667 0 0 0 0
1.18333 0 0 0 0
1.19 0 0 0 0
1.19667 0 0 0 0
1.20333 0 0 0 0
1.21 0 0 0 0
1.21667 0 0 0 0
1.22333 0 0 0 0
1.23 0 0 0 0
1.23667 0 0 0 0
1.24333 0 0 0 0
1.25 0 0 0 0
1.25667 0 0 0 0
1.26333 0 0 0 0
1.27 0 0 0 0
1.27667 0 0 0 0
1.28333 0 0 0 0
1.29 0 0 0 0
1.29667 0 0 0 0
1.30333 0 0 0 0
1.31 0 0 0 0
1.31667 0 0 0 0
1.32333 0 0 0 0
1.33 0 0 0 0
1.33667 0 0 0 0
1.34333 0 0 0 0
1.35 0 0 0 0
1.35667 0 0 0 0
1.36333 0 0 0 0
1.37 0 0 0 0
1.37667 0 0 0 0
1.38333 0 0 0 0
1.39 0 0 0 0
1.39667 0 0 0 0
1.40333 0 0 0 0
1.41 0 0 0 0
1.41667 0 0 0 0
1.42333 0 0 0 0
1.43 0 0 0 0
1.43667 0 0 0 0
1.44333 0 0 0 0
1.45 0 0 0 0
1.45667 0 0 0 0
1.46333 0 0 0 0
1.47 0 0 0 0
1.47667 0 0 0 0
1.48333 0 0 0 0
1.49 0 0 0 0
1.49667 0 0 0 0
1.50333 0 0 0 0
1.51 0 0 0 0
1.51667 0 0 0 0
1.52333 0 0 0 0
1.53 0 0 0 0
1.53667 0 0 0 0
1.54333 0 0 0 0
1.55 0 0 0 0
1.55667 0 0 0 0
1.56333 0 0 0 0
1.57 0 0 0 0
1.57667 0 0 0 0
1.58333 0 0 0 0
1.59 0 0 0 0
1.59667 0 0 0 0
1.60333 0 0 0 0
1.61 0 0 0 0
1.61667 0 0 0 0
1.62333 0 0 0 0
1.63 0 0 0 0
1.63667 0 0 0 0
1.64333 0 0 0 0
1.65 0 0 0 0
1.65667 0 0 0 0
1.66333 0 0 0 0
1.67 0 0 0 0
1.67667 0 0 0 0
1.68333 0 0 0 0
1.69 0 0 0 0
1.69667 0 0 0 0
1.70333 0 0 0 0
1.71 0 0 0 0
1.71667 0 0 0 0
1.72333 0 0 0 0
1.73 0 0 0 0
1.73667 0 0 0 0
1.74333 0 0 0 0
1.75 0 0 0 0
1.75667 0 0 0 0
1.76333 0 0 0 0
1.77 0 0 0 0
1.77667 0 0 0 0
1.78333 0 0 0 0
1.79 0 0 0 0
1.79667 0 0 0 0
1.80333 0 0 0 0
1.81 0 0 0 0
1.81667 0 0 0 0
1.82333 0 0 0 0
1.83 0 0 0 0
1.83667 0 0 0 0
1.84333 0 0 0 0
1.85 0 0 0 0
1.85667 0 0 0 0
1.86333 0 0 0 0
1.87 0 0 0 0
1.87667 0 0 0 0
1.88333 0 0 0 0
1.89 0 0 0 0
1.89667 0 0 0 0
1.90333 0 0 0 0
1.91 0 0 0 0
1.91667 0 0 0 0
1.92333 0 0 0 0
1.93 0 0 0 0
1.93667 0 0 0 0
1.94333 0 0 0 0
1.95 0 0 0 0
1.95667 0 0 0 0
1.96333 0 0 0 0
1.97 0 0 0 0
1.97667 0 0 0 0
1.98333 0 0 0 0
1.99 0 0 0 0
1.99667 0 0 0 0
