0.00333333 1 2 13 11
0.01 1 2 18 7
0.0166667 3 4 13 7
0.0233333 0 2 10 3
0.03 2 4 18 15
0.0366667 1 5 19 22
0.0433333 3 6 24 21
0.05 5 3 21 18
0.0566667 1 5 29 30
0.0633333 3 5 25 39
0.07 2 4 35 34
0.0766667 1 10 34 26
0.0833333 0 4 37 32
0.09 2 1 28 39
0.0966667 3 5 40 24
0.103333 1 7 41 26
0.11 1 8 33 28
0.116667 4 9 24 32
0.123333 0 9 33 24
0.13 1 4 33 32
0.136667 3 7 42 24
0.143333 1 7 26 29
0.15 0 7 28 26
0.156667 6 4 14 28
0.163333 2 6 24 21
0.17 1 5 19 17
0.176667 2 3 27 26
0.183333 3 2 31 24
0.19 3 6 40 29
0.196667 1 10 23 30
0.203333 3 4 23 14
0.21 3 4 18 23
0.216667 2 4 27 13
0.223333 3 7 14 17
0.23 1 12 22 15
0.236667 1 3 23 19
0.243333 1 5 16 14
0.25 6 10 27 19
0.256667 1 2 26 21
0.263333 1 4 27 14
0.27 3 7 13 20
0.276667 3 4 26 25
0.283333 2 2 20 23
0.29 1 2 14 23
0.296667 0 0 15 26
0.303333 1 1 18 21
0.31 0 8 18 21
0.316667 0 2 20 17
0.323333 0 4 22 20
0.33 2 6 28 19
0.336667 2 2 17 15
0.343333 1 3 19 15
0.35 2 5 20 30
0.356667 3 3 19 10
0.363333 3 6 21 8
0.37 4 5 17 21
0.376667 0 3 24 13
0.383333 1 2 22 20
0.39 2 5 22 17
0.396667 2 5 18 15
0.403333 3 4 20 12
0.41 2 2 19 13
0.416667 1 4 12 10
0.423333 3 3 17 13
0.43 0 5 19 15
0.436667 2 0 15 16
0.443333 3 6 18 15
0.45 0 5 14 19
0.456667 0 2 13 19
0.463333 2 2 22 21
0.47 4 4 11 20
0.476667 0 2 17 14
0.483333 1 5 13 9
0.49 0 3 15 8
0.496667 0 2 11 11
0.503333 1 2 9 5
0.51 0 2 9 10
0.516667 2 0 4 8
0.523333 0 1 9 13
0.53 0 4 8 6
0.536667 2 1 5 5
0.543333 0 2 6 5
0.55 1 2 8 8
0.556667 0 2 11 10
0.563333 0 1 4 12
0.57 0 4 8 10
0.576667 0 0 9 7
0.583333 2 2 4 8
0.59 2 2 8 11
0.596667 1 4 8 3
0.603333 1 3 10 4
0.61 1 2 13 9
0.616667 2 4 8 14
0.623333 2 2 3 7
0.63 3 2 5 15
0.636667 0 2 14 14
0.643333 1 2 8 4
0.65 3 1 5 6
0.656667 2 1 8 10
0.663333 59 120 636 532
0.67 0 0 0 0
0.676667 0 0 0 0
0.683333 0 0 0 0
0.69 0 0 0 0
0.696667 0 0 0 0
0.703333 0 0 0 0
0.71 0 0 0 0
0.716667 0 0 0 0
0.723333 0 0 0 0
0.73 0 0 0 0
0.736667 0 0 0 0
0.743333 0 0 0 0
0.75 0 0 0 0
0.756667 0 0 0 0
0.763333 0 0 0 0
0.77 0 0 0 0
0.776667 0 0 0 0
0.783333 0 0 0 0
0.79 0 0 0 0
0.796667 0 0 0 0
0.803333 0 0 0 0
0.81 0 0 0 0
0.816667 0 0 0 0
0.823333 0 0 0 0
0.83 0 0 0 0
0.836667 0 0 0 0
0.843333 0 0 0 0
0.85 0 0 0 0
0.856667 0 0 0 0
0.863333 0 0 0 0
0.87 0 0 0 0
0.876667 0 0 0 0
0.883333 0 0 0 0
0.89 0 0 0 0
0.896667 0 0 0 0
0.903333 0 0 0 0
0.91 0 0 0 0
0.916667 0 0 0 0
0.923333 0 0 0 0
0.93 0 0 0 0
0.936667 0 0 0 0
0.943333 0 0 0 0
0.95 0 0 0 0
0.956667 0 0 0 0
0.963333 0 0 0 0
0.97 0 0 0 0
0.976667 0 0 0 0
0.983333 0 0 0 0
0.99 0 0 0 0
0.996667 0 0 0 0
1.00333 0 0 0 0
1.01 0 0 0 0
1.01667 0 0 0 0
1.02333 0 0 0 0
1.03 0 0 0 0
1.03667 0 0 0 0
1.04333 0 0 0 0
1.05 0 0 0 0
1.05667 0 0 0 0
1.06333 0 0 0 0
1.07 0 0 0 0
1.07667 0 0 0 0
1.08333 0 0 0 0
1.09 0 0 0 0
1.09667 0 0 0 0
1.10333 0 0 0 0
1.11 0 0 0 0
1.11667 0 0 0 0
1.12333 0 0 0 0
1.13 0 0 0 0
1.13667 0 0 0 0
1.14333 0 0 0 0
1.15 0 0 0 0
1.15667 0 0 0 0
1.16333 0 0 0 0
1.17 0 0 0 0
1.17667 0 0 0 0
1.18333 0 0 0 0
1.19 0 0 0 0
1.19667 0 0 0 0
1.20333 0 0 0 0
1.21 0 0 0 0
1.21667 0 0 0 0
1.22333 0 0 0 0
1.23 0 0 0 0
1.23667 0 0 0 0
1.24333 0 0 0 0
1.25 0 0 0 0
1.25667 0 0 0 0
1.26333 0 0 0 0
1.27 0 0 0 0
1.27667 0 0 0 0
1.28333 0 0 0 0
1.29 0 0 0 0
1.29667 0 0 0 0
1.30333 0 0 0 0
1.31 0 0 0 0
1.31667 0 0 0 0
1.32333 0 0 0 0
1.33 0 0 0 0
1.33667 0 0 0 0
1.34333 0 0 0 0
1.35 0 0 0 0
1.35667 0 0 0 0
1.36333 0 0 0 0
1.37 0 0 0 0
1.37667 0 0 0 0
1.38333 0 0 0 0
1.39 0 0 0 0
1.39667 0 0 0 0
1.40333 0 0 0 0
1.41 0 0 0 0
1.41667 0 0 0 0
1.42333 0 0 0 0
1.43 0 0 0 0
1.43667 0 0 0 0
1.44333 0 0 0 0
1.45 0 0 0 0
1.45667 0 0 0 0
1.46333 0 0 0 0
1.47 0 0 0 0
1.47667 0 0 0 0
1.48333 0 0 0 0
1.49 0 0 0 0
1.49667 0 0 0 0
1.50333 0 0 0 0
1.51 0 0 0 0
1.51667 0 0 0 0
1.52333 0 0 0 0
1.53 0 0 0 0
1.53667 0 0 0 0
1.54333 0 0 0 0
1.55 0 0 0 0
1.55667 0 0 0 0
1.56333 0 0 0 0
1.57 0 0 0 0
1.57667 0 0 0 0
1.58333 0 0 0 0
1.59 0 0 0 0
1.59667 0 0 0 0
1.60333 0 0 0 0
1.61 0 0 0 0
1.61667 0 0 0 0
1.62333 0 0 0 0
1.63 0 0 0 0
1.63667 0 0 0 0
1.64333 0 0 0 0
1.65 0 0 0 0
1.65667 0 0 0 0
1.66333 0 0 0 0
1.67 0 0 0 0
1.67667 0 0 0 0
1.68333 0 0 0 0
1.69 0 0 0 0
1.69667 0 0 0 0
1.70333 0 0 0 0
1.71 0 0 0 0
1.71667 0 0 0 0
1.72333 0 0 0 0
1.73 0 0 0 0
1.73667 0 0 0 0
1.74333 0 0 0 0
1.75 0 0 0 0
1.75667 0 0 0 0
1.76333 0 0 0 0
1.77 0 0 0 0
1.77667 0 0 0 0
1.78333 0 0 0 0
1.79 0 0 0 0
1.79667 0 0 0 0
1.80333 0 0 0 0
1.81 0 0 0 0
1.81667 0 0 0 0
1.82333 0 0 0 0
1.83 0 0 0 0
1.83667 0 0 0 0
1.84333 0 0 0 0
1.85 0 0 0 0
1.85667 0 0 0 0
1.86333 0 0 0 0
1.87 0 0 0 0
1.87667 0 0 0 0
1.88333 0 0 0 0
1.89 0 0 0 0
1.89667 0 0 0 0
1.90333 0 0 0 0
1.91 0 0 0 0
1.91667 0 0 0 0
1.92333 0 0 0 0
1.93 0 0 0 0
1.93667 0 0 0 0
1.94333 0 0 0 0
1.95 0 0 0 0
1.95667 0 0 0 0
1.96333 0 0 0 0
1.97 0 0 0 0
1.97667 0 0 0 0
1.98333 0 0 0 0
1.99 0 0 0 0
1.99667 0 0 0 0
