0.00333333 13 44 17 0
0.01 26 47 13 2
0.0166667 23 56 13 3
0.0233333 24 69 16 2
0.03 15 73 12 2
0.0366667 28 83 17 3
0.0433333 49 102 22 2
0.05 56 172 21 3
0.0566667 72 187 26 3
0.0633333 92 184 31 8
0.07 87 185 33 5
0.0766667 71 167 43 4
0.0833333 76 186 27 5
0.09 72 206 42 7
0.0966667 86 187 40 5
0.103333 76 197 33 4
0.11 69 187 30 6
0.116667 73 207 27 6
0.123333 57 181 32 1
0.13 53 165 24 4
0.136667 62 190 35 7
0.143333 57 149 21 2
0.15 50 146 27 5
0.156667 52 143 25 3
0.163333 43 145 18 6
0.17 46 139 19 5
0.176667 66 128 26 7
0.183333 52 134 21 7
0.19 39 134 18 0
0.196667 44 149 23 1
0.203333 58 117 18 5
0.21 46 149 11 9
0.216667 24 99 13 5
0.223333 40 98 20 2
0.23 33 110 12 2
0.236667 37 105 20 3
0.243333 37 93 10 2
0.25 38 106 22 4
0.256667 28 97 18 2
0.263333 34 76 19 5
0.27 26 94 11 3
0.276667 24 73 7 2
0.283333 27 74 11 4
0.29 25 75 12 2
0.296667 20 76 19 1
0.303333 27 71 11 3
0.31 39 59 9 1
0.316667 30 61 15 2
0.323333 21 65 16 2
0.33 26 67 13 4
0.336667 24 66 14 0
0.343333 25 57 9 0
0.35 17 60 8 1
0.356667 22 55 12 2
0.363333 21 58 12 1
0.37 22 49 9 3
0.376667 17 44 11 7
0.383333 21 62 9 5
0.39 17 51 6 1
0.396667 20 60 11 5
0.403333 21 48 7 0
0.41 23 45 6 1
0.416667 13 51 9 1
0.423333 11 44 4 3
0.43 18 42 7 0
0.436667 22 59 7 3
0.443333 16 52 6 1
0.45 28 56 8 1
0.456667 17 44 9 5
0.463333 19 43 6 2
0.47 22 44 4 2
0.476667 24 45 10 3
0.483333 14 35 7 2
0.49 13 41 10 2
0.496667 6 32 8 2
0.503333 18 30 9 1
0.51 16 24 1 0
0.516667 12 31 5 0
0.523333 8 30 5 0
0.53 16 23 4 1
0.536667 12 23 8 1
0.543333 8 27 6 3
0.55 10 22 1 1
0.556667 7 28 5 1
0.563333 10 21 5 3
0.57 10 28 5 2
0.576667 9 25 4 2
0.583333 15 22 4 4
0.59 9 23 2 2
0.596667 11 27 7 0
0.603333 3 20 3 2
0.61 10 20 4 2
0.616667 8 22 6 1
0.623333 9 31 2 2
0.63 11 25 1 2
0.636667 9 28 6 1
0.643333 10 22 5 1
0.65 5 22 3 0
0.656667 8 19 5 0
0.663333 346 1145 149 20
0.67 0 0 0 0
0.676667 0 0 0 0
0.683333 0 0 0 0
0.69 0 0 0 0
0.696667 0 0 0 0
0.703333 0 0 0 0
0.71 0 0 0 0
0.716667 0 0 0 0
0.723333 0 0 0 0
0.73 0 0 0 0
0.736667 0 0 0 0
0.743333 0 0 0 0
0.75 0 0 0 0
0.756667 0 0 0 0
0.763333 0 0 0 0
0.77 0 0 0 0
0.776667 0 0 0 0
0.783333 0 0 0 0
0.79 0 0 0 0
0.796667 0 0 0 0
0.803333 0 0 0 0
0.81 0 0 0 0
0.816667 0 0 0 0
0.823333 0 0 0 0
0.83 0 0 0 0
0.836667 0 0 0 0
0.843333 0 0 0 0
0.85 0 0 0 0
0.856667 0 0 0 0
0.863333 0 0 0 0
0.87 0 0 0 0
0.876667 0 0 0 0
0.883333 0 0 0 0
0.89 0 0 0 0
0.896667 0 0 0 0
0.903333 0 0 0 0
0.91 0 0 0 0
0.916667 0 0 0 0
0.923333 0 0 0 0
0.93 0 0 0 0
0.936667 0 0 0 0
0.943333 0 0 0 0
0.95 0 0 0 0
0.956667 0 0 0 0
0.963333 0 0 0 0
0.97 0 0 0 0
0.976667 0 0 0 0
0.983333 0 0 0 0
0.99 0 0 0 0
0.996667 0 0 0 0
1.00333 0 0 0 0
1.01 0 0 0 0
1.01667 0 0 0 0
1.02333 0 0 0 0
1.03 0 0 0 0
1.03667 0 0 0 0
1.04333 0 0 0 0
1.05 0 0 0 0
1.05667 0 0 0 0
1.06333 0 0 0 0
1.07 0 0 0 0
1.07667 0 0 0 0
1.08333 0 0 0 0
1.09 0 0 0 0
1.09667 0 0 0 0
1.10333 0 0 0 0
1.11 0 0 0 0
1.11667 0 0 0 0
1.12333 0 0 0 0
1.13 0 0 0 0
1.13667 0 0 0 0
1.14333 0 0 0 0
1.15 0 0 0 0
1.15667 0 0 0 0
1.16333 0 0 0 0
1.17 0 0 0 0
1.17667 0 0 0 0
1.18333 0 0 0 0
1.19 0 0 0 0
1.19667 0 0 0 0
1.20333 0 0 0 0
1.21 0 0 0 0
1.21667 0 0 0 0
1.22333 0 0 0 0
1.23 0 0 0 0
1.23667 0 0 0 0
1.24333 0 0 0 0
1.25 0 0 0 0
1.25667 0 0 0 0
1.26333 0 0 0 0
1.27 0 0 0 0
1.27667 0 0 0 0
1.28333 0 0 0 0
1.29 0 0 0 0
1.29667 0 0 0 0
1.30333 0 0 0 0
1.31 0 0 0 0
1.31667 0 0 0 0
1.32333 0 0 0 0
1.33 0 0 0 0
1.33667 0 0 0 0
1.34333 0 0 0 0
1.35 0 0 0 0
1.35667 0 0 0 0
1.36333 0 0 0 0
1.37 0 0 0 0
1.37667 0 0 0 0
1.38333 0 0 0 0
1.39 0 0 0 0
1.39667 0 0 0 0
1.40333 0 0 0 0
1.41 0 0 0 0
1.41667 0 0 0 0
1.42333 0 0 0 0
1.43 0 0 0 0
1.43667 0 0 0 0
1.44333 0 0 0 0
1.45 0 0 0 0
1.45667 0 0 0 0
1.46333 0 0 0 0
1.47 0 0 0 0
1.47667 0 0 0 0
1.48333 0 0 0 0
1.49 0 0 0 0
1.49667 0 0 0 0
1.50333 0 0 0 0
1.51 0 0 0 0
1.51667 0 0 0 0
1.52333 0 0 0 0
1.53 0 0 0 0
1.53667 0 0 0 0
1.54333 0 0 0 0
1.55 0 0 0 0
1.55667 0 0 0 0
1.56333 0 0 0 0
1.57 0 0 0 0
1.57667 0 0 0 0
1.58333 0 0 0 0
1.59 0 0 0 0
1.59667 0 0 0 0
1.60333 0 0 0 0
1.61 0 0 0 0
1.61667 0 0 0 0
1.62333 0 0 0 0
1.63 0 0 0 0
1.63667 0 0 0 0
1.64333 0 0 0 0
1.65 0 0 0 0
1.65667 0 0 0 0
1.66333 0 0 0 0
1.67 0 0 0 0
1.67667 0 0 0 0
1.68333 0 0 0 0
1.69 0 0 0 0
1.69667 0 0 0 0
1.70333 0 0 0 0
1.71 0 0 0 0
1.71667 0 0 0 0
1.72333 0 0 0 0
1.73 0 0 0 0
1.73667 0 0 0 0
1.74333 0 0 0 0
1.75 0 0 0 0
1.75667 0 0 0 0
1.76333 0 0 0 0
1.77 0 0 0 0
1.77667 0 0 0 0
1.78333 0 0 0 0
1.79 0 0 0 0
1.79667 0 0 0 0
1.80333 0 0 0 0
1.81 0 0 0 0
1.81667 0 0 0 0
1.82333 0 0 0 0
1.83 0 0 0 0
1.83667 0 0 0 0
1.84333 0 0 0 0
1.85 0 0 0 0
1.85667 0 0 0 0
1.86333 0 0 0 0
1.87 0 0 0 0
1.87667 0 0 0 0
1.88333 0 0 0 0
1.89 0 0 0 0
1.89667 0 0 0 0
1.90333 0 0 0 0
1.91 0 0 0 0
1.91667 0 0 0 0
1.92333 0 0 0 0
1.93 0 0 0 0
1.93667 0 0 0 0
1.94333 0 0 0 0
1.95 0 0 0 0
1.95667 0 0 0 0
1.96333 0 0 0 0
1.97 0 0 0 0
1.97667 0 0 0 0
1.98333 0 0 0 0
1.99 0 0 0 0
1.99667 0 0 0 0
