0.00333333 2 6 9 5
0.01 7 15 12 9
0.0166667 10 8 11 2
0.0233333 5 8 4 2
0.03 6 14 20 3
0.0366667 6 10 18 2
0.0433333 6 15 19 6
0.05 3 17 20 9
0.0566667 8 16 18 5
0.0633333 11 15 21 16
0.07 9 16 21 14
0.0766667 10 15 30 13
0.0833333 12 19 24 14
0.09 7 26 18 6
0.0966667 4 20 26 14
0.103333 9 26 19 11
0.11 10 32 29 8
0.116667 12 25 33 8
0.123333 9 22 20 13
0.13 8 19 32 8
0.136667 9 21 20 8
0.143333 6 17 22 7
0.15 10 16 27 8
0.156667 8 17 17 6
0.163333 7 17 19 6
0.17 10 10 15 10
0.176667 2 17 19 9
0.183333 4 17 22 8
0.19 6 14 18 7
0.196667 7 20 17 11
0.203333 16 11 12 7
0.21 9 16 18 10
0.216667 6 15 14 9
0.223333 8 15 22 9
0.23 9 13 13 7
0.236667 9 17 14 6
0.243333 7 12 14 1
0.25 9 18 25 14
0.256667 6 17 11 6
0.263333 5 8 16 4
0.27 6 21 15 8
0.276667 8 19 20 6
0.283333 6 8 16 10
0.29 9 7 11 3
0.296667 4 20 15 5
0.303333 4 13 13 9
0.31 5 17 14 8
0.316667 2 13 14 14
0.323333 2 8 12 3
0.33 4 11 12 10
0.336667 5 12 13 6
0.343333 3 7 17 7
0.35 8 16 16 11
0.356667 4 11 11 9
0.363333 4 17 9 3
0.37 2 8 12 5
0.376667 3 16 17 10
0.383333 3 11 14 5
0.39 2 12 17 4
0.396667 4 8 14 6
0.403333 8 12 13 6
0.41 1 12 5 8
0.416667 5 14 11 5
0.423333 3 13 9 6
0.43 6 13 15 7
0.436667 9 14 17 6
0.443333 6 12 10 1
0.45 8 8 10 5
0.456667 3 11 12 6
0.463333 5 13 15 5
0.47 4 11 13 0
0.476667 7 13 7 5
0.483333 2 7 6 4
0.49 4 13 5 2
0.496667 2 4 8 3
0.503333 0 8 7 4
0.51 5 3 7 4
0.516667 3 6 7 3
0.523333 4 13 7 5
0.53 2 6 4 2
0.536667 3 11 10 3
0.543333 0 7 5 5
0.55 2 7 7 1
0.556667 5 6 4 0
0.563333 1 6 8 8
0.57 4 7 8 4
0.576667 1 5 3 2
0.583333 2 12 5 2
0.59 4 4 2 6
0.596667 0 4 5 3
0.603333 1 7 4 1
0.61 4 6 5 2
0.616667 4 5 8 6
0.623333 1 6 9 3
0.63 2 5 8 6
0.636667 2 4 6 1
0.643333 2 10 9 2
0.65 6 5 7 6
0.656667 1 8 2 3
0.663333 182 382 433 232
0.67 0 0 0 0
0.676667 0 0 0 0
0.683333 0 0 0 0
0.69 0 0 0 0
0.696667 0 0 0 0
0.703333 0 0 0 0
0.71 0 0 0 0
0.716667 0 0 0 0
0.723333 0 0 0 0
0.73 0 0 0 0
0.736667 0 0 0 0
0.743333 0 0 0 0
0.75 0 0 0 0
0.756667 0 0 0 0
0.763333 0 0 0 0
0.77 0 0 0 0
0.776667 0 0 0 0
0.783333 0 0 0 0
0.79 0 0 0 0
0.796667 0 0 0 0
0.803333 0 0 0 0
0.81 0 0 0 0
0.816667 0 0 0 0
0.823333 0 0 0 0
0.83 0 0 0 0
0.836667 0 0 0 0
0.843333 0 0 0 0
0.85 0 0 0 0
0.856667 0 0 0 0
0.863333 0 0 0 0
0.87 0 0 0 0
0.876667 0 0 0 0
0.883333 0 0 0 0
0.89 0 0 0 0
0.896667 0 0 0 0
0.903333 0 0 0 0
0.91 0 0 0 0
0.916667 0 0 0 0
0.923333 0 0 0 0
0.93 0 0 0 0
0.936667 0 0 0 0
0.943333 0 0 0 0
0.95 0 0 0 0
0.956667 0 0 0 0
0.963333 0 0 0 0
0.97 0 0 0 0
0.976667 0 0 0 0
0.983333 0 0 0 0
0.99 0 0 0 0
0.996667 0 0 0 0
1.00333 0 0 0 0
1.01 0 0 0 0
1.01667 0 0 0 0
1.02333 0 0 0 0
1.03 0 0 0 0
1.03667 0 0 0 0
1.04333 0 0 0 0
1.05 0 0 0 0
1.05667 0 0 0 0
1.06333 0 0 0 0
1.07 0 0 0 0
1.07667 0 0 0 0
1.08333 0 0 0 0
1.09 0 0 0 0
1.09667 0 0 0 0
1.10333 0 0 0 0
1.11 0 0 0 0
1.11667 0 0 0 0
1.12333 0 0 0 0
1.13 0 0 0 0
1.13667 0 0 0 0
1.14333 0 0 0 0
1.15 0 0 0 0
1.15667 0 0 0 0
1.16333 0 0 0 0
1.17 0 0 0 0
1.17667 0 0 0 0
1.18333 0 0 0 0
1.19 0 0 0 0
1.19667 0 0 0 0
1.20333 0 0 0 0
1.21 0 0 0 0
1.21667 0 0 0 0
1.22333 0 0 0 0
1.23 0 0 0 0
1.23667 0 0 0 0
1.24333 0 0 0 0
1.25 0 0 0 0
1.25667 0 0 0 0
1.26333 0 0 0 0
1.27 0 0 0 0
1.27667 0 0 0 0
1.28333 0 0 0 0
1.29 0 0 0 0
1.29667 0 0 0 0
1.30333 0 0 0 0
1.31 0 0 0 0
1.31667 0 0 0 0
1.32333 0 0 0 0
1.33 0 0 0 0
1.33667 0 0 0 0
1.34333 0 0 0 0
1.35 0 0 0 0
1.35667 0 0 0 0
1.36333 0 0 0 0
1.37 0 0 0 0
1.37667 0 0 0 0
1.38333 0 0 0 0
1.39 0 0 0 0
1.39667 0 0 0 0
1.40333 0 0 0 0
1.41 0 0 0 0
1.41667 0 0 0 0
1.42333 0 0 0 0
1.43 0 0 0 0
1.43667 0 0 0 0
1.44333 0 0 0 0
1.45 0 0 0 0
1.45667 0 0 0 0
1.46333 0 0 0 0
1.47 0 0 0 0
1.47667 0 0 0 0
1.48333 0 0 0 0
1.49 0 0 0 0
1.49667 0 0 0 0
1.50333 0 0 0 0
1.51 0 0 0 0
1.51667 0 0 0 0
1.52333 0 0 0 0
1.53 0 0 0 0
1.53667 0 0 0 0
1.54333 0 0 0 0
1.55 0 0 0 0
1.55667 0 0 0 0
1.56333 0 0 0 0
1.57 0 0 0 0
1.57667 0 0 0 0
1.58333 0 0 0 0
1.59 0 0 0 0
1.59667 0 0 0 0
1.60333 0 0 0 0
1.61 0 0 0 0
1.61667 0 0 0 0
1.62333 0 0 0 0
1.63 0 0 0 0
1.63667 0 0 0 0
1.64333 0 0 0 0
1.65 0 0 0 0
1.65667 0 0 0 0
1.66333 0 0 0 0
1.67 0 0 0 0
1.67667 0 0 0 0
1.68333 0 0 0 0
1.69 0 0 0 0
1.69667 0 0 0 0
1.70333 0 0 0 0
1.71 0 0 0 0
1.71667 0 0 0 0
1.72333 0 0 0 0
1.73 0 0 0 0
1.73667 0 0 0 0
1.74333 0 0 0 0
1.75 0 0 0 0
1.75667 0 0 0 0
1.76333 0 0 0 0
1.77 0 0 0 0
1.77667 0 0 0 0
1.78333 0 0 0 0
1.79 0 0 0 0
1.79667 0 0 0 0
1.80333 0 0 0 0
1.81 0 0 0 0
1.81667 0 0 0 0
1.82333 0 0 0 0
1.83 0 0 0 0
1.83667 0 0 0 0
1.84333 0 0 0 0
1.85 0 0 0 0
1.85667 0 0 0 0
1.86333 0 0 0 0
1.87 0 0 0 0
1.87667 0 0 0 0
1.88333 0 0 0 0
1.89 0 0 0 0
1.89667 0 0 0 0
1.90333 0 0 0 0
1.91 0 0 0 0
1.91667 0 0 0 0
1.92333 0 0 0 0
1.93 0 0 0 0
1.93667 0 0 0 0
1.94333 0 0 0 0
1.95 0 0 0 0
1.95667 0 0 0 0
1.96333 0 0 0 0
1.97 0 0 0 0
1.97667 0 0 0 0
1.98333 0 0 0 0
1.99 0 0 0 0
1.99667 0 0 0 0
