0.00333333 0 1 29 64
0.01 0 2 40 58
0.0166667 1 3 50 70
0.0233333 1 4 49 74
0.03 0 1 52 84
0.0366667 1 3 64 103
0.0433333 0 8 92 138
0.05 1 7 131 200
0.0566667 1 14 134 202
0.0633333 0 10 181 202
0.07 2 9 147 249
0.0766667 1 9 117 244
0.0833333 1 9 171 228
0.09 1 5 170 242
0.0966667 0 9 169 238
0.103333 1 8 166 236
0.11 0 10 160 258
0.116667 5 4 148 252
0.123333 4 8 146 254
0.13 0 10 136 222
0.136667 1 10 136 219
0.143333 1 8 142 178
0.15 1 7 115 201
0.156667 2 9 107 207
0.163333 1 6 107 199
0.17 1 10 129 193
0.176667 2 6 120 169
0.183333 1 8 111 193
0.19 1 10 128 202
0.196667 2 13 126 184
0.203333 0 4 86 177
0.21 1 11 102 167
0.216667 0 5 94 161
0.223333 0 11 105 166
0.23 2 4 85 138
0.236667 0 5 90 133
0.243333 1 6 80 148
0.25 1 10 75 132
0.256667 0 7 75 111
0.263333 0 5 69 121
0.27 1 1 63 114
0.276667 0 3 87 110
0.283333 1 2 60 115
0.29 1 3 59 117
0.296667 0 2 66 96
0.303333 0 4 73 108
0.31 0 3 64 106
0.316667 0 5 53 93
0.323333 1 9 51 90
0.33 1 3 72 90
0.336667 0 6 63 98
0.343333 2 3 55 87
0.35 0 6 45 83
0.356667 0 5 50 86
0.363333 0 3 51 70
0.37 1 5 52 66
0.376667 0 5 48 74
0.383333 0 3 48 76
0.39 2 2 44 80
0.396667 0 6 50 75
0.403333 0 6 38 59
0.41 2 2 37 63
0.416667 0 3 40 70
0.423333 0 7 36 52
0.43 0 3 43 55
0.436667 0 3 34 67
0.443333 1 4 44 62
0.45 0 4 38 80
0.456667 1 3 33 72
0.463333 0 3 37 69
0.47 0 2 31 64
0.476667 0 1 37 50
0.483333 0 1 26 42
0.49 0 5 30 44
0.496667 1 0 22 48
0.503333 0 2 29 28
0.51 0 2 32 44
0.516667 0 4 33 31
0.523333 0 1 29 33
0.53 0 1 30 31
0.536667 0 2 18 38
0.543333 2 4 22 40
0.55 0 1 29 37
0.556667 0 3 20 33
0.563333 0 2 14 31
0.57 0 1 16 40
0.576667 1 5 24 33
0.583333 1 2 23 34
0.59 0 3 13 34
0.596667 0 2 28 30
0.603333 0 1 12 34
0.61 1 0 25 28
0.616667 1 1 13 36
0.623333 0 4 30 33
0.63 0 0 22 34
0.636667 0 1 20 30
0.643333 1 1 19 32
0.65 1 3 22 35
0.656667 0 3 17 27
0.663333 10 41 990 1916
0.67 0 0 0 0
0.676667 0 0 0 0
0.683333 0 0 0 0
0.69 0 0 0 0
0.696667 0 0 0 0
0.703333 0 0 0 0
0.71 0 0 0 0
0.716667 0 0 0 0
0.723333 0 0 0 0
0.73 0 0 0 0
0.736667 0 0 0 0
0.743333 0 0 0 0
0.75 0 0 0 0
0.756667 0 0 0 0
0.763333 0 0 0 0
0.77 0 0 0 0
0.776667 0 0 0 0
0.783333 0 0 0 0
0.79 0 0 0 0
0.796667 0 0 0 0
0.803333 0 0 0 0
0.81 0 0 0 0
0.816667 0 0 0 0
0.823333 0 0 0 0
0.83 0 0 0 0
0.836667 0 0 0 0
0.843333 0 0 0 0
0.85 0 0 0 0
0.856667 0 0 0 0
0.863333 0 0 0 0
0.87 0 0 0 0
0.876667 0 0 0 0
0.883333 0 0 0 0
0.89 0 0 0 0
0.896667 0 0 0 0
0.903333 0 0 0 0
0.91 0 0 0 0
0.916667 0 0 0 0
0.923333 0 0 0 0
0.93 0 0 0 0
0.936667 0 0 0 0
0.943333 0 0 0 0
0.95 0 0 0 0
0.956667 0 0 0 0
0.963333 0 0 0 0
0.97 0 0 0 0
0.976667 0 0 0 0
0.983333 0 0 0 0
0.99 0 0 0 0
0.996667 0 0 0 0
1.00333 0 0 0 0
1.01 0 0 0 0
1.01667 0 0 0 0
1.02333 0 0 0 0
1.03 0 0 0 0
1.03667 0 0 0 0
1.04333 0 0 0 0
1.05 0 0 0 0
1.05667 0 0 0 0
1.06333 0 0 0 0
1.07 0 0 0 0
1.07667 0 0 0 0
1.08333 0 0 0 0
1.09 0 0 0 0
1.09667 0 0 0 0
1.10333 0 0 0 0
1.11 0 0 0 0
1.11667 0 0 0 0
1.12333 0 0 0 0
1.13 0 0 0 0
1.13667 0 0 0 0
1.14333 0 0 0 0
1.15 0 0 0 0
1.15667 0 0 0 0
1.16333 0 0 0 0
1.17 0 0 0 0
1.17667 0 0 0 0
1.18333 0 0 0 0
1.19 0 0 0 0
1.19667 0 0 0 0
1.20333 0 0 0 0
1.21 0 0 0 0
1.21667 0 0 0 0
1.22333 0 0 0 0
1.23 0 0 0 0
1.23667 0 0 0 0
1.24333 0 0 0 0
1.25 0 0 0 0
1.25667 0 0 0 0
1.26333 0 0 0 0
1.27 0 0 0 0
1.27667 0 0 0 0
1.28333 0 0 0 0
1.29 0 0 0 0
1.29667 0 0 0 0
1.30333 0 0 0 0
1.31 0 0 0 0
1.31667 0 0 0 0
1.32333 0 0 0 0
1.33 0 0 0 0
1.33667 0 0 0 0
1.34333 0 0 0 0
1.35 0 0 0 0
1.35667 0 0 0 0
1.36333 0 0 0 0
1.37 0 0 0 0
1.37667 0 0 0 0
1.38333 0 0 0 0
1.39 0 0 0 0
1.39667 0 0 0 0
1.40333 0 0 0 0
1.41 0 0 0 0
1.41667 0 0 0 0
1.42333 0 0 0 0
1.43 0 0 0 0
1.43667 0 0 0 0
1.44333 0 0 0 0
1.45 0 0 0 0
1.45667 0 0 0 0
1.46333 0 0 0 0
1.47 0 0 0 0
1.47667 0 0 0 0
1.48333 0 0 0 0
1.49 0 0 0 0
1.49667 0 0 0 0
1.50333 0 0 0 0
1.51 0 0 0 0
1.51667 0 0 0 0
1.52333 0 0 0 0
1.53 0 0 0 0
1.53667 0 0 0 0
1.54333 0 0 0 0
1.55 0 0 0 0
1.55667 0 0 0 0
1.56333 0 0 0 0
1.57 0 0 0 0
1.57667 0 0 0 0
1.58333 0 0 0 0
1.59 0 0 0 0
1.59667 0 0 0 0
1.60333 0 0 0 0
1.61 0 0 0 0
1.61667 0 0 0 0
1.62333 0 0 0 0
1.63 0 0 0 0
1.63667 0 0 0 0
1.64333 0 0 0 0
1.65 0 0 0 0
1.65667 0 0 0 0
1.66333 0 0 0 0
1.67 0 0 0 0
1.67667 0 0 0 0
1.68333 0 0 0 0
1.69 0 0 0 0
1.69667 0 0 0 0
1.70333 0 0 0 0
1.71 0 0 0 0
1.71667 0 0 0 0
1.72333 0 0 0 0
1.73 0 0 0 0
1.73667 0 0 0 0
1.74333 0 0 0 0
1.75 0 0 0 0
1.75667 0 0 0 0
1.76333 0 0 0 0
1.77 0 0 0 0
1.77667 0 0 0 0
1.78333 0 0 0 0
1.79 0 0 0 0
1.79667 0 0 0 0
1.80333 0 0 0 0
1.81 0 0 0 0
1.81667 0 0 0 0
1.82333 0 0 0 0
1.83 0 0 0 0
1.83667 0 0 0 0
1.84333 0 0 0 0
1.85 0 0 0 0
1.85667 0 0 0 0
1.86333 0 0 0 0
1.87 0 0 0 0
1.87667 0 0 0 0
1.88333 0 0 0 0
1.89 0 0 0 0
1.89667 0 0 0 0
1.90333 0 0 0 0
1.91 0 0 0 0
1.91667 0 0 0 0
1.92333 0 0 0 0
1.93 0 0 0 0
1.93667 0 0 0 0
1.94333 0 0 0 0
1.95 0 0 0 0
1.95667 0 0 0 0
1.96333 0 0 0 0
1.97 0 0 0 0
1.97667 0 0 0 0
1.98333 0 0 0 0
1.99 0 0 0 0
1.99667 0 0 0 0
