0.00333333 22 50 6 0
0.01 42 50 5 0
0.0166667 35 57 6 0
0.0233333 31 63 2 1
0.03 48 57 4 4
0.0366667 57 76 9 0
0.0433333 75 103 6 1
0.05 108 157 15 6
0.0566667 122 148 18 4
0.0633333 132 188 26 7
0.07 151 220 18 1
0.0766667 138 195 16 3
0.0833333 181 227 15 1
0.09 143 232 18 5
0.0966667 145 196 15 2
0.103333 135 196 17 6
0.11 143 202 16 3
0.116667 135 187 16 2
0.123333 124 211 11 2
0.13 112 176 9 5
0.136667 129 164 11 2
0.143333 129 160 9 3
0.15 99 160 13 2
0.156667 90 173 11 1
0.163333 104 144 7 4
0.17 93 139 14 2
0.176667 93 129 12 4
0.183333 90 139 16 4
0.19 88 135 12 1
0.196667 94 132 10 0
0.203333 78 109 7 1
0.21 74 116 12 2
0.216667 74 121 10 0
0.223333 67 134 12 1
0.23 75 110 5 0
0.236667 82 92 10 1
0.243333 78 94 10 3
0.25 66 108 5 1
0.256667 63 74 11 2
0.263333 47 94 11 2
0.27 63 87 12 0
0.276667 62 84 4 1
0.283333 50 82 8 3
0.29 47 78 4 1
0.296667 58 63 14 1
0.303333 74 90 8 2
0.31 52 85 5 1
0.316667 42 53 6 2
0.323333 41 65 8 0
0.33 51 80 3 1
0.336667 53 72 5 1
0.343333 49 67 7 1
0.35 51 72 4 2
0.356667 43 59 3 1
0.363333 49 62 7 0
0.37 36 55 7 2
0.376667 37 52 9 1
0.383333 37 63 8 0
0.39 46 49 5 0
0.396667 41 64 6 2
0.403333 34 51 6 0
0.41 41 36 7 0
0.416667 36 50 6 1
0.423333 31 46 4 1
0.43 33 43 5 0
0.436667 26 31 8 0
0.443333 39 61 2 0
0.45 41 55 2 0
0.456667 37 50 8 1
0.463333 37 54 2 2
0.47 29 45 3 1
0.476667 28 50 0 1
0.483333 21 29 4 0
0.49 26 32 5 0
0.496667 26 33 1 1
0.503333 27 22 4 0
0.51 21 34 4 0
0.516667 32 26 2 1
0.523333 20 25 2 0
0.53 26 27 2 1
0.536667 19 29 3 2
0.543333 23 26 7 1
0.55 20 29 1 1
0.556667 14 18 5 0
0.563333 25 29 4 1
0.57 21 34 5 0
0.576667 17 23 4 0
0.583333 15 26 7 0
0.59 11 28 3 1
0.596667 20 17 4 2
0.603333 10 27 2 1
0.61 18 18 4 1
0.616667 15 27 2 0
0.623333 21 22 4 2
0.63 14 22 2 3
0.636667 20 25 4 3
0.643333 20 23 4 1
0.65 19 26 1 3
0.656667 15 16 0 1
0.663333 698 1226 54 12
0.67 0 0 0 0
0.676667 0 0 0 0
0.683333 0 0 0 0
0.69 0 0 0 0
0.696667 0 0 0 0
0.703333 0 0 0 0
0.71 0 0 0 0
0.716667 0 0 0 0
0.723333 0 0 0 0
0.73 0 0 0 0
0.736667 0 0 0 0
0.743333 0 0 0 0
0.75 0 0 0 0
0.756667 0 0 0 0
0.763333 0 0 0 0
0.77 0 0 0 0
0.776667 0 0 0 0
0.783333 0 0 0 0
0.79 0 0 0 0
0.796667 0 0 0 0
0.803333 0 0 0 0
0.81 0 0 0 0
0.816667 0 0 0 0
0.823333 0 0 0 0
0.83 0 0 0 0
0.836667 0 0 0 0
0.843333 0 0 0 0
0.85 0 0 0 0
0.856667 0 0 0 0
0.863333 0 0 0 0
0.87 0 0 0 0
0.876667 0 0 0 0
0.883333 0 0 0 0
0.89 0 0 0 0
0.896667 0 0 0 0
0.903333 0 0 0 0
0.91 0 0 0 0
0.916667 0 0 0 0
0.923333 0 0 0 0
0.93 0 0 0 0
0.936667 0 0 0 0
0.943333 0 0 0 0
0.95 0 0 0 0
0.956667 0 0 0 0
0.963333 0 0 0 0
0.97 0 0 0 0
0.976667 0 0 0 0
0.983333 0 0 0 0
0.99 0 0 0 0
0.996667 0 0 0 0
1.00333 0 0 0 0
1.01 0 0 0 0
1.01667 0 0 0 0
1.02333 0 0 0 0
1.03 0 0 0 0
1.03667 0 0 0 0
1.04333 0 0 0 0
1.05 0 0 0 0
1.05667 0 0 0 0
1.06333 0 0 0 0
1.07 0 0 0 0
1.07667 0 0 0 0
1.08333 0 0 0 0
1.09 0 0 0 0
1.09667 0 0 0 0
1.10333 0 0 0 0
1.11 0 0 0 0
1.11667 0 0 0 0
1.12333 0 0 0 0
1.13 0 0 0 0
1.13667 0 0 0 0
1.14333 0 0 0 0
1.15 0 0 0 0
1.15667 0 0 0 0
1.16333 0 0 0 0
1.17 0 0 0 0
1.17667 0 0 0 0
1.18333 0 0 0 0
1.19 0 0 0 0
1.19667 0 0 0 0
1.20333 0 0 0 0
1.21 0 0 0 0
1.21667 0 0 0 0
1.22333 0 0 0 0
1.23 0 0 0 0
1.23667 0 0 0 0
1.24333 0 0 0 0
1.25 0 0 0 0
1.25667 0 0 0 0
1.26333 0 0 0 0
1.27 0 0 0 0
1.27667 0 0 0 0
1.28333 0 0 0 0
1.29 0 0 0 0
1.29667 0 0 0 0
1.30333 0 0 0 0
1.31 0 0 0 0
1.31667 0 0 0 0
1.32333 0 0 0 0
1.33 0 0 0 0
1.33667 0 0 0 0
1.34333 0 0 0 0
1.35 0 0 0 0
1.35667 0 0 0 0
1.36333 0 0 0 0
1.37 0 0 0 0
1.37667 0 0 0 0
1.38333 0 0 0 0
1.39 0 0 0 0
1.39667 0 0 0 0
1.40333 0 0 0 0
1.41 0 0 0 0
1.41667 0 0 0 0
1.42333 0 0 0 0
1.43 0 0 0 0
1.43667 0 0 0 0
1.44333 0 0 0 0
1.45 0 0 0 0
1.45667 0 0 0 0
1.46333 0 0 0 0
1.47 0 0 0 0
1.47667 0 0 0 0
1.48333 0 0 0 0
1.49 0 0 0 0
1.49667 0 0 0 0
1.50333 0 0 0 0
1.51 0 0 0 0
1.51667 0 0 0 0
1.52333 0 0 0 0
1.53 0 0 0 0
1.53667 0 0 0 0
1.54333 0 0 0 0
1.55 0 0 0 0
1.55667 0 0 0 0
1.56333 0 0 0 0
1.57 0 0 0 0
1.57667 0 0 0 0
1.58333 0 0 0 0
1.59 0 0 0 0
1.59667 0 0 0 0
1.60333 0 0 0 0
1.61 0 0 0 0
1.61667 0 0 0 0
1.62333 0 0 0 0
1.63 0 0 0 0
1.63667 0 0 0 0
1.64333 0 0 0 0
1.65 0 0 0 0
1.65667 0 0 0 0
1.66333 0 0 0 0
1.67 0 0 0 0
1.67667 0 0 0 0
1.68333 0 0 0 0
1.69 0 0 0 0
1.69667 0 0 0 0
1.70333 0 0 0 0
1.71 0 0 0 0
1.71667 0 0 0 0
1.72333 0 0 0 0
1.73 0 0 0 0
1.73667 0 0 0 0
1.74333 0 0 0 0
1.75 0 0 0 0
1.75667 0 0 0 0
1.76333 0 0 0 0
1.77 0 0 0 0
1.77667 0 0 0 0
1.78333 0 0 0 0
1.79 0 0 0 0
1.79667 0 0 0 0
1.80333 0 0 0 0
1.81 0 0 0 0
1.81667 0 0 0 0
1.82333 0 0 0 0
1.83 0 0 0 0
1.83667 0 0 0 0
1.84333 0 0 0 0
1.85 0 0 0 0
1.85667 0 0 0 0
1.86333 0 0 0 0
1.87 0 0 0 0
1.87667 0 0 0 0
1.88333 0 0 0 0
1.89 0 0 0 0
1.89667 0 0 0 0
1.90333 0 0 0 0
1.91 0 0 0 0
1.91667 0 0 0 0
1.92333 0 0 0 0
1.93 0 0 0 0
1.93667 0 0 0 0
1.94333 0 0 0 0
1.95 0 0 0 0
1.95667 0 0 0 0
1.96333 0 0 0 0
1.97 0 0 0 0
1.97667 0 0 0 0
1.98333 0 0 0 0
1.99 0 0 0 0
1.99667 0 0 0 0
