0.00333333 1 18 6 3
0.01 3 12 11 2
0.0166667 1 12 13 3
0.0233333 1 8 8 5
0.03 3 8 12 9
0.0366667 7 12 13 8
0.0433333 8 22 15 8
0.05 6 23 27 6
0.0566667 3 16 25 10
0.0633333 7 22 24 12
0.07 5 18 32 12
0.0766667 3 20 28 11
0.0833333 2 25 34 14
0.09 4 17 27 5
0.0966667 7 18 35 14
0.103333 6 15 35 10
0.11 8 25 32 6
0.116667 8 22 37 10
0.123333 7 14 34 14
0.13 6 14 25 15
0.136667 3 21 26 8
0.143333 2 18 32 8
0.15 7 16 28 7
0.156667 8 17 25 10
0.163333 6 16 19 12
0.17 7 22 14 7
0.176667 6 12 15 5
0.183333 3 18 27 5
0.19 5 15 19 8
0.196667 3 11 14 9
0.203333 6 13 16 9
0.21 5 16 21 10
0.216667 2 14 15 8
0.223333 3 21 17 7
0.23 8 15 14 5
0.236667 5 15 12 9
0.243333 7 10 16 5
0.25 7 12 16 7
0.256667 7 10 16 8
0.263333 6 9 18 5
0.27 2 12 14 7
0.276667 2 13 12 8
0.283333 4 20 17 8
0.29 3 7 13 6
0.296667 4 7 12 5
0.303333 6 10 15 5
0.31 3 12 23 6
0.316667 4 8 9 11
0.323333 5 19 10 10
0.33 6 11 20 7
0.336667 7 16 23 9
0.343333 6 8 11 11
0.35 6 16 19 4
0.356667 3 9 6 4
0.363333 4 11 7 4
0.37 3 9 13 8
0.376667 2 10 16 9
0.383333 2 12 17 4
0.39 6 11 19 4
0.396667 2 9 9 5
0.403333 2 11 15 8
0.41 6 11 13 2
0.416667 2 4 14 3
0.423333 3 6 9 4
0.43 6 5 14 12
0.436667 3 12 12 6
0.443333 4 8 8 5
0.45 4 7 5 4
0.456667 2 10 9 6
0.463333 1 12 15 3
0.47 5 12 10 3
0.476667 2 15 13 3
0.483333 2 5 8 2
0.49 2 9 9 4
0.496667 5 7 6 2
0.503333 2 8 9 7
0.51 1 10 5 5
0.516667 2 7 2 2
0.523333 0 6 5 4
0.53 2 4 6 2
0.536667 5 6 9 4
0.543333 0 4 7 5
0.55 5 4 8 4
0.556667 0 3 13 6
0.563333 1 5 15 2
0.57 5 6 7 3
0.576667 1 2 9 3
0.583333 3 6 6 0
0.59 4 3 6 7
0.596667 1 7 8 3
0.603333 0 8 5 5
0.61 1 6 8 1
0.616667 3 3 12 4
0.623333 2 6 9 2
0.63 4 8 9 3
0.636667 1 8 13 3
0.643333 3 5 8 5
0.65 1 5 11 6
0.656667 3 8 7 1
0.663333 81 254 330 128
0.67 0 0 0 0
0.676667 0 0 0 0
0.683333 0 0 0 0
0.69 0 0 0 0
0.696667 0 0 0 0
0.703333 0 0 0 0
0.71 0 0 0 0
0.716667 0 0 0 0
0.723333 0 0 0 0
0.73 0 0 0 0
0.736667 0 0 0 0
0.743333 0 0 0 0
0.75 0 0 0 0
0.756667 0 0 0 0
0.763333 0 0 0 0
0.77 0 0 0 0
0.776667 0 0 0 0
0.783333 0 0 0 0
0.79 0 0 0 0
0.796667 0 0 0 0
0.803333 0 0 0 0
0.81 0 0 0 0
0.816667 0 0 0 0
0.823333 0 0 0 0
0.83 0 0 0 0
0.836667 0 0 0 0
0.843333 0 0 0 0
0.85 0 0 0 0
0.856667 0 0 0 0
0.863333 0 0 0 0
0.87 0 0 0 0
0.876667 0 0 0 0
0.883333 0 0 0 0
0.89 0 0 0 0
0.896667 0 0 0 0
0.903333 0 0 0 0
0.91 0 0 0 0
0.916667 0 0 0 0
0.923333 0 0 0 0
0.93 0 0 0 0
0.936667 0 0 0 0
0.943333 0 0 0 0
0.95 0 0 0 0
0.956667 0 0 0 0
0.963333 0 0 0 0
0.97 0 0 0 0
0.976667 0 0 0 0
0.983333 0 0 0 0
0.99 0 0 0 0
0.996667 0 0 0 0
1.00333 0 0 0 0
1.01 0 0 0 0
1.01667 0 0 0 0
1.02333 0 0 0 0
1.03 0 0 0 0
1.03667 0 0 0 0
1.04333 0 0 0 0
1.05 0 0 0 0
1.05667 0 0 0 0
1.06333 0 0 0 0
1.07 0 0 0 0
1.07667 0 0 0 0
1.08333 0 0 0 0
1.09 0 0 0 0
1.09667 0 0 0 0
1.10333 0 0 0 0
1.11 0 0 0 0
1.11667 0 0 0 0
1.12333 0 0 0 0
1.13 0 0 0 0
1.13667 0 0 0 0
1.14333 0 0 0 0
1.15 0 0 0 0
1.15667 0 0 0 0
1.16333 0 0 0 0
1.17 0 0 0 0
1.17667 0 0 0 0
1.18333 0 0 0 0
1.19 0 0 0 0
1.19667 0 0 0 0
1.20333 0 0 0 0
1.21 0 0 0 0
1.21667 0 0 0 0
1.22333 0 0 0 0
1.23 0 0 0 0
1.23667 0 0 0 0
1.24333 0 0 0 0
1.25 0 0 0 0
1.25667 0 0 0 0
1.26333 0 0 0 0
1.27 0 0 0 0
1.27667 0 0 0 0
1.28333 0 0 0 0
1.29 0 0 0 0
1.29667 0 0 0 0
1.30333 0 0 0 0
1.31 0 0 0 0
1.31667 0 0 0 0
1.32333 0 0 0 0
1.33 0 0 0 0
1.33667 0 0 0 0
1.34333 0 0 0 0
1.35 0 0 0 0
1.35667 0 0 0 0
1.36333 0 0 0 0
1.37 0 0 0 0
1.37667 0 0 0 0
1.38333 0 0 0 0
1.39 0 0 0 0
1.39667 0 0 0 0
1.40333 0 0 0 0
1.41 0 0 0 0
1.41667 0 0 0 0
1.42333 0 0 0 0
1.43 0 0 0 0
1.43667 0 0 0 0
1.44333 0 0 0 0
1.45 0 0 0 0
1.45667 0 0 0 0
1.46333 0 0 0 0
1.47 0 0 0 0
1.47667 0 0 0 0
1.48333 0 0 0 0
1.49 0 0 0 0
1.49667 0 0 0 0
1.50333 0 0 0 0
1.51 0 0 0 0
1.51667 0 0 0 0
1.52333 0 0 0 0
1.53 0 0 0 0
1.53667 0 0 0 0
1.54333 0 0 0 0
1.55 0 0 0 0
1.55667 0 0 0 0
1.56333 0 0 0 0
1.57 0 0 0 0
1.57667 0 0 0 0
1.58333 0 0 0 0
1.59 0 0 0 0
1.59667 0 0 0 0
1.60333 0 0 0 0
1.61 0 0 0 0
1.61667 0 0 0 0
1.62333 0 0 0 0
1.63 0 0 0 0
1.63667 0 0 0 0
1.64333 0 0 0 0
1.65 0 0 0 0
1.65667 0 0 0 0
1.66333 0 0 0 0
1.67 0 0 0 0
1.67667 0 0 0 0
1.68333 0 0 0 0
1.69 0 0 0 0
1.69667 0 0 0 0
1.70333 0 0 0 0
1.71 0 0 0 0
1.71667 0 0 0 0
1.72333 0 0 0 0
1.73 0 0 0 0
1.73667 0 0 0 0
1.74333 0 0 0 0
1.75 0 0 0 0
1.75667 0 0 0 0
1.76333 0 0 0 0
1.77 0 0 0 0
1.77667 0 0 0 0
1.78333 0 0 0 0
1.79 0 0 0 0
1.79667 0 0 0 0
1.80333 0 0 0 0
1.81 0 0 0 0
1.81667 0 0 0 0
1.82333 0 0 0 0
1.83 0 0 0 0
1.83667 0 0 0 0
1.84333 0 0 0 0
1.85 0 0 0 0
1.85667 0 0 0 0
1.86333 0 0 0 0
1.87 0 0 0 0
1.87667 0 0 0 0
1.88333 0 0 0 0
1.89 0 0 0 0
1.89667 0 0 0 0
1.90333 0 0 0 0
1.91 0 0 0 0
1.91667 0 0 0 0
1.92333 0 0 0 0
1.93 0 0 0 0
1.93667 0 0 0 0
1.94333 0 0 0 0
1.95 0 0 0 0
1.95667 0 0 0 0
1.96333 0 0 0 0
1.97 0 0 0 0
1.97667 0 0 0 0
1.98333 0 0 0 0
1.99 0 0 0 0
1.99667 0 0 0 0
