0.00333333 12 63 21 6
0.01 16 83 31 8
0.0166667 21 88 32 4
0.0233333 18 103 34 9
0.03 24 90 31 4
0.0366667 18 97 36 7
0.0433333 30 118 51 8
0.05 34 162 49 12
0.0566667 58 176 75 11
0.0633333 54 213 85 8
0.07 40 216 98 15
0.0766667 56 203 85 10
0.0833333 54 243 105 18
0.09 66 240 87 25
0.0966667 41 255 96 15
0.103333 66 254 94 15
0.11 51 263 80 13
0.116667 49 244 89 12
0.123333 50 257 79 17
0.13 65 236 82 13
0.136667 47 251 77 9
0.143333 60 255 64 11
0.15 50 225 75 20
0.156667 45 221 74 16
0.163333 66 203 81 10
0.17 44 227 70 12
0.176667 43 224 66 12
0.183333 54 202 88 10
0.19 49 255 67 18
0.196667 46 239 71 11
0.203333 52 204 66 14
0.21 42 198 67 14
0.216667 36 198 72 18
0.223333 46 172 61 12
0.23 27 173 58 9
0.236667 39 163 71 6
0.243333 30 154 41 13
0.25 36 155 63 8
0.256667 33 125 48 12
0.263333 35 119 42 11
0.27 26 133 44 13
0.276667 32 169 32 10
0.283333 28 110 43 7
0.29 30 108 42 2
0.296667 26 122 42 9
0.303333 26 113 52 5
0.31 30 130 35 10
0.316667 28 99 26 10
0.323333 28 124 38 13
0.33 23 127 40 7
0.336667 24 88 39 8
0.343333 20 87 40 6
0.35 19 79 41 10
0.356667 31 77 37 7
0.363333 33 105 25 9
0.37 20 77 31 8
0.376667 32 85 25 9
0.383333 25 63 30 11
0.39 23 71 32 8
0.396667 24 94 22 7
0.403333 18 88 23 10
0.41 22 76 25 7
0.416667 21 76 26 10
0.423333 17 80 9 7
0.43 22 83 22 9
0.436667 19 77 22 6
0.443333 16 88 24 7
0.45 17 79 30 4
0.456667 19 90 34 9
0.463333 19 70 23 7
0.47 21 69 21 5
0.476667 22 77 18 7
0.483333 15 42 21 5
0.49 11 47 13 5
0.496667 17 46 17 3
0.503333 19 42 16 6
0.51 11 31 15 4
0.516667 8 38 20 5
0.523333 4 51 17 4
0.53 5 31 12 3
0.536667 8 52 21 4
0.543333 18 37 16 3
0.55 6 36 15 4
0.556667 11 37 14 1
0.563333 13 33 14 3
0.57 5 40 14 4
0.576667 16 28 16 1
0.583333 9 24 16 5
0.59 5 31 15 7
0.596667 10 39 8 2
0.603333 11 23 6 2
0.61 9 31 12 5
0.616667 10 37 12 3
0.623333 12 45 9 3
0.63 13 33 8 2
0.636667 7 42 13 0
0.643333 5 23 8 4
0.65 5 23 12 6
0.656667 6 20 8 7
0.663333 472 2664 798 126
0.67 0 0 0 0
0.676667 0 0 0 0
0.683333 0 0 0 0
0.69 0 0 0 0
0.696667 0 0 0 0
0.703333 0 0 0 0
0.71 0 0 0 0
0.716667 0 0 0 0
0.723333 0 0 0 0
0.73 0 0 0 0
0.736667 0 0 0 0
0.743333 0 0 0 0
0.75 0 0 0 0
0.756667 0 0 0 0
0.763333 0 0 0 0
0.77 0 0 0 0
0.776667 0 0 0 0
0.783333 0 0 0 0
0.79 0 0 0 0
0.796667 0 0 0 0
0.803333 0 0 0 0
0.81 0 0 0 0
0.816667 0 0 0 0
0.823333 0 0 0 0
0.83 0 0 0 0
0.836667 0 0 0 0
0.843333 0 0 0 0
0.85 0 0 0 0
0.856667 0 0 0 0
0.863333 0 0 0 0
0.87 0 0 0 0
0.876667 0 0 0 0
0.883333 0 0 0 0
0.89 0 0 0 0
0.896667 0 0 0 0
0.903333 0 0 0 0
0.91 0 0 0 0
0.916667 0 0 0 0
0.923333 0 0 0 0
0.93 0 0 0 0
0.936667 0 0 0 0
0.943333 0 0 0 0
0.95 0 0 0 0
0.956667 0 0 0 0
0.963333 0 0 0 0
0.97 0 0 0 0
0.976667 0 0 0 0
0.983333 0 0 0 0
0.99 0 0 0 0
0.996667 0 0 0 0
1.00333 0 0 0 0
1.01 0 0 0 0
1.01667 0 0 0 0
1.02333 0 0 0 0
1.03 0 0 0 0
1.03667 0 0 0 0
1.04333 0 0 0 0
1.05 0 0 0 0
1.05667 0 0 0 0
1.06333 0 0 0 0
1.07 0 0 0 0
1.07667 0 0 0 0
1.08333 0 0 0 0
1.09 0 0 0 0
1.09667 0 0 0 0
1.10333 0 0 0 0
1.11 0 0 0 0
1.11667 0 0 0 0
1.12333 0 0 0 0
1.13 0 0 0 0
1.13667 0 0 0 0
1.14333 0 0 0 0
1.15 0 0 0 0
1.15667 0 0 0 0
1.16333 0 0 0 0
1.17 0 0 0 0
1.17667 0 0 0 0
1.18333 0 0 0 0
1.19 0 0 0 0
1.19667 0 0 0 0
1.20333 0 0 0 0
1.21 0 0 0 0
1.21667 0 0 0 0
1.22333 0 0 0 0
1.23 0 0 0 0
1.23667 0 0 0 0
1.24333 0 0 0 0
1.25 0 0 0 0
1.25667 0 0 0 0
1.26333 0 0 0 0
1.27 0 0 0 0
1.27667 0 0 0 0
1.28333 0 0 0 0
1.29 0 0 0 0
1.29667 0 0 0 0
1.30333 0 0 0 0
1.31 0 0 0 0
1.31667 0 0 0 0
1.32333 0 0 0 0
1.33 0 0 0 0
1.33667 0 0 0 0
1.34333 0 0 0 0
1.35 0 0 0 0
1.35667 0 0 0 0
1.36333 0 0 0 0
1.37 0 0 0 0
1.37667 0 0 0 0
1.38333 0 0 0 0
1.39 0 0 0 0
1.39667 0 0 0 0
1.40333 0 0 0 0
1.41 0 0 0 0
1.41667 0 0 0 0
1.42333 0 0 0 0
1.43 0 0 0 0
1.43667 0 0 0 0
1.44333 0 0 0 0
1.45 0 0 0 0
1.45667 0 0 0 0
1.46333 0 0 0 0
1.47 0 0 0 0
1.47667 0 0 0 0
1.48333 0 0 0 0
1.49 0 0 0 0
1.49667 0 0 0 0
1.50333 0 0 0 0
1.51 0 0 0 0
1.51667 0 0 0 0
1.52333 0 0 0 0
1.53 0 0 0 0
1.53667 0 0 0 0
1.54333 0 0 0 0
1.55 0 0 0 0
1.55667 0 0 0 0
1.56333 0 0 0 0
1.57 0 0 0 0
1.57667 0 0 0 0
1.58333 0 0 0 0
1.59 0 0 0 0
1.59667 0 0 0 0
1.60333 0 0 0 0
1.61 0 0 0 0
1.61667 0 0 0 0
1.62333 0 0 0 0
1.63 0 0 0 0
1.63667 0 0 0 0
1.64333 0 0 0 0
1.65 0 0 0 0
1.65667 0 0 0 0
1.66333 0 0 0 0
1.67 0 0 0 0
1.67667 0 0 0 0
1.68333 0 0 0 0
1.69 0 0 0 0
1.69667 0 0 0 0
1.70333 0 0 0 0
1.71 0 0 0 0
1.71667 0 0 0 0
1.72333 0 0 0 0
1.73 0 0 0 0
1.73667 0 0 0 0
1.74333 0 0 0 0
1.75 0 0 0 0
1.75667 0 0 0 0
1.76333 0 0 0 0
1.77 0 0 0 0
1.77667 0 0 0 0
1.78333 0 0 0 0
1.79 0 0 0 0
1.79667 0 0 0 0
1.80333 0 0 0 0
1.81 0 0 0 0
1.81667 0 0 0 0
1.82333 0 0 0 0
1.83 0 0 0 0
1.83667 0 0 0 0
1.84333 0 0 0 0
1.85 0 0 0 0
1.85667 0 0 0 0
1.86333 0 0 0 0
1.87 0 0 0 0
1.87667 0 0 0 0
1.88333 0 0 0 0
1.89 0 0 0 0
1.89667 0 0 0 0
1.90333 0 0 0 0
1.91 0 0 0 0
1.91667 0 0 0 0
1.92333 0 0 0 0
1.93 0 0 0 0
1.93667 0 0 0 0
1.94333 0 0 0 0
1.95 0 0 0 0
1.95667 0 0 0 0
1.96333 0 0 0 0
1.97 0 0 0 0
1.97667 0 0 0 0
1.98333 0 0 0 0
1.99 0 0 0 0
1.99667 0 0 0 0
